Recording started
time,accelX,accelY,accelZ,accelMagnitude,gyroX,gyroY,gyroZ,gyroMagnitude,activity
9,0.91,0.44,0.15,1.02,-1.12,2.52,1.61,3.19,ARM_SWING
68,0.92,0.46,0.14,1.04,-3.22,5.11,2.17,6.42,ARM_SWING
126,0.86,0.51,0.10,1.00,-7.98,2.59,-7.21,11.06,ARM_SWING
185,0.80,0.55,0.12,0.97,-26.60,-5.46,-22.54,35.29,ARM_SWING
244,0.82,0.58,0.20,1.02,-18.90,-3.08,-28.00,33.92,ARM_SWING
303,0.84,0.64,0.19,1.07,-18.41,5.04,-35.56,40.36,ARM_SWING
363,0.86,0.60,0.18,1.06,-15.12,0.84,-39.83,42.61,ARM_SWING
421,0.84,0.62,0.16,1.06,-28.21,2.31,-48.23,55.92,ARM_SWING
480,0.78,0.58,0.12,0.98,-44.66,-4.06,-47.25,65.14,ARM_SWING
539,0.81,0.72,0.19,1.10,-29.96,-6.16,-35.91,47.17,ARM_SWING
599,0.77,0.78,0.21,1.11,-30.10,-0.07,-48.37,56.97,ARM_SWING
658,0.71,0.75,0.26,1.06,-19.95,6.65,-62.51,65.95,ARM_SWING
718,0.74,0.70,0.23,1.04,0.07,19.39,-69.79,72.43,ARM_SWING
777,0.73,0.72,0.25,1.06,-3.15,22.26,-71.40,74.86,ARM_SWING
836,0.61,0.61,0.28,0.91,-2.24,18.27,-62.37,65.03,ARM_SWING
896,0.57,0.52,0.28,0.82,-14.35,6.02,-42.07,44.86,ARM_SWING
954,0.57,0.48,0.30,0.80,-13.16,-4.55,-8.26,16.19,ARM_SWING
1014,0.59,0.47,0.34,0.82,-22.96,-10.78,34.79,43.05,ARM_SWING
1073,0.62,0.49,0.39,0.88,-27.44,-21.21,67.13,75.56,ARM_SWING
1133,0.71,0.52,0.45,0.98,-28.21,-22.61,96.60,103.14,ARM_SWING
1193,0.79,0.57,0.44,1.07,-23.38,-22.82,116.97,121.45,ARM_SWING
1252,0.85,0.58,0.48,1.13,-38.22,-20.93,112.14,120.31,ARM_SWING
1312,0.90,0.55,0.48,1.16,-21.14,-10.50,91.56,94.55,ARM_SWING
1371,0.90,0.56,0.43,1.15,4.97,-5.81,74.27,74.66,ARM_SWING
1430,0.87,0.53,0.39,1.09,25.34,2.66,50.40,56.47,ARM_SWING
1489,0.80,0.49,0.39,1.02,35.98,3.71,31.92,48.24,ARM_SWING
1548,0.76,0.52,0.42,1.01,25.62,2.80,16.52,30.61,ARM_SWING
1607,0.72,0.54,0.43,1.00,15.61,1.05,2.03,15.78,ARM_SWING
1665,0.70,0.56,0.42,0.99,5.95,4.13,-11.48,13.57,ARM_SWING
1724,0.75,0.57,0.44,1.04,-2.59,-1.89,-33.74,33.89,ARM_SWING
1784,0.76,0.54,0.44,1.03,4.62,6.58,-49.77,50.42,ARM_SWING
1843,0.83,0.55,0.44,1.09,13.58,8.89,-52.64,55.09,ARM_SWING
1902,0.85,0.57,0.36,1.08,4.62,4.34,-61.53,61.86,ARM_SWING
1960,0.86,0.57,0.35,1.09,-13.30,-8.61,-67.41,69.25,ARM_SWING
2020,0.85,0.56,0.38,1.09,-9.87,-6.44,-68.25,69.26,ARM_SWING
2078,0.85,0.63,0.40,1.13,6.65,0.42,-74.69,74.99,ARM_SWING
2137,0.82,0.63,0.41,1.11,13.51,2.17,-83.37,84.49,ARM_SWING
2196,0.72,0.57,0.35,0.98,20.86,4.20,-78.40,81.24,ARM_SWING
2254,0.65,0.50,0.36,0.90,4.90,-0.35,-56.42,56.63,ARM_SWING
2314,0.65,0.49,0.37,0.89,-0.28,-1.89,-25.20,25.27,ARM_SWING
2373,0.65,0.50,0.36,0.89,-1.33,-4.06,0.91,4.37,ARM_SWING
2432,0.64,0.51,0.34,0.89,-9.45,-9.52,25.06,28.42,ARM_SWING
2491,0.67,0.53,0.31,0.92,-21.84,-11.27,51.87,57.40,ARM_SWING
2551,0.72,0.54,0.35,0.97,-22.75,-24.15,70.35,77.78,ARM_SWING
2611,0.77,0.56,0.38,1.03,-21.07,-21.56,88.90,93.87,ARM_SWING
2670,0.83,0.58,0.42,1.10,-5.95,-14.21,94.71,95.95,ARM_SWING
2730,0.86,0.60,0.42,1.13,11.76,-3.29,89.32,90.15,ARM_SWING
2789,0.85,0.66,0.42,1.16,32.55,6.72,70.35,77.81,ARM_SWING
2849,0.79,0.65,0.41,1.10,17.15,4.97,54.04,56.91,ARM_SWING
2907,0.74,0.64,0.46,1.08,8.47,6.02,37.10,38.53,ARM_SWING
2967,0.73,0.62,0.44,1.06,10.57,9.24,18.13,22.93,ARM_SWING
3026,0.73,0.61,0.39,1.03,12.46,9.52,-2.03,15.81,ARM_SWING
3084,0.74,0.60,0.36,1.02,5.11,7.70,-23.52,25.27,ARM_SWING
3143,0.79,0.61,0.37,1.06,-1.96,-3.64,-41.86,42.06,ARM_SWING
3202,0.77,0.56,0.42,1.04,11.20,0.77,-52.01,53.21,ARM_SWING
3261,0.78,0.61,0.43,1.08,14.98,1.75,-52.85,54.96,ARM_SWING
3320,0.85,0.63,0.38,1.12,13.93,3.08,-66.92,68.42,ARM_SWING
3378,0.85,0.63,0.38,1.12,4.55,-7.00,-78.26,78.70,ARM_SWING
3438,0.81,0.60,0.39,1.08,-14.56,-18.41,-81.27,84.59,ARM_SWING
3497,0.77,0.62,0.41,1.07,-19.32,-15.68,-78.82,82.65,ARM_SWING
3557,0.72,0.59,0.42,1.02,-21.42,-9.17,-77.00,80.45,ARM_SWING
3616,0.62,0.56,0.35,0.91,-0.14,-10.64,-59.43,60.38,ARM_SWING
3676,0.59,0.50,0.33,0.84,-14.42,-12.11,-33.11,38.09,ARM_SWING
3735,0.59,0.46,0.31,0.82,-11.90,-7.35,0.56,14.00,ARM_SWING
3794,0.64,0.51,0.31,0.87,-6.44,-10.57,32.83,35.09,ARM_SWING
3854,0.69,0.53,0.32,0.93,-5.95,-11.41,53.90,55.41,ARM_SWING
3913,0.74,0.56,0.35,0.99,-5.04,-4.41,79.10,79.38,ARM_SWING
3973,0.78,0.59,0.36,1.04,1.19,-10.01,86.31,86.90,ARM_SWING
4031,0.83,0.59,0.42,1.10,1.12,-10.29,88.62,89.22,ARM_SWING
4091,0.86,0.58,0.40,1.11,16.73,1.82,81.48,83.20,ARM_SWING
4151,0.85,0.61,0.42,1.13,31.29,5.81,73.78,80.35,ARM_SWING
4209,0.81,0.62,0.40,1.10,22.40,3.71,63.00,66.97,ARM_SWING
4269,0.76,0.61,0.41,1.06,5.39,-2.24,48.02,48.37,ARM_SWING
4327,0.74,0.60,0.42,1.04,-2.24,-2.10,32.83,32.97,ARM_SWING
4387,0.75,0.60,0.42,1.05,3.50,2.17,15.54,16.08,ARM_SWING
4446,0.75,0.61,0.38,1.04,-0.91,2.31,-3.99,4.70,ARM_SWING
4504,0.77,0.60,0.35,1.04,-7.07,-2.52,-26.25,27.30,ARM_SWING
4563,0.76,0.58,0.31,1.01,-23.10,-9.24,-41.65,48.52,ARM_SWING
4622,0.85,0.57,0.37,1.09,-28.14,-15.05,-56.21,64.64,ARM_SWING
4682,0.89,0.54,0.39,1.11,-13.93,-12.60,-69.51,72.00,ARM_SWING
4741,0.93,0.57,0.44,1.17,-8.47,-8.19,-84.35,85.17,ARM_SWING
4801,0.90,0.57,0.45,1.16,6.02,2.03,-99.19,99.39,ARM_SWING
4861,0.81,0.58,0.40,1.08,10.71,6.65,-103.88,104.64,ARM_SWING
4920,0.72,0.61,0.35,1.01,6.30,6.72,-93.94,94.39,ARM_SWING
4979,0.64,0.53,0.33,0.90,3.85,8.82,-69.02,69.69,ARM_SWING
5039,0.59,0.52,0.30,0.83,-0.07,6.02,-40.53,40.97,ARM_SWING
5098,0.57,0.47,0.30,0.80,-7.35,-1.47,-4.76,8.88,ARM_SWING
5156,0.59,0.48,0.31,0.82,-10.64,-8.05,30.03,32.86,ARM_SWING
5216,0.65,0.52,0.33,0.90,-13.65,-12.11,59.92,62.64,ARM_SWING
5276,0.72,0.56,0.37,0.99,-8.33,-12.81,83.51,84.90,ARM_SWING
5335,0.78,0.59,0.39,1.06,-4.76,-11.20,92.12,92.92,ARM_SWING
5395,0.83,0.57,0.40,1.08,0.63,-6.86,94.85,95.10,ARM_SWING
5453,0.85,0.58,0.40,1.10,12.81,-3.64,91.56,92.52,ARM_SWING
5513,0.87,0.58,0.38,1.11,24.36,3.08,83.23,86.78,ARM_SWING
5573,0.85,0.61,0.40,1.12,16.73,-2.80,68.25,70.33,ARM_SWING
5631,0.81,0.61,0.42,1.10,11.20,-3.08,48.37,49.75,ARM_SWING
5691,0.77,0.61,0.42,1.07,9.66,-0.91,25.69,27.46,ARM_SWING
5749,0.75,0.61,0.40,1.04,6.79,-0.21,5.04,8.46,ARM_SWING
5808,0.75,0.59,0.39,1.03,-5.32,-2.24,-12.53,13.80,ARM_SWING
5867,0.79,0.59,0.36,1.05,-8.26,-7.07,-26.46,28.61,ARM_SWING
5927,0.85,0.58,0.36,1.09,-11.27,-3.57,-48.51,49.93,ARM_SWING
5987,0.84,0.55,0.37,1.07,1.96,-1.40,-61.53,61.58,ARM_SWING
6046,0.85,0.60,0.35,1.10,7.14,-5.25,-69.65,70.21,ARM_SWING
6105,0.91,0.58,0.37,1.14,-8.75,-5.81,-85.75,86.39,ARM_SWING
6163,0.91,0.56,0.39,1.14,-4.27,-7.35,-93.10,93.49,ARM_SWING
6223,0.82,0.51,0.39,1.04,-10.08,-2.38,-92.40,92.98,ARM_SWING
6282,0.71,0.51,0.36,0.94,-1.47,-0.35,-75.11,75.13,ARM_SWING
6342,0.62,0.48,0.33,0.84,-0.63,-0.28,-48.16,48.16,ARM_SWING
6402,0.59,0.48,0.31,0.82,1.05,-0.21,-14.70,14.74,ARM_SWING
6460,0.60,0.50,0.29,0.83,-3.01,-4.34,16.94,17.74,ARM_SWING
6520,0.65,0.51,0.33,0.89,-9.24,-9.73,47.95,49.79,ARM_SWING
6578,0.72,0.53,0.35,0.96,-10.85,-12.11,70.98,72.82,ARM_SWING
6638,0.81,0.54,0.39,1.05,-9.87,-9.87,84.49,85.64,ARM_SWING
6698,0.89,0.55,0.41,1.13,4.69,-3.57,84.49,84.70,ARM_SWING
6756,0.91,0.57,0.42,1.15,21.49,4.48,77.70,80.74,ARM_SWING
6816,0.86,0.55,0.41,1.10,39.90,12.11,68.53,80.22,ARM_SWING
6874,0.81,0.56,0.38,1.06,31.29,15.05,65.17,73.84,ARM_SWING
6933,0.78,0.58,0.36,1.04,25.76,14.49,54.32,61.84,ARM_SWING
6992,0.77,0.59,0.40,1.05,22.75,12.32,45.01,51.92,ARM_SWING
7051,0.77,0.60,0.40,1.05,15.68,8.96,28.07,33.38,ARM_SWING
7111,0.78,0.61,0.37,1.06,11.20,4.41,4.27,12.77,ARM_SWING
7170,0.76,0.60,0.38,1.04,-2.66,-2.80,-16.38,16.83,ARM_SWING
7230,0.73,0.59,0.34,1.00,-19.81,-13.58,-31.78,39.83,ARM_SWING
7288,0.78,0.60,0.36,1.05,-8.12,-21.77,-42.56,48.49,ARM_SWING
7348,0.89,0.61,0.35,1.13,-16.10,-15.33,-60.97,64.90,ARM_SWING
7407,0.94,0.61,0.37,1.18,-4.62,-18.27,-84.14,86.22,ARM_SWING
7467,0.91,0.57,0.40,1.15,-6.16,-14.70,-101.15,102.40,ARM_SWING
7527,0.86,0.58,0.39,1.11,9.24,-6.79,-102.48,103.12,ARM_SWING
7585,0.79,0.56,0.37,1.04,-3.78,-14.00,-97.65,98.72,ARM_SWING
7645,0.71,0.50,0.36,0.94,-9.73,-8.89,-79.45,80.54,ARM_SWING
7704,0.65,0.46,0.34,0.87,-2.80,-5.67,-47.04,47.46,ARM_SWING
7764,0.61,0.46,0.32,0.83,-6.93,-8.05,-11.69,15.80,ARM_SWING
7823,0.63,0.48,0.32,0.86,-9.03,-6.23,22.40,24.94,ARM_SWING
7882,0.69,0.54,0.33,0.94,-11.97,-3.36,46.27,47.91,ARM_SWING
7942,0.73,0.56,0.32,0.98,-13.16,-3.50,67.27,68.63,ARM_SWING
8001,0.79,0.55,0.37,1.04,-9.52,-6.65,80.15,80.99,ARM_SWING
8060,0.78,0.54,0.36,1.02,-3.85,0.49,87.85,87.94,ARM_SWING
8119,0.82,0.53,0.37,1.05,6.72,2.45,96.74,97.00,ARM_SWING
8178,0.87,0.61,0.47,1.17,26.53,11.41,96.25,100.49,ARM_SWING
8237,0.86,0.59,0.37,1.11,18.97,10.22,79.10,81.98,ARM_SWING
8296,0.85,0.61,0.39,1.11,21.91,7.49,57.33,61.83,ARM_SWING
8355,0.81,0.61,0.39,1.09,22.19,5.74,31.29,38.79,ARM_SWING
8414,0.78,0.59,0.39,1.05,22.12,6.02,8.05,24.30,ARM_SWING
8473,0.75,0.57,0.37,1.01,9.66,-0.42,-11.69,15.17,ARM_SWING
8532,0.76,0.56,0.38,1.02,1.96,1.05,-26.67,26.76,ARM_SWING
8591,0.78,0.57,0.39,1.04,-4.76,-10.15,-34.51,36.29,ARM_SWING
8651,0.84,0.63,0.41,1.13,-5.53,-4.90,-50.82,51.35,ARM_SWING
8710,0.89,0.64,0.42,1.18,-4.06,-3.15,-76.72,76.89,ARM_SWING
8770,0.91,0.62,0.42,1.18,-5.60,-2.10,-98.42,98.60,ARM_SWING
8829,0.87,0.60,0.40,1.13,-6.44,-2.45,-108.36,108.58,ARM_SWING
8889,0.81,0.59,0.39,1.08,-13.65,-1.47,-107.38,108.25,ARM_SWING
8948,0.71,0.55,0.38,0.98,-12.39,-3.15,-94.15,95.01,ARM_SWING
9008,0.62,0.53,0.36,0.89,-0.70,0.84,-71.26,71.27,ARM_SWING
9068,0.57,0.51,0.33,0.83,4.97,2.03,-42.00,42.34,ARM_SWING
9126,0.53,0.52,0.30,0.81,4.55,-2.45,-8.33,9.80,ARM_SWING
9185,0.58,0.55,0.30,0.85,-9.24,-7.91,18.76,22.36,ARM_SWING
9244,0.63,0.59,0.33,0.92,-5.95,-15.75,43.61,46.75,ARM_SWING
9303,0.66,0.57,0.35,0.94,-10.08,-13.58,62.72,64.96,ARM_SWING
9363,0.72,0.55,0.36,0.98,-5.11,-9.94,84.07,84.81,ARM_SWING
9422,0.81,0.60,0.34,1.07,4.69,-13.09,95.20,96.21,ARM_SWING
9481,0.85,0.62,0.38,1.12,1.33,-11.62,89.04,89.80,ARM_SWING
9540,0.88,0.57,0.41,1.12,3.29,-6.23,83.44,83.74,ARM_SWING
9599,0.86,0.59,0.43,1.13,23.52,-1.75,75.67,79.26,ARM_SWING
9657,0.82,0.58,0.39,1.08,5.25,-4.69,61.88,62.28,ARM_SWING
9716,0.80,0.57,0.42,1.07,4.48,-5.88,47.95,48.52,ARM_SWING
9775,0.77,0.57,0.40,1.04,9.38,0.84,30.45,31.87,ARM_SWING
9833,0.73,0.59,0.40,1.02,-1.68,2.31,9.80,10.21,ARM_SWING
9893,0.77,0.58,0.40,1.04,-8.68,-0.91,-6.51,10.89,ARM_SWING
9951,0.80,0.58,0.43,1.08,-1.82,3.78,-27.02,27.34,ARM_SWING
10011,0.78,0.58,0.30,1.02,-24.29,-6.93,-46.48,52.90,ARM_SWING
10072,0.85,0.58,0.36,1.09,-24.99,-2.94,-59.08,64.22,ARM_SWING
10131,0.93,0.60,0.36,1.17,-8.33,-0.91,-74.69,75.16,ARM_SWING
10191,0.95,0.56,0.38,1.16,3.71,-1.47,-90.16,90.25,ARM_SWING
10250,0.94,0.57,0.38,1.17,9.66,0.35,-104.44,104.89,ARM_SWING
10310,0.88,0.53,0.38,1.10,17.78,1.61,-105.56,107.06,ARM_SWING
10369,0.77,0.55,0.34,1.01,16.24,0.49,-101.85,103.14,ARM_SWING
10429,0.62,0.47,0.32,0.84,12.32,2.31,-75.11,76.15,ARM_SWING
10488,0.56,0.47,0.30,0.79,11.55,4.97,-30.87,33.33,ARM_SWING
10547,0.55,0.49,0.31,0.80,-1.47,-5.74,7.63,9.66,ARM_SWING
10606,0.60,0.53,0.32,0.87,-15.47,-11.55,41.65,45.91,ARM_SWING
10665,0.66,0.53,0.32,0.91,-23.80,-11.62,67.20,72.23,ARM_SWING
10725,0.75,0.57,0.32,0.99,-16.73,-13.23,86.03,88.63,ARM_SWING
10784,0.80,0.56,0.34,1.04,-16.38,-16.24,101.57,104.16,ARM_SWING
10844,0.87,0.64,0.36,1.14,-27.09,-14.49,105.07,109.47,ARM_SWING
10904,0.91,0.56,0.44,1.16,-34.09,-8.89,91.35,97.91,ARM_SWING
10963,0.92,0.57,0.44,1.17,60.13,7.49,78.96,99.53,ARM_SWING
11023,0.86,0.61,0.40,1.13,52.71,12.88,49.21,73.25,ARM_SWING
11082,0.82,0.57,0.39,1.07,52.64,15.75,31.64,63.40,ARM_SWING
11142,0.75,0.56,0.37,1.00,37.38,10.92,20.02,43.79,ARM_SWING
11201,0.71,0.56,0.35,0.97,17.57,2.52,11.55,21.18,ARM_SWING
11260,0.71,0.56,0.37,0.98,-13.79,-4.13,-0.28,14.40,ARM_SWING
11320,0.74,0.56,0.31,0.98,-23.38,-12.11,-9.10,27.86,ARM_SWING
11379,0.79,0.63,0.35,1.07,-28.42,-14.07,-27.16,41.75,ARM_SWING
11439,0.85,0.67,0.35,1.14,-40.18,-16.24,-52.92,68.40,ARM_SWING
11498,0.92,0.60,0.41,1.17,-32.69,-14.98,-81.55,89.13,ARM_SWING
11558,0.93,0.59,0.42,1.17,-2.24,-1.05,-96.53,96.56,ARM_SWING
11617,0.93,0.63,0.42,1.20,10.57,5.74,-110.88,111.53,ARM_SWING
11677,0.88,0.62,0.39,1.14,2.38,5.60,-123.83,123.98,ARM_SWING
11737,0.77,0.60,0.36,1.04,-6.30,9.87,-121.87,122.43,ARM_SWING
11796,0.63,0.53,0.31,0.88,5.18,7.63,-92.12,92.58,ARM_SWING
11855,0.50,0.48,0.30,0.76,-2.45,4.90,-53.69,53.97,ARM_SWING
11913,0.48,0.48,0.29,0.73,2.38,5.53,-10.92,12.47,ARM_SWING
11972,0.52,0.50,0.29,0.77,1.89,0.63,27.02,27.09,ARM_SWING
12031,0.57,0.51,0.31,0.83,1.33,-4.83,60.76,60.97,ARM_SWING
12089,0.66,0.56,0.31,0.92,-4.83,-11.83,90.02,90.92,ARM_SWING
12149,0.79,0.60,0.34,1.05,-6.44,-17.64,108.71,110.32,ARM_SWING
12208,0.85,0.64,0.37,1.12,-4.83,-17.85,109.06,110.62,ARM_SWING
12268,0.87,0.60,0.40,1.13,6.79,-10.29,104.02,104.75,ARM_SWING
12327,0.91,0.59,0.39,1.15,25.90,-1.61,97.30,100.70,ARM_SWING
12387,0.88,0.57,0.32,1.10,12.95,-3.36,90.65,91.63,ARM_SWING
12447,0.85,0.62,0.35,1.11,15.82,-2.94,62.86,64.89,ARM_SWING
12506,0.78,0.62,0.37,1.06,9.52,-3.78,43.12,44.32,ARM_SWING
12566,0.77,0.62,0.38,1.06,8.61,-6.23,23.17,25.49,ARM_SWING
12624,0.76,0.62,0.39,1.06,5.81,-0.91,1.26,6.01,ARM_SWING
12683,0.78,0.63,0.38,1.07,-7.63,-16.87,-17.50,25.48,ARM_SWING
12742,0.80,0.63,0.36,1.08,-16.24,-5.25,-38.57,42.18,ARM_SWING
12802,0.87,0.62,0.35,1.12,-34.86,-9.52,-58.87,69.08,ARM_SWING
12862,0.93,0.57,0.36,1.15,-39.27,-9.87,-78.75,88.55,ARM_SWING
12921,0.96,0.54,0.36,1.15,-33.39,-5.53,-91.63,97.68,ARM_SWING
12981,0.98,0.59,0.34,1.19,-23.52,-5.46,-107.66,110.33,ARM_SWING
13040,0.90,0.53,0.31,1.09,-0.42,-7.42,-120.75,120.98,ARM_SWING
13100,0.74,0.44,0.28,0.91,-13.23,-3.22,-99.82,100.74,ARM_SWING
13159,0.66,0.44,0.30,0.85,-1.75,-0.63,-63.49,63.52,ARM_SWING
13219,0.64,0.42,0.31,0.83,-1.47,-2.45,-24.36,24.53,ARM_SWING
13279,0.67,0.44,0.33,0.87,7.49,-3.29,10.85,13.59,ARM_SWING
13337,0.71,0.45,0.37,0.92,-5.18,-4.06,35.56,36.16,ARM_SWING
13397,0.75,0.43,0.38,0.94,-0.70,-4.62,63.77,63.94,ARM_SWING
13456,0.81,0.45,0.36,0.99,5.60,3.71,89.53,89.78,ARM_SWING
13516,0.87,0.48,0.35,1.05,13.93,3.99,107.66,108.63,ARM_SWING
13575,0.94,0.50,0.34,1.12,33.46,14.77,115.57,121.22,ARM_SWING
13635,0.96,0.57,0.32,1.16,52.85,18.41,113.26,126.33,ARM_SWING
13695,0.93,0.62,0.28,1.15,54.95,13.44,89.11,105.55,ARM_SWING
13754,0.85,0.63,0.34,1.12,29.61,6.09,69.72,75.99,ARM_SWING
13814,0.76,0.65,0.36,1.06,24.78,-0.42,46.48,52.67,ARM_SWING
13873,0.75,0.65,0.40,1.07,13.44,-1.75,21.00,24.99,ARM_SWING
13932,0.76,0.65,0.40,1.07,7.35,-2.45,-7.98,11.12,ARM_SWING
13992,0.80,0.61,0.39,1.08,-4.41,-3.36,-36.19,36.61,ARM_SWING
14051,0.81,0.59,0.36,1.06,-12.11,-8.54,-56.00,57.93,ARM_SWING
14111,0.84,0.57,0.36,1.08,-37.66,-7.14,-72.45,81.96,ARM_SWING
14170,0.93,0.53,0.37,1.13,-34.72,-11.76,-81.20,89.09,ARM_SWING
14230,0.96,0.52,0.37,1.15,-27.16,-7.56,-87.85,92.26,ARM_SWING
14289,0.99,0.61,0.32,1.21,-15.89,-9.59,-111.44,112.97,ARM_SWING
14350,0.88,0.50,0.32,1.06,-31.43,-17.99,-118.09,123.52,ARM_SWING
14409,0.74,0.43,0.32,0.91,-31.43,-9.17,-98.00,103.32,ARM_SWING
14469,0.64,0.38,0.31,0.80,-13.09,-11.97,-53.83,56.68,ARM_SWING
14529,0.62,0.39,0.30,0.79,-4.97,-12.46,-8.75,16.02,ARM_SWING
14587,0.67,0.41,0.33,0.85,-5.25,-14.42,31.64,35.17,ARM_SWING
14647,0.74,0.44,0.35,0.93,-4.76,-9.52,59.29,60.24,ARM_SWING
14706,0.81,0.46,0.38,1.00,2.24,-5.25,80.50,80.70,ARM_SWING
14766,0.91,0.50,0.42,1.12,15.82,1.89,88.76,90.18,ARM_SWING
14824,0.93,0.53,0.44,1.16,27.09,9.94,80.50,85.52,ARM_SWING
14883,0.92,0.51,0.42,1.13,40.46,20.79,71.68,84.90,ARM_SWING
14943,0.85,0.51,0.37,1.06,50.33,27.86,87.43,104.66,ARM_SWING
15002,0.80,0.55,0.30,1.02,54.60,29.33,66.57,90.96,ARM_SWING
15062,0.78,0.59,0.31,1.03,38.64,27.37,67.06,82.09,ARM_SWING
15121,0.79,0.61,0.30,1.05,31.50,17.99,46.69,59.13,ARM_SWING
15180,0.78,0.64,0.30,1.05,15.40,4.48,23.73,28.64,ARM_SWING
15239,0.77,0.62,0.33,1.04,-3.57,-10.71,-2.45,11.55,ARM_SWING
15298,0.77,0.59,0.36,1.04,-5.46,-13.16,-25.62,29.32,ARM_SWING
15358,0.77,0.58,0.34,1.02,-16.66,-23.17,-39.27,48.54,ARM_SWING
15417,0.81,0.60,0.34,1.06,-41.16,-30.94,-51.59,72.89,ARM_SWING
15477,0.90,0.56,0.37,1.12,-51.17,-31.08,-69.37,91.63,ARM_SWING
15535,0.93,0.50,0.37,1.12,-37.17,-24.85,-80.08,91.72,ARM_SWING
15595,0.93,0.51,0.36,1.12,-32.48,-22.89,-87.15,95.78,ARM_SWING
15655,0.94,0.52,0.35,1.13,-39.69,-22.19,-96.32,106.51,ARM_SWING
15714,0.85,0.44,0.36,1.02,-22.89,-13.72,-90.37,94.23,ARM_SWING
15775,0.73,0.43,0.33,0.91,-11.76,-10.64,-65.17,67.07,ARM_SWING
15834,0.67,0.40,0.32,0.84,-4.76,-8.40,-30.66,32.14,ARM_SWING
15894,0.66,0.39,0.32,0.83,0.21,-4.69,7.49,8.84,ARM_SWING
15952,0.71,0.43,0.33,0.89,3.15,1.33,41.02,41.16,ARM_SWING
16011,0.76,0.44,0.34,0.95,6.65,8.05,64.75,65.59,ARM_SWING
16070,0.83,0.47,0.35,1.02,16.66,4.20,90.02,91.64,ARM_SWING
16128,0.88,0.52,0.36,1.09,15.75,9.10,93.10,94.86,ARM_SWING
16188,0.94,0.54,0.34,1.14,23.03,6.65,87.78,90.99,ARM_SWING
16246,0.92,0.55,0.33,1.12,33.88,7.84,69.65,77.85,ARM_SWING
16305,0.87,0.55,0.35,1.09,52.57,4.41,47.25,70.82,ARM_SWING
16364,0.80,0.55,0.36,1.03,30.66,-0.98,38.78,49.45,ARM_SWING
16424,0.76,0.56,0.36,1.01,23.59,5.53,31.71,39.91,ARM_SWING
16483,0.74,0.58,0.37,1.01,12.18,3.92,22.19,25.61,ARM_SWING
16542,0.75,0.61,0.37,1.04,-3.08,-1.61,4.90,6.01,ARM_SWING
16601,0.79,0.61,0.36,1.06,-15.40,-3.57,-18.20,24.11,ARM_SWING
16660,0.82,0.60,0.34,1.07,-24.15,-1.89,-36.33,43.67,ARM_SWING
16720,0.88,0.58,0.32,1.10,-23.66,-9.73,-55.58,61.19,ARM_SWING
16780,0.89,0.54,0.30,1.08,-26.60,-15.05,-76.16,82.06,ARM_SWING
16839,0.92,0.49,0.33,1.09,-35.77,-19.81,-80.22,90.04,ARM_SWING
16899,0.93,0.47,0.37,1.10,-21.77,-13.86,-78.19,82.34,ARM_SWING
16958,0.91,0.50,0.34,1.09,-11.27,-11.76,-85.68,87.21,ARM_SWING
17019,0.82,0.49,0.33,1.01,6.37,-15.47,-78.47,80.23,ARM_SWING
17078,0.73,0.46,0.28,0.90,-6.58,-16.24,-59.64,62.16,ARM_SWING
17138,0.65,0.42,0.32,0.83,-5.11,-11.27,-22.61,25.77,ARM_SWING
17198,0.65,0.41,0.32,0.83,-7.63,-11.06,9.59,16.51,ARM_SWING
17257,0.69,0.42,0.36,0.89,-1.82,-0.42,46.62,46.66,ARM_SWING
17317,0.78,0.44,0.36,0.96,-0.70,5.88,78.96,79.18,ARM_SWING
17375,0.88,0.47,0.35,1.06,16.45,13.51,93.38,95.78,ARM_SWING
17435,0.97,0.51,0.31,1.14,22.82,34.79,88.34,97.65,ARM_SWING
17494,0.95,0.53,0.28,1.12,40.32,10.15,55.37,69.24,ARM_SWING
17554,0.90,0.54,0.27,1.08,38.15,10.85,56.70,69.20,ARM_SWING
17614,0.85,0.52,0.30,1.04,56.00,9.87,52.50,77.39,ARM_SWING
17673,0.78,0.57,0.31,1.01,27.09,4.06,53.27,59.90,ARM_SWING
17732,0.76,0.60,0.34,1.03,11.34,-2.10,39.48,41.13,ARM_SWING
17791,0.78,0.62,0.39,1.07,-2.52,-5.39,23.38,24.13,ARM_SWING
17851,0.81,0.62,0.40,1.10,-6.93,-3.57,-2.87,8.31,ARM_SWING
17909,0.82,0.61,0.38,1.10,-10.43,-4.06,-34.30,36.08,ARM_SWING
17969,0.84,0.58,0.36,1.08,-20.44,-9.73,-50.47,55.31,ARM_SWING
18029,0.88,0.57,0.34,1.10,-28.77,-5.88,-68.67,74.69,ARM_SWING
18088,0.92,0.53,0.33,1.11,-23.24,-6.72,-81.69,85.20,ARM_SWING
18148,0.93,0.52,0.31,1.11,-21.70,-7.91,-90.30,93.21,ARM_SWING
18207,0.90,0.49,0.27,1.06,-6.23,-10.15,-92.96,93.72,ARM_SWING
18267,0.83,0.52,0.30,1.03,-12.95,-10.78,-90.16,91.72,ARM_SWING
18326,0.74,0.50,0.29,0.94,5.32,-8.05,-73.08,73.71,ARM_SWING
18386,0.66,0.46,0.30,0.86,4.83,-7.84,-45.22,46.15,ARM_SWING
18445,0.63,0.45,0.29,0.83,-3.64,-15.82,-6.65,17.54,ARM_SWING
18504,0.68,0.46,0.31,0.88,-11.06,-11.83,22.75,27.93,ARM_SWING
18563,0.72,0.45,0.33,0.91,-11.76,-10.92,53.20,55.57,ARM_SWING
18622,0.80,0.45,0.33,0.98,-1.96,-0.42,79.87,79.90,ARM_SWING
18682,0.88,0.49,0.33,1.06,6.72,3.57,91.21,91.53,ARM_SWING
18741,0.93,0.52,0.33,1.12,2.52,7.56,86.80,87.17,ARM_SWING
18801,0.92,0.57,0.31,1.12,6.58,-0.70,77.84,78.12,ARM_SWING
18860,0.91,0.53,0.36,1.12,17.50,4.90,62.72,65.30,ARM_SWING
18919,0.86,0.56,0.35,1.08,56.56,10.99,46.69,74.16,ARM_SWING
18979,0.79,0.56,0.33,1.03,31.36,10.08,36.40,49.09,ARM_SWING
19038,0.77,0.57,0.34,1.02,25.48,5.95,23.73,35.32,ARM_SWING
19097,0.75,0.58,0.34,1.01,13.09,4.34,10.15,17.12,ARM_SWING
19156,0.77,0.59,0.35,1.03,0.21,-0.56,-5.25,5.28,ARM_SWING
19215,0.78,0.58,0.34,1.03,-12.88,-8.19,-20.09,25.23,ARM_SWING
19275,0.81,0.59,0.33,1.06,-22.89,-11.41,-37.66,45.52,ARM_SWING
19334,0.87,0.59,0.34,1.11,-35.00,-15.19,-55.37,67.24,ARM_SWING
19394,0.94,0.61,0.35,1.18,-30.45,-0.63,-81.13,86.66,ARM_SWING
19453,0.94,0.56,0.36,1.15,-15.82,-12.81,-100.94,102.97,ARM_SWING
19513,0.88,0.54,0.36,1.10,-6.93,-5.46,-100.87,101.26,ARM_SWING
19573,0.81,0.53,0.33,1.02,0.21,0.21,-96.88,96.88,ARM_SWING
19631,0.72,0.52,0.30,0.94,-3.71,-3.15,-78.89,79.04,ARM_SWING
19690,0.66,0.49,0.29,0.88,3.64,1.05,-49.07,49.22,ARM_SWING
19748,0.63,0.48,0.30,0.84,3.78,-5.88,-18.27,19.56,ARM_SWING
19808,0.63,0.47,0.30,0.84,-2.52,-10.50,13.58,17.35,ARM_SWING
19867,0.64,0.47,0.32,0.86,-9.59,-14.28,45.57,48.71,ARM_SWING
19927,0.72,0.47,0.34,0.93,-11.13,-7.98,79.45,80.62,ARM_SWING
19987,0.81,0.50,0.34,1.01,-5.60,-4.13,101.43,101.67,ARM_SWING
20046,0.91,0.54,0.37,1.12,-6.30,0.07,105.00,105.19,ARM_SWING
20106,0.97,0.56,0.39,1.18,12.95,9.10,91.07,92.44,ARM_SWING
20164,0.95,0.58,0.36,1.17,42.00,17.64,65.52,79.80,ARM_SWING
20223,0.88,0.60,0.38,1.13,60.97,23.38,40.95,77.08,ARM_SWING
20282,0.80,0.54,0.30,1.01,39.69,14.35,26.81,50.00,ARM_SWING
20341,0.76,0.55,0.31,0.99,29.05,8.82,23.17,38.19,ARM_SWING
20400,0.76,0.54,0.33,0.99,6.65,1.96,20.02,21.19,ARM_SWING
20458,0.79,0.56,0.36,1.03,-2.80,-3.64,8.19,9.39,ARM_SWING
20517,0.79,0.57,0.38,1.04,-0.56,-4.97,-7.28,8.83,ARM_SWING
20575,0.78,0.55,0.38,1.03,-5.46,-4.90,-22.12,23.30,ARM_SWING
20635,0.79,0.57,0.36,1.04,-18.62,-8.40,-29.19,35.63,ARM_SWING
20696,0.84,0.58,0.37,1.09,-20.30,-7.21,-41.30,46.58,ARM_SWING
20755,0.89,0.59,0.40,1.14,-8.19,-3.85,-63.77,64.41,ARM_SWING
20815,0.90,0.60,0.37,1.14,-4.13,-4.62,-82.67,82.90,ARM_SWING
20874,0.87,0.56,0.37,1.10,-5.11,-5.67,-94.50,94.81,ARM_SWING
20934,0.78,0.55,0.32,1.01,-6.86,-8.89,-91.42,92.11,ARM_SWING
20993,0.69,0.56,0.31,0.94,-14.56,-13.23,-78.61,81.03,ARM_SWING
21053,0.63,0.50,0.31,0.87,-11.83,-12.39,-54.25,56.89,ARM_SWING
21113,0.62,0.49,0.31,0.85,-6.02,-9.59,-23.52,26.10,ARM_SWING
21172,0.64,0.49,0.30,0.86,-4.76,-9.59,7.49,13.07,ARM_SWING
21231,0.68,0.50,0.32,0.90,-6.79,-9.52,32.76,34.78,ARM_SWING
21290,0.73,0.50,0.33,0.95,-4.97,-9.10,56.42,57.36,ARM_SWING
21350,0.78,0.52,0.34,1.00,-1.82,-7.98,72.87,73.33,ARM_SWING
21408,0.88,0.50,0.39,1.08,11.76,2.24,82.74,83.60,ARM_SWING
21468,0.90,0.52,0.36,1.10,42.98,13.79,82.67,94.19,ARM_SWING
21528,0.89,0.55,0.32,1.09,43.12,14.42,73.57,86.49,ARM_SWING
21586,0.85,0.55,0.29,1.05,28.28,8.12,69.93,75.87,ARM_SWING
21645,0.81,0.56,0.29,1.02,30.10,7.70,68.11,74.86,ARM_SWING
21703,0.81,0.57,0.32,1.04,12.25,2.24,56.63,57.98,ARM_SWING
21762,0.81,0.59,0.31,1.05,17.29,0.91,38.29,42.02,ARM_SWING
21821,0.81,0.59,0.33,1.06,14.84,-2.31,14.63,20.97,ARM_SWING
21879,0.82,0.57,0.35,1.06,13.09,-4.20,-10.01,17.01,ARM_SWING
21939,0.81,0.56,0.34,1.04,10.64,-4.13,-28.35,30.56,ARM_SWING
21998,0.80,0.55,0.32,1.03,-7.70,-11.41,-38.22,40.62,ARM_SWING
22058,0.86,0.58,0.33,1.09,-21.98,-13.72,-49.84,56.17,ARM_SWING
22117,0.89,0.58,0.32,1.12,-17.22,-11.97,-66.99,70.20,ARM_SWING
22177,0.90,0.57,0.30,1.11,-12.46,-13.65,-83.44,85.46,ARM_SWING
22237,0.88,0.59,0.27,1.10,-12.18,-15.61,-91.77,93.88,ARM_SWING
22296,0.84,0.56,0.26,1.04,-18.13,-19.95,-91.49,95.38,ARM_SWING
22356,0.75,0.50,0.27,0.94,-18.27,-19.18,-72.59,77.27,ARM_SWING
22415,0.73,0.52,0.28,0.94,-16.03,-13.51,-48.79,53.10,ARM_SWING
22475,0.70,0.51,0.28,0.91,-2.94,-7.63,-23.80,25.17,ARM_SWING
22534,0.70,0.52,0.27,0.91,-1.68,-5.18,2.31,5.92,ARM_SWING
22593,0.73,0.51,0.29,0.94,-0.14,-2.87,20.58,20.78,ARM_SWING
22652,0.75,0.49,0.30,0.94,7.07,3.64,41.72,42.47,ARM_SWING
22711,0.79,0.47,0.28,0.96,10.43,7.14,64.47,65.70,ARM_SWING
22770,0.86,0.49,0.25,1.02,13.02,6.51,84.63,85.87,ARM_SWING
22828,0.92,0.52,0.27,1.09,12.74,3.92,96.18,97.10,ARM_SWING
22887,0.94,0.54,0.29,1.12,12.18,2.10,97.37,98.15,ARM_SWING
22946,0.90,0.56,0.29,1.10,10.08,-1.54,92.61,93.17,ARM_SWING
23005,0.88,0.58,0.29,1.10,6.44,-4.90,80.15,80.56,ARM_SWING
23064,0.85,0.60,0.33,1.09,-13.09,-6.37,60.76,62.48,ARM_SWING
23123,0.82,0.62,0.34,1.08,-7.14,1.54,31.29,32.13,ARM_SWING
23183,0.79,0.61,0.35,1.06,-0.63,4.06,-4.76,6.29,ARM_SWING
23241,0.82,0.57,0.35,1.06,3.99,9.10,-36.12,37.46,ARM_SWING
23300,0.85,0.55,0.31,1.06,15.82,10.99,-59.99,63.01,ARM_SWING
23360,0.88,0.54,0.30,1.07,-1.54,4.41,-73.71,73.86,ARM_SWING
23418,0.94,0.53,0.28,1.12,-7.63,-1.89,-84.98,85.34,ARM_SWING
23478,0.95,0.53,0.28,1.13,-6.72,-7.56,-97.44,97.96,ARM_SWING
23537,0.91,0.56,0.29,1.10,-0.98,-12.74,-102.34,103.13,ARM_SWING
23597,0.85,0.60,0.29,1.08,-3.15,-13.79,-102.97,103.94,ARM_SWING
23656,0.78,0.54,0.29,1.00,-7.00,-10.29,-95.06,95.87,ARM_SWING
23716,0.69,0.49,0.28,0.90,4.90,-4.62,-67.90,68.23,ARM_SWING
23775,0.65,0.48,0.27,0.85,8.26,-1.12,-31.85,32.92,ARM_SWING
23834,0.64,0.47,0.26,0.84,3.36,-4.69,3.01,6.51,ARM_SWING
23893,0.68,0.50,0.29,0.90,-5.88,-7.42,35.98,37.20,ARM_SWING
23952,0.77,0.50,0.30,0.96,-4.69,-1.19,60.27,60.46,ARM_SWING
24012,0.87,0.53,0.30,1.06,3.57,2.94,80.43,80.56,ARM_SWING
24071,0.92,0.55,0.29,1.10,-1.40,-1.96,89.53,89.56,ARM_SWING
24130,0.88,0.53,0.28,1.07,-4.55,-5.39,107.45,107.68,ARM_SWING
24190,0.91,0.56,0.29,1.11,-1.61,-5.74,123.97,124.11,ARM_SWING
24249,0.96,0.63,0.47,1.25,-16.66,-9.94,121.87,123.40,ARM_SWING
24309,0.90,0.64,0.30,1.15,11.97,2.10,89.46,90.28,ARM_SWING
24367,0.87,0.65,0.34,1.13,14.28,6.72,50.82,53.21,ARM_SWING
24426,0.80,0.59,0.36,1.06,21.63,13.16,15.61,29.74,ARM_SWING
24486,0.76,0.57,0.34,1.01,21.98,14.14,-16.24,30.77,ARM_SWING
24545,0.74,0.55,0.31,0.97,17.50,11.62,-38.29,43.67,ARM_SWING
24605,0.83,0.53,0.34,1.04,-0.77,1.47,-54.74,54.77,ARM_SWING
24663,0.86,0.58,0.30,1.08,-6.79,-7.28,-73.08,73.75,ARM_SWING
24723,0.94,0.59,0.32,1.15,-21.91,-16.17,-91.49,95.46,ARM_SWING
24782,0.97,0.60,0.32,1.19,-20.44,-18.48,-110.67,114.05,ARM_SWING
24842,0.96,0.59,0.32,1.17,-13.51,-16.17,-123.13,124.92,ARM_SWING
24902,0.90,0.57,0.31,1.10,-7.42,-13.51,-125.30,126.24,ARM_SWING
24961,0.81,0.56,0.30,1.03,-10.71,-11.90,-115.29,116.40,ARM_SWING
25021,0.70,0.49,0.29,0.90,6.79,-6.65,-84.56,85.09,ARM_SWING
25080,0.58,0.47,0.26,0.79,14.49,-5.18,-49.28,51.63,ARM_SWING
25140,0.55,0.42,0.27,0.74,17.78,1.47,-5.67,18.72,ARM_SWING
25198,0.60,0.45,0.26,0.80,17.92,7.56,37.80,42.51,ARM_SWING
25257,0.75,0.58,0.27,0.99,22.33,21.63,71.96,78.39,ARM_SWING
25317,0.80,0.64,0.26,1.06,33.67,32.69,93.31,104.45,ARM_SWING
25376,0.83,0.70,0.21,1.11,45.78,37.59,104.16,119.83,ARM_SWING
25436,0.85,0.67,0.21,1.10,40.18,31.43,116.06,126.78,ARM_SWING
25495,0.90,0.67,0.17,1.14,55.65,24.92,122.22,136.59,ARM_SWING
25555,0.96,0.65,0.20,1.18,33.88,8.33,129.29,133.91,ARM_SWING
25614,0.89,0.61,0.19,1.09,17.22,-5.67,118.44,119.82,ARM_SWING
25674,0.86,0.61,0.26,1.09,-16.45,-16.45,100.87,103.52,ARM_SWING
25734,0.85,0.62,0.29,1.09,-35.14,-15.19,71.12,80.77,ARM_SWING
25793,0.88,0.59,0.33,1.11,-24.71,-0.42,29.40,38.41,ARM_SWING
25853,0.86,0.61,0.26,1.09,0.91,14.49,-15.89,21.52,ARM_SWING
25911,0.88,0.53,0.25,1.06,0.21,21.84,-55.44,59.59,ARM_SWING
25971,0.89,0.53,0.19,1.05,6.02,8.68,-85.33,85.98,ARM_SWING
26030,0.92,0.51,0.11,1.06,-14.35,-6.65,-101.50,102.72,ARM_SWING
26089,0.99,0.50,0.15,1.12,-15.05,-14.49,-111.16,113.11,ARM_SWING
26149,1.01,0.54,0.18,1.16,-11.90,-20.02,-118.65,120.91,ARM_SWING
26208,0.95,0.58,0.18,1.13,3.36,-19.95,-115.85,117.60,ARM_SWING
26268,0.90,0.64,0.18,1.12,-16.17,-31.99,-117.11,122.47,ARM_SWING
26327,0.83,0.55,0.21,1.02,-17.64,-30.87,-101.78,107.81,ARM_SWING
26387,0.71,0.53,0.21,0.91,-7.35,-26.46,-74.41,79.32,ARM_SWING
26447,0.63,0.49,0.20,0.82,-10.36,-18.90,-40.25,45.66,ARM_SWING
26506,0.61,0.47,0.20,0.79,7.14,-6.16,4.69,10.53,ARM_SWING
26565,0.65,0.53,0.18,0.86,6.93,0.00,42.14,42.71,ARM_SWING
26623,0.73,0.61,0.20,0.97,-5.67,3.78,66.99,67.34,ARM_SWING
26682,0.80,0.66,0.23,1.06,-4.34,8.26,87.29,87.79,ARM_SWING
26741,0.84,0.65,0.24,1.09,-4.55,16.38,97.93,99.39,ARM_SWING
26801,0.86,0.64,0.23,1.10,15.54,16.03,111.09,113.31,ARM_SWING
26861,0.91,0.63,0.23,1.13,10.22,13.02,112.56,113.77,ARM_SWING
26920,0.90,0.66,0.26,1.14,3.08,9.87,100.03,100.56,ARM_SWING
26980,0.83,0.64,0.23,1.07,-10.36,-0.28,79.87,80.54,ARM_SWING
27039,0.79,0.60,0.30,1.04,-21.91,1.96,60.90,64.75,ARM_SWING
27099,0.82,0.61,0.34,1.08,-6.09,11.20,32.41,34.83,ARM_SWING
27157,0.84,0.62,0.33,1.09,9.80,15.26,-3.22,18.42,ARM_SWING
27216,0.87,0.58,0.29,1.09,13.30,13.72,-43.96,47.93,ARM_SWING
27276,0.86,0.53,0.26,1.04,13.51,6.09,-63.91,65.61,ARM_SWING
27334,0.89,0.53,0.22,1.06,-0.28,-2.66,-76.86,76.91,ARM_SWING
27394,0.90,0.53,0.21,1.07,-3.99,-14.28,-91.28,92.48,ARM_SWING
27453,0.90,0.56,0.22,1.08,-17.85,-26.18,-99.82,104.73,ARM_SWING
27513,0.84,0.62,0.26,1.08,-16.38,-31.99,-103.74,109.79,ARM_SWING
27573,0.79,0.66,0.26,1.06,-9.31,-29.05,-98.98,103.57,ARM_SWING
27632,0.76,0.66,0.27,1.04,-17.57,-24.50,-92.19,96.99,ARM_SWING
27692,0.72,0.61,0.27,0.98,-12.95,-14.28,-76.86,79.24,ARM_SWING
27751,0.68,0.55,0.25,0.91,0.07,-6.86,-50.05,50.52,ARM_SWING
27810,0.63,0.51,0.23,0.84,3.85,-3.92,-15.19,16.15,ARM_SWING
27869,0.62,0.48,0.23,0.82,-1.05,-4.20,25.34,25.71,ARM_SWING
27928,0.67,0.51,0.28,0.89,-13.37,-6.65,64.82,66.52,ARM_SWING
27988,0.73,0.52,0.28,0.94,-11.90,-1.12,94.78,95.53,ARM_SWING
28047,0.81,0.57,0.28,1.03,-1.82,4.83,122.71,122.82,ARM_SWING
28107,0.91,0.66,0.29,1.16,-5.81,8.82,124.04,124.49,ARM_SWING
28166,0.95,0.64,0.32,1.19,6.02,12.11,112.49,113.30,ARM_SWING
28226,0.94,0.67,0.38,1.21,26.74,23.59,93.66,100.22,ARM_SWING
28285,0.91,0.58,0.29,1.12,18.90,17.50,59.71,65.03,ARM_SWING
28344,0.85,0.59,0.27,1.07,27.65,16.45,33.39,46.37,ARM_SWING
28403,0.77,0.55,0.31,0.99,19.81,12.74,16.24,28.61,ARM_SWING
28462,0.72,0.54,0.31,0.95,9.73,4.41,4.55,11.61,ARM_SWING
28521,0.77,0.55,0.34,1.00,12.25,-0.49,-9.52,15.52,ARM_SWING
28579,0.82,0.57,0.32,1.05,3.64,-7.56,-30.80,31.92,ARM_SWING
28639,0.84,0.55,0.31,1.05,-3.50,-16.52,-53.34,55.95,ARM_SWING
28698,0.85,0.55,0.31,1.06,-3.71,-20.09,-71.54,74.40,ARM_SWING
28758,0.89,0.59,0.31,1.12,4.27,-20.02,-87.92,90.27,ARM_SWING
28818,0.94,0.63,0.30,1.17,19.25,-14.91,-109.34,112.02,ARM_SWING
28877,0.92,0.68,0.28,1.18,27.93,-11.34,-127.54,131.05,ARM_SWING
28937,0.83,0.60,0.26,1.05,28.56,-6.37,-127.19,130.51,ARM_SWING
28996,0.66,0.48,0.22,0.85,38.29,0.07,-90.65,98.41,ARM_SWING
29055,0.61,0.43,0.22,0.78,30.52,7.28,-34.86,46.90,ARM_SWING
29114,0.62,0.40,0.20,0.76,27.51,17.29,26.46,41.90,ARM_SWING
29173,0.70,0.55,0.17,0.90,15.26,20.09,67.13,71.71,ARM_SWING
29233,0.79,0.58,0.15,0.99,11.06,20.86,101.29,104.01,ARM_SWING
29292,0.89,0.66,0.09,1.11,17.22,20.23,126.49,129.25,ARM_SWING
29352,0.96,0.73,0.10,1.21,-5.32,18.55,133.56,134.95,ARM_SWING
29411,1.02,0.71,0.08,1.24,22.54,16.87,128.17,131.23,ARM_SWING
29471,1.03,0.61,0.11,1.20,-1.96,1.26,111.58,111.60,ARM_SWING
29531,0.94,0.51,0.11,1.07,36.12,6.51,106.47,112.62,ARM_SWING
29590,0.85,0.51,0.17,1.01,45.50,13.86,99.05,109.88,ARM_SWING
29650,0.78,0.56,0.19,0.98,47.67,15.75,68.81,85.18,ARM_SWING
29708,0.75,0.57,0.19,0.97,48.72,17.36,30.10,59.84,ARM_SWING
29767,0.69,0.62,0.13,0.93,45.78,8.47,-15.26,48.99,ARM_SWING
29825,0.80,0.64,0.13,1.04,19.95,-10.92,-67.62,71.34,ARM_SWING
29885,0.92,0.65,0.10,1.13,7.77,-28.91,-112.14,116.07,ARM_SWING
29945,1.07,0.63,0.10,1.25,-0.70,-38.99,-145.39,150.53,ARM_SWING
30004,1.15,0.52,0.12,1.26,-0.77,-50.82,-154.35,162.50,ARM_SWING
30064,1.10,0.42,0.20,1.19,25.76,-15.47,-122.22,125.86,ARM_SWING
30123,1.02,0.29,0.15,1.07,16.80,-24.43,-85.54,90.53,ARM_SWING
30183,0.97,0.26,0.16,1.02,6.44,-16.80,-34.44,38.86,ARM_SWING
30242,0.92,0.30,0.17,0.98,3.43,3.92,21.07,21.70,ARM_SWING
30301,0.92,0.41,0.14,1.02,2.10,21.91,66.15,69.72,ARM_SWING
30360,0.93,0.58,0.11,1.10,-15.68,27.30,86.24,91.81,ARM_SWING
30419,0.93,0.59,0.09,1.11,-9.94,29.26,91.14,96.24,ARM_SWING
30479,0.92,0.61,0.03,1.11,8.96,33.95,92.54,98.98,ARM_SWING
30537,0.94,0.48,0.02,1.06,4.20,28.70,95.62,99.92,ARM_SWING
30596,0.96,0.47,-0.03,1.07,19.53,20.86,99.05,103.09,ARM_SWING
30656,0.94,0.38,0.01,1.01,-1.19,-5.11,90.79,90.94,ARM_SWING
30715,0.92,0.37,0.10,0.99,-1.12,-28.49,80.92,85.80,ARM_SWING
30775,0.89,0.33,0.18,0.97,-3.64,-27.16,58.38,64.49,ARM_SWING
30834,0.90,0.32,0.23,0.98,10.85,-18.34,33.88,40.02,ARM_SWING
30894,0.88,0.33,0.21,0.97,12.46,1.75,4.76,13.45,ARM_SWING
30952,0.95,0.27,0.19,1.00,12.67,7.21,-25.76,29.60,ARM_SWING
31012,0.96,0.21,0.14,0.99,10.64,11.83,-48.23,50.79,ARM_SWING
31072,1.00,0.21,0.12,1.03,12.88,8.19,-58.17,60.14,ARM_SWING
Recording stopped
