Recording started
time,accelX,accelY,accelZ,accelMagnitude,gyroX,gyroY,gyroZ,gyroMagnitude,activity
9,0.82,0.27,0.43,0.96,-7.98,-3.22,-0.42,8.62,ARM_SWING
67,0.73,0.34,0.42,0.91,-11.20,-11.62,0.28,16.14,ARM_SWING
126,0.64,0.50,0.42,0.91,-22.19,-21.77,-17.15,35.50,ARM_SWING
185,0.62,0.64,0.43,0.99,-35.07,-33.53,-48.44,68.56,ARM_SWING
245,0.70,0.75,0.46,1.13,-35.42,-32.90,-87.01,99.54,ARM_SWING
305,0.78,0.79,0.41,1.18,-30.66,-24.29,-115.50,121.94,ARM_SWING
364,0.93,0.81,0.38,1.29,-13.86,-10.08,-137.83,138.89,ARM_SWING
424,0.97,0.66,0.30,1.21,2.66,-3.36,-141.54,141.60,ARM_SWING
482,0.92,0.52,0.24,1.08,12.11,-11.41,-122.22,123.35,ARM_SWING
542,0.76,0.48,0.22,0.93,-0.70,-30.94,-87.43,92.75,ARM_SWING
601,0.66,0.50,0.16,0.84,4.06,-39.83,-44.10,59.56,ARM_SWING
660,0.73,0.46,0.25,0.90,-19.67,-47.74,4.06,51.79,ARM_SWING
719,0.76,0.50,0.28,0.95,-31.22,-43.26,49.77,72.96,ARM_SWING
777,0.76,0.47,0.30,0.95,-34.37,-44.73,90.86,106.95,ARM_SWING
837,0.93,0.50,0.42,1.14,-19.25,-36.47,122.36,129.12,ARM_SWING
896,1.10,0.51,0.48,1.31,-18.69,-25.76,135.03,138.73,ARM_SWING
956,1.08,0.61,0.51,1.34,-20.65,-12.46,126.21,128.49,ARM_SWING
1016,0.95,0.66,0.43,1.23,-9.66,5.88,111.72,112.29,ARM_SWING
1075,0.75,0.70,0.36,1.09,10.29,17.08,96.95,98.98,ARM_SWING
1134,0.69,0.69,0.36,1.04,-5.39,18.83,74.97,77.49,ARM_SWING
1192,0.70,0.67,0.38,1.04,16.10,18.90,40.67,47.65,ARM_SWING
1251,0.62,0.63,0.35,0.95,6.72,11.55,-4.69,14.16,ARM_SWING
1309,0.62,0.62,0.40,0.97,-9.80,-1.33,-39.62,40.84,ARM_SWING
1369,0.82,0.55,0.49,1.10,-14.77,-4.34,-62.58,64.45,ARM_SWING
1429,1.06,0.57,0.48,1.29,13.72,11.34,-87.99,89.77,ARM_SWING
1488,1.03,0.56,0.25,1.20,33.39,13.02,-116.76,122.14,ARM_SWING
1548,0.96,0.56,0.34,1.16,4.90,-5.46,-134.82,135.02,ARM_SWING
1607,0.95,0.55,0.38,1.16,9.38,-4.55,-126.98,127.41,ARM_SWING
1667,0.95,0.65,0.39,1.21,47.11,-3.29,-113.05,122.52,ARM_SWING
1726,0.90,0.52,0.64,1.22,41.44,3.78,-111.79,119.28,ARM_SWING
1786,0.73,0.41,0.43,0.94,-10.36,-13.65,-92.05,93.63,ARM_SWING
1846,0.63,0.30,0.40,0.81,-22.19,-12.81,-42.28,49.44,ARM_SWING
1905,0.62,0.25,0.38,0.77,-21.63,-16.52,16.10,31.62,ARM_SWING
1965,0.67,0.30,0.33,0.80,-18.27,-19.18,72.80,77.47,ARM_SWING
2024,0.84,0.36,0.36,0.98,-14.63,-17.08,124.88,126.89,ARM_SWING
2084,0.99,0.51,0.40,1.18,10.22,1.54,154.63,154.98,ARM_SWING
2143,1.03,0.61,0.47,1.29,15.19,4.97,165.13,165.90,ARM_SWING
2202,1.01,0.70,0.50,1.32,-2.66,1.54,152.74,152.77,ARM_SWING
2262,0.94,0.74,0.51,1.30,-22.54,1.61,122.99,125.05,ARM_SWING
2321,0.83,0.69,0.52,1.20,-11.69,12.74,74.97,76.94,ARM_SWING
2380,0.73,0.69,0.41,1.08,27.09,24.50,32.55,48.92,ARM_SWING
2438,0.67,0.68,0.33,1.01,15.61,14.42,-12.32,24.56,ARM_SWING
2497,0.76,0.62,0.32,1.04,10.57,3.78,-47.11,48.43,ARM_SWING
2556,0.76,0.58,0.26,0.99,-1.89,-18.13,-74.55,76.75,ARM_SWING
2615,0.91,0.62,0.31,1.14,-15.96,-32.13,-90.58,97.43,ARM_SWING
2675,1.10,0.59,0.42,1.32,-1.05,-34.09,-115.71,120.63,ARM_SWING
2734,1.13,0.59,0.43,1.34,9.52,-30.66,-150.78,154.16,ARM_SWING
2794,1.06,0.50,0.44,1.26,-17.43,-30.17,-163.87,167.53,ARM_SWING
2853,0.92,0.42,0.44,1.10,-15.82,-23.87,-145.25,148.05,ARM_SWING
2913,0.77,0.32,0.44,0.95,-6.51,-15.19,-111.37,112.59,ARM_SWING
2973,0.60,0.24,0.40,0.76,-15.19,-10.15,-51.24,54.40,ARM_SWING
3032,0.55,0.24,0.37,0.71,-3.78,-3.22,21.35,21.92,ARM_SWING
3091,0.64,0.30,0.35,0.79,7.98,1.47,84.14,84.53,ARM_SWING
3149,0.78,0.42,0.33,0.94,3.92,4.76,137.62,137.76,ARM_SWING
3208,0.95,0.52,0.36,1.14,0.21,7.14,164.99,165.14,ARM_SWING
3267,1.09,0.60,0.40,1.30,18.06,11.48,170.80,172.14,ARM_SWING
3326,1.11,0.65,0.41,1.35,30.87,22.05,148.12,152.90,ARM_SWING
3386,1.03,0.66,0.39,1.28,36.61,27.02,100.80,110.59,ARM_SWING
3444,0.89,0.65,0.38,1.17,28.56,18.55,61.11,69.96,ARM_SWING
3503,0.77,0.59,0.36,1.04,26.04,20.09,27.23,42.70,ARM_SWING
3561,0.69,0.58,0.33,0.96,25.69,13.58,5.60,29.59,ARM_SWING
3620,0.66,0.58,0.31,0.93,12.39,-0.42,-11.06,16.61,ARM_SWING
3680,0.73,0.58,0.34,0.99,-7.42,-15.96,-28.07,33.13,ARM_SWING
3739,0.81,0.61,0.38,1.08,-18.83,-23.24,-50.96,59.09,ARM_SWING
3799,0.90,0.60,0.44,1.17,-13.44,-17.01,-77.21,80.20,ARM_SWING
3858,0.96,0.60,0.43,1.21,10.36,-13.93,-96.81,98.35,ARM_SWING
3918,1.00,0.57,0.44,1.24,-9.24,-21.84,-114.52,116.95,ARM_SWING
3977,1.01,0.51,0.45,1.22,-22.47,-16.87,-126.56,129.64,ARM_SWING
4037,0.92,0.43,0.47,1.12,-9.87,-5.46,-121.73,122.25,ARM_SWING
4097,0.78,0.43,0.37,0.97,6.93,0.35,-100.80,101.04,ARM_SWING
4156,0.60,0.40,0.31,0.79,5.11,-4.97,-63.07,63.47,ARM_SWING
4215,0.57,0.38,0.29,0.74,-11.83,-10.08,-12.25,19.79,ARM_SWING
4274,0.63,0.36,0.30,0.79,-7.98,-8.05,34.23,36.06,ARM_SWING
4333,0.70,0.38,0.28,0.84,-2.59,-6.93,79.52,79.86,ARM_SWING
4392,0.81,0.39,0.32,0.95,-4.69,-8.75,121.59,121.99,ARM_SWING
4451,0.97,0.45,0.36,1.12,1.12,-9.10,148.75,149.03,ARM_SWING
4510,1.05,0.52,0.40,1.24,6.93,-5.60,146.37,146.64,ARM_SWING
4568,1.05,0.57,0.43,1.27,10.71,-3.01,120.19,120.70,ARM_SWING
4628,0.99,0.59,0.46,1.25,21.35,1.75,85.96,88.59,ARM_SWING
4685,0.87,0.58,0.43,1.13,26.67,3.85,60.34,66.08,ARM_SWING
4744,0.77,0.56,0.41,1.04,31.85,13.23,35.28,49.34,ARM_SWING
4803,0.71,0.57,0.38,0.99,29.68,12.46,12.18,34.42,ARM_SWING
4861,0.73,0.58,0.36,1.00,14.84,5.39,-10.50,18.96,ARM_SWING
4920,0.78,0.54,0.37,1.02,12.74,-1.40,-32.83,35.24,ARM_SWING
4978,0.80,0.57,0.36,1.05,1.89,-12.74,-49.98,51.61,ARM_SWING
5037,0.89,0.57,0.37,1.13,-0.56,-21.35,-67.20,70.51,ARM_SWING
5097,0.99,0.59,0.42,1.22,-11.48,-19.25,-87.08,89.92,ARM_SWING
5156,1.03,0.49,0.42,1.22,4.27,-3.15,-104.30,104.43,ARM_SWING
5216,1.00,0.49,0.38,1.17,13.23,0.14,-117.25,117.99,ARM_SWING
5275,0.93,0.39,0.36,1.07,-1.75,-0.42,-111.72,111.73,ARM_SWING
5335,0.81,0.34,0.33,0.94,0.28,1.54,-84.07,84.08,ARM_SWING
5393,0.71,0.32,0.30,0.83,2.03,0.63,-44.87,44.92,ARM_SWING
5452,0.68,0.32,0.28,0.80,1.26,0.49,1.82,2.27,ARM_SWING
5511,0.71,0.38,0.29,0.86,-1.96,-1.82,43.61,43.69,ARM_SWING
5569,0.79,0.44,0.30,0.96,-6.79,-4.48,75.11,75.55,ARM_SWING
5628,0.88,0.46,0.34,1.05,-16.17,-4.48,91.98,93.50,ARM_SWING
5687,0.94,0.46,0.37,1.11,-0.28,-4.13,103.88,103.96,ARM_SWING
5747,0.98,0.51,0.36,1.16,7.56,-2.38,104.79,105.09,ARM_SWING
5806,0.97,0.51,0.36,1.15,9.87,-5.25,98.00,98.64,ARM_SWING
5864,0.88,0.55,0.35,1.10,7.84,-7.28,90.16,90.79,ARM_SWING
5923,0.83,0.56,0.39,1.07,-0.63,-5.32,78.96,79.14,ARM_SWING
5982,0.76,0.59,0.42,1.05,-0.98,-7.35,60.06,60.52,ARM_SWING
6041,0.76,0.61,0.43,1.06,-5.04,-3.29,28.91,29.53,ARM_SWING
6100,0.80,0.62,0.42,1.09,-4.55,-0.77,-11.06,11.98,ARM_SWING
6159,0.83,0.62,0.39,1.11,-7.56,0.14,-47.53,48.13,ARM_SWING
6218,0.97,0.53,0.39,1.17,-1.68,5.74,-83.44,83.65,ARM_SWING
6276,1.00,0.53,0.33,1.17,12.67,4.69,-111.16,111.98,ARM_SWING
6336,1.01,0.51,0.34,1.18,-4.13,0.21,-123.69,123.76,ARM_SWING
6394,1.04,0.52,0.36,1.22,1.89,-0.98,-124.67,124.69,ARM_SWING
6454,0.97,0.44,0.37,1.12,18.48,13.16,-120.12,122.24,ARM_SWING
6514,0.85,0.39,0.35,1.00,28.98,16.03,-102.69,107.90,ARM_SWING
6573,0.74,0.34,0.32,0.87,17.99,10.64,-71.19,74.19,ARM_SWING
6633,0.67,0.29,0.30,0.79,18.90,5.18,-21.70,29.24,ARM_SWING
6691,0.66,0.33,0.30,0.80,-23.31,-8.54,28.84,38.05,ARM_SWING
6751,0.74,0.37,0.32,0.88,-16.38,-9.87,77.14,79.48,ARM_SWING
6810,0.87,0.42,0.34,1.02,-15.75,-13.16,110.53,112.42,ARM_SWING
6870,0.97,0.47,0.39,1.15,-24.50,-16.38,128.59,131.92,ARM_SWING
6930,1.04,0.51,0.48,1.25,-31.01,-12.25,132.79,136.91,ARM_SWING
6989,0.99,0.52,0.48,1.21,-11.97,-3.92,117.25,117.92,ARM_SWING
7049,0.95,0.57,0.47,1.20,-5.11,1.68,91.07,91.23,ARM_SWING
7107,0.86,0.56,0.44,1.11,9.17,9.10,66.92,68.16,ARM_SWING
7166,0.74,0.57,0.38,1.01,17.01,11.62,42.42,47.16,ARM_SWING
7225,0.65,0.59,0.34,0.94,10.78,7.28,17.57,21.86,ARM_SWING
7283,0.74,0.58,0.37,1.01,8.33,2.31,-11.27,14.20,ARM_SWING
7342,0.81,0.58,0.34,1.06,23.17,-0.07,-42.98,48.83,ARM_SWING
7401,0.86,0.58,0.32,1.09,7.70,-16.17,-80.78,82.74,ARM_SWING
7460,0.97,0.56,0.35,1.17,-42.77,-32.20,-107.24,119.86,ARM_SWING
7519,1.11,0.43,0.45,1.27,-31.36,-18.55,-114.03,119.71,ARM_SWING
7579,1.07,0.45,0.43,1.24,8.54,-6.65,-114.66,115.17,ARM_SWING
7639,1.03,0.41,0.42,1.18,-6.72,-12.18,-125.51,126.28,ARM_SWING
7698,0.95,0.31,0.43,1.09,-10.43,-7.63,-116.27,116.99,ARM_SWING
7758,0.78,0.26,0.36,0.90,1.61,-2.59,-82.60,82.66,ARM_SWING
7816,0.64,0.25,0.33,0.77,-13.51,-6.16,-28.28,31.94,ARM_SWING
7876,0.62,0.26,0.33,0.75,-9.73,-5.11,38.01,39.57,ARM_SWING
7934,0.76,0.34,0.35,0.90,6.86,1.82,91.56,91.83,ARM_SWING
7993,0.86,0.45,0.33,1.03,11.90,5.25,123.90,124.58,ARM_SWING
8052,1.00,0.52,0.38,1.19,4.13,2.38,136.01,136.09,ARM_SWING
8110,1.03,0.55,0.44,1.24,-8.61,0.14,128.17,128.46,ARM_SWING
8170,0.97,0.54,0.45,1.20,-6.51,1.47,104.16,104.37,ARM_SWING
8228,0.89,0.56,0.45,1.14,7.98,7.56,76.79,77.57,ARM_SWING
8287,0.80,0.56,0.42,1.06,18.55,11.20,47.32,52.05,ARM_SWING
8346,0.72,0.57,0.36,0.99,18.55,7.56,20.58,28.72,ARM_SWING
8404,0.69,0.58,0.35,0.97,-5.88,-0.91,-8.61,10.47,ARM_SWING
8464,0.77,0.56,0.38,1.02,-11.62,-12.95,-32.76,37.09,ARM_SWING
8523,0.84,0.54,0.40,1.08,-5.81,-14.07,-58.38,60.33,ARM_SWING
8583,0.94,0.54,0.41,1.15,-13.37,-16.59,-84.35,87.00,ARM_SWING
8643,1.02,0.51,0.43,1.22,-27.02,-18.13,-108.29,113.07,ARM_SWING
8702,1.05,0.49,0.45,1.24,-36.75,-15.12,-125.86,131.98,ARM_SWING
8762,1.01,0.45,0.41,1.18,-20.02,-1.05,-129.57,131.11,ARM_SWING
8821,0.88,0.44,0.36,1.05,-1.89,2.45,-118.86,118.90,ARM_SWING
8881,0.74,0.36,0.32,0.89,-7.98,0.63,-88.69,89.05,ARM_SWING
8939,0.67,0.31,0.33,0.81,2.80,3.29,-43.05,43.27,ARM_SWING
8998,0.66,0.31,0.32,0.80,6.09,4.41,6.93,10.23,ARM_SWING
9057,0.72,0.34,0.35,0.87,9.73,-0.14,53.06,53.94,ARM_SWING
9115,0.81,0.35,0.37,0.96,10.85,-0.28,91.56,92.20,ARM_SWING
9174,0.90,0.41,0.39,1.06,14.14,1.19,119.98,120.82,ARM_SWING
9233,0.99,0.45,0.39,1.15,15.89,2.17,132.02,132.99,ARM_SWING
9293,1.10,0.48,0.33,1.24,30.87,-0.56,132.86,136.40,ARM_SWING
9352,1.05,0.56,0.32,1.23,42.63,0.21,112.21,120.04,ARM_SWING
9412,0.91,0.56,0.34,1.12,22.68,-2.59,81.48,84.62,ARM_SWING
9471,0.78,0.56,0.43,1.05,17.43,-0.70,66.36,68.61,ARM_SWING
9529,0.69,0.59,0.45,1.02,12.95,4.27,42.49,44.62,ARM_SWING
9588,0.70,0.62,0.43,1.03,7.07,7.00,16.66,19.40,ARM_SWING
9646,0.79,0.63,0.42,1.10,0.70,6.58,-35.21,35.83,ARM_SWING
9706,0.85,0.73,0.33,1.17,-18.06,2.38,-62.93,65.51,ARM_SWING
9766,1.00,0.59,0.36,1.21,-83.93,-7.35,-113.05,140.99,ARM_SWING
9825,1.05,0.54,0.38,1.24,-26.53,-5.74,-130.34,133.14,ARM_SWING
9885,1.04,0.50,0.40,1.22,-26.95,-2.80,-144.55,147.07,ARM_SWING
9944,1.02,0.44,0.39,1.18,-16.38,0.70,-143.08,144.02,ARM_SWING
10004,0.96,0.39,0.38,1.10,-12.11,0.35,-125.23,125.81,ARM_SWING
10063,0.86,0.31,0.33,0.97,-7.63,-2.66,-99.68,100.01,ARM_SWING
10123,0.75,0.27,0.35,0.87,2.66,-3.85,-61.60,61.78,ARM_SWING
10183,0.66,0.24,0.36,0.79,-1.82,-3.50,-3.99,5.61,ARM_SWING
10241,0.65,0.25,0.36,0.79,15.68,-2.24,53.90,56.18,ARM_SWING
10300,0.70,0.33,0.35,0.85,29.12,-4.13,110.04,113.90,ARM_SWING
10359,0.85,0.40,0.40,1.02,16.24,-10.85,154.00,155.23,ARM_SWING
10419,1.05,0.57,0.42,1.27,15.26,-6.72,167.16,167.99,ARM_SWING
10478,1.07,0.67,0.45,1.35,8.96,-2.24,134.96,135.28,ARM_SWING
10538,0.99,0.71,0.44,1.30,3.22,2.94,82.25,82.37,ARM_SWING
10597,0.80,0.64,0.42,1.11,21.00,9.17,51.59,56.45,ARM_SWING
10655,0.68,0.63,0.38,1.00,15.61,10.78,32.27,37.43,ARM_SWING
10715,0.65,0.68,0.36,1.01,14.00,-0.91,3.50,14.46,ARM_SWING
10773,0.77,0.69,0.41,1.11,-28.63,-10.36,-34.86,46.28,ARM_SWING
10833,0.89,0.65,0.43,1.19,-12.67,-0.77,-66.29,67.49,ARM_SWING
10893,0.99,0.63,0.41,1.24,-1.68,6.37,-101.50,101.71,ARM_SWING
10952,1.04,0.55,0.38,1.24,11.69,7.21,-124.81,125.56,ARM_SWING
11012,1.04,0.51,0.38,1.21,4.83,0.70,-138.11,138.20,ARM_SWING
11071,0.95,0.42,0.37,1.10,-9.73,-8.75,-136.99,137.61,ARM_SWING
11131,0.80,0.33,0.37,0.94,-15.19,-15.47,-116.55,118.55,ARM_SWING
11190,0.68,0.26,0.37,0.82,-8.33,-9.17,-67.83,68.95,ARM_SWING
11250,0.62,0.24,0.37,0.76,1.40,-0.14,-6.02,6.18,ARM_SWING
11309,0.65,0.29,0.34,0.79,10.43,0.21,47.74,48.87,ARM_SWING
11367,0.78,0.36,0.35,0.93,24.99,1.12,93.66,96.94,ARM_SWING
11426,0.90,0.46,0.37,1.08,23.24,1.82,121.45,123.67,ARM_SWING
11485,0.97,0.50,0.40,1.16,19.39,3.64,142.59,143.95,ARM_SWING
11545,1.04,0.60,0.42,1.27,14.14,7.70,149.80,150.66,ARM_SWING
11604,1.02,0.67,0.42,1.29,17.57,9.17,131.18,132.67,ARM_SWING
11664,0.90,0.71,0.40,1.22,8.33,16.10,98.49,100.14,ARM_SWING
11724,0.83,0.68,0.40,1.14,8.61,16.24,58.17,61.01,ARM_SWING
11782,0.73,0.67,0.36,1.06,28.49,17.71,17.71,37.93,ARM_SWING
11841,0.70,0.66,0.33,1.02,6.65,5.60,-19.46,21.31,ARM_SWING
11899,0.74,0.59,0.34,1.01,-6.93,-5.53,-45.50,46.36,ARM_SWING
11959,0.85,0.60,0.36,1.10,-15.40,-14.77,-65.94,69.31,ARM_SWING
12018,0.95,0.57,0.39,1.17,-11.62,-14.28,-86.45,88.39,ARM_SWING
12078,1.01,0.57,0.39,1.22,-13.44,-18.34,-108.57,110.93,ARM_SWING
12138,1.05,0.51,0.39,1.23,-29.05,-23.94,-131.25,136.54,ARM_SWING
12197,1.01,0.43,0.39,1.17,-46.69,-27.23,-136.78,147.07,ARM_SWING
12257,0.89,0.33,0.37,1.02,-43.54,-26.60,-119.84,130.25,ARM_SWING
12316,0.75,0.29,0.34,0.88,-28.00,-21.42,-82.18,89.42,ARM_SWING
12376,0.64,0.30,0.33,0.78,-9.10,-17.71,-33.81,39.24,ARM_SWING
12435,0.62,0.35,0.31,0.78,-5.53,-16.59,18.83,25.70,ARM_SWING
12495,0.68,0.38,0.35,0.85,4.83,-18.76,63.21,66.11,ARM_SWING
12555,0.80,0.40,0.38,0.97,1.82,-14.21,96.46,97.52,ARM_SWING
12613,0.92,0.43,0.42,1.09,11.20,-6.09,119.84,120.52,ARM_SWING
12673,1.04,0.47,0.45,1.23,26.46,8.47,121.66,124.79,ARM_SWING
12732,1.03,0.52,0.43,1.23,38.64,20.09,103.95,112.70,ARM_SWING
12792,0.95,0.55,0.42,1.17,38.57,25.76,78.33,91.03,ARM_SWING
12851,0.85,0.54,0.41,1.09,37.73,27.65,58.38,74.81,ARM_SWING
12910,0.76,0.55,0.39,1.01,30.59,25.62,41.30,57.43,ARM_SWING
12970,0.71,0.55,0.36,0.97,22.47,17.50,24.57,37.61,ARM_SWING
13028,0.70,0.58,0.34,0.97,12.11,5.18,8.47,15.66,ARM_SWING
13087,0.76,0.59,0.34,1.02,-7.07,-10.36,-13.37,18.33,ARM_SWING
13146,0.82,0.57,0.37,1.07,-14.21,-21.07,-42.00,49.09,ARM_SWING
13206,0.86,0.57,0.37,1.10,-26.88,-30.87,-67.55,78.98,ARM_SWING
13266,0.94,0.53,0.40,1.15,-42.00,-34.51,-90.09,105.22,ARM_SWING
13325,1.02,0.54,0.43,1.23,-42.42,-27.16,-115.08,125.62,ARM_SWING
13385,1.00,0.46,0.43,1.19,-31.01,-19.53,-128.10,133.24,ARM_SWING
13444,0.90,0.41,0.41,1.07,-22.68,-14.21,-117.39,120.40,ARM_SWING
13504,0.80,0.33,0.39,0.95,-19.81,-7.56,-88.90,91.39,ARM_SWING
13563,0.71,0.30,0.36,0.85,-1.12,-1.54,-44.87,44.91,ARM_SWING
13623,0.67,0.31,0.33,0.81,-0.98,-1.54,4.83,5.16,ARM_SWING
13682,0.71,0.36,0.36,0.87,-3.50,-6.44,49.70,50.24,ARM_SWING
13740,0.78,0.39,0.38,0.95,2.52,-2.03,82.81,82.87,ARM_SWING
13799,0.88,0.43,0.41,1.06,11.06,5.11,106.26,106.96,ARM_SWING
13858,0.95,0.48,0.40,1.14,26.11,12.11,109.69,113.40,ARM_SWING
13918,0.96,0.54,0.39,1.17,22.33,14.77,93.94,97.68,ARM_SWING
13976,0.92,0.52,0.39,1.12,36.61,17.08,67.69,78.83,ARM_SWING
14035,0.84,0.53,0.38,1.06,49.14,15.89,49.63,71.63,ARM_SWING
14095,0.74,0.54,0.38,0.99,31.78,8.82,41.65,53.13,ARM_SWING
14153,0.73,0.53,0.40,0.99,17.36,4.13,33.11,37.61,ARM_SWING
14212,0.74,0.57,0.40,1.02,12.81,-1.33,17.85,22.01,ARM_SWING
14271,0.77,0.56,0.41,1.04,-0.42,-8.54,-1.89,8.76,ARM_SWING
14330,0.80,0.54,0.43,1.05,31.15,-8.05,-13.44,34.87,ARM_SWING
14390,0.85,0.62,0.39,1.12,-3.71,-11.13,-39.76,41.45,ARM_SWING
14449,0.94,0.56,0.43,1.17,2.59,-9.17,-67.41,68.08,ARM_SWING
14509,0.96,0.52,0.44,1.18,22.82,0.42,-87.99,90.90,ARM_SWING
14568,0.91,0.51,0.38,1.11,0.77,0.00,-98.77,98.77,ARM_SWING
14627,0.84,0.47,0.37,1.03,-10.15,-5.74,-97.09,97.79,ARM_SWING
14686,0.75,0.39,0.37,0.92,-13.65,-5.60,-73.36,74.83,ARM_SWING
14746,0.69,0.39,0.34,0.86,-14.49,-0.77,-40.46,42.98,ARM_SWING
14806,0.68,0.36,0.34,0.84,-21.63,-0.56,-5.25,22.27,ARM_SWING
14865,0.74,0.38,0.33,0.90,-7.14,-1.12,28.14,29.05,ARM_SWING
14924,0.79,0.41,0.33,0.95,-8.82,-2.73,54.25,55.03,ARM_SWING
14982,0.83,0.43,0.34,0.99,-6.02,-6.93,69.23,69.84,ARM_SWING
15041,0.88,0.47,0.35,1.05,-5.53,-13.16,74.55,75.90,ARM_SWING
15101,0.89,0.48,0.40,1.09,-5.11,-14.49,76.72,78.24,ARM_SWING
15160,0.88,0.49,0.44,1.10,7.63,-8.61,72.52,73.43,ARM_SWING
15219,0.85,0.52,0.43,1.08,26.32,0.70,65.52,70.61,ARM_SWING
15278,0.82,0.56,0.41,1.07,25.76,1.12,55.02,60.76,ARM_SWING
15337,0.78,0.59,0.42,1.06,12.46,-1.89,40.95,42.85,ARM_SWING
15395,0.77,0.61,0.43,1.07,-4.13,-4.97,20.51,21.50,ARM_SWING
15455,0.81,0.59,0.43,1.09,-4.06,-2.38,-5.25,7.05,ARM_SWING
15514,0.83,0.59,0.41,1.10,-1.61,-1.61,-31.43,31.51,ARM_SWING
15573,0.86,0.55,0.40,1.09,-8.75,-4.62,-54.46,55.35,ARM_SWING
15633,0.90,0.53,0.39,1.11,-12.95,-5.53,-70.84,72.23,ARM_SWING
15692,0.93,0.51,0.38,1.12,-6.51,-10.29,-81.48,82.38,ARM_SWING
15752,0.90,0.50,0.38,1.10,-17.22,-8.96,-93.24,95.24,ARM_SWING
15811,0.83,0.44,0.37,1.01,-27.23,-10.78,-89.81,94.46,ARM_SWING
15871,0.78,0.42,0.37,0.96,-22.12,-4.76,-70.42,73.97,ARM_SWING
15931,0.76,0.40,0.36,0.93,-6.93,2.38,-45.36,45.95,ARM_SWING
15990,0.76,0.38,0.33,0.92,-1.61,5.46,-20.93,21.69,ARM_SWING
16050,0.77,0.38,0.32,0.92,5.74,5.11,4.90,9.11,ARM_SWING
16108,0.78,0.40,0.31,0.93,7.91,3.50,26.04,27.44,ARM_SWING
16167,0.79,0.41,0.33,0.95,6.51,-0.35,46.34,46.80,ARM_SWING
16226,0.81,0.43,0.34,0.97,12.74,-1.96,65.24,66.50,ARM_SWING
16284,0.83,0.46,0.35,1.01,9.52,-5.88,80.08,80.86,ARM_SWING
16343,0.84,0.49,0.37,1.04,3.64,-10.01,89.67,90.30,ARM_SWING
16402,0.87,0.52,0.41,1.09,1.26,-10.43,89.74,90.35,ARM_SWING
16461,0.88,0.55,0.43,1.13,7.42,-6.86,79.94,80.58,ARM_SWING
16520,0.85,0.61,0.45,1.14,9.10,-4.62,58.24,59.13,ARM_SWING
16579,0.80,0.62,0.45,1.11,-3.15,-4.83,24.57,25.24,ARM_SWING
16639,0.78,0.58,0.44,1.07,-1.40,0.98,-5.25,5.52,ARM_SWING
16697,0.80,0.57,0.41,1.06,-1.89,3.08,-26.39,26.64,ARM_SWING
16757,0.82,0.56,0.37,1.06,-8.89,-0.14,-45.43,46.29,ARM_SWING
16816,0.86,0.52,0.39,1.08,-11.34,-0.70,-62.23,63.26,ARM_SWING
16876,0.92,0.47,0.34,1.09,0.63,-2.03,-73.15,73.18,ARM_SWING
16935,0.96,0.46,0.39,1.13,7.56,-0.91,-82.18,82.53,ARM_SWING
16995,0.93,0.48,0.38,1.11,15.40,2.73,-87.50,88.89,ARM_SWING
17054,0.88,0.45,0.40,1.07,8.12,1.40,-86.03,86.42,ARM_SWING
17112,0.80,0.40,0.38,0.97,-4.97,-0.56,-70.56,70.74,ARM_SWING
17172,0.71,0.35,0.35,0.87,-11.13,1.96,-41.02,42.55,ARM_SWING
17231,0.69,0.33,0.33,0.84,-1.40,5.32,-0.70,5.55,ARM_SWING
17290,0.72,0.36,0.31,0.86,2.17,3.50,33.95,34.20,ARM_SWING
17349,0.75,0.40,0.31,0.91,0.77,-1.19,63.00,63.02,ARM_SWING
17407,0.83,0.43,0.34,0.99,-3.71,-6.09,84.21,84.51,ARM_SWING
17467,0.87,0.47,0.36,1.06,0.56,-8.68,93.52,93.92,ARM_SWING
17525,0.89,0.51,0.37,1.09,-0.84,-12.25,91.42,92.24,ARM_SWING
17585,0.89,0.55,0.41,1.12,-2.94,-17.01,80.43,82.26,ARM_SWING
17644,0.89,0.56,0.45,1.15,-7.91,-16.17,64.05,66.53,ARM_SWING
17704,0.86,0.55,0.45,1.12,5.32,-6.51,36.19,37.15,ARM_SWING
17764,0.81,0.54,0.43,1.06,17.57,1.75,13.09,21.98,ARM_SWING
17822,0.76,0.56,0.39,1.02,9.94,1.40,-2.31,10.30,ARM_SWING
17881,0.79,0.53,0.41,1.04,-8.19,-2.66,-20.79,22.50,ARM_SWING
17940,0.81,0.51,0.43,1.05,0.49,0.84,-34.65,34.66,ARM_SWING
17999,0.85,0.51,0.42,1.07,15.89,7.91,-45.64,48.97,ARM_SWING
18059,0.87,0.54,0.40,1.10,16.94,10.22,-58.73,61.97,ARM_SWING
18118,0.94,0.49,0.39,1.13,11.69,10.22,-72.87,74.51,ARM_SWING
18178,0.95,0.46,0.38,1.12,5.67,5.60,-82.04,82.43,ARM_SWING
18236,0.91,0.42,0.36,1.06,3.99,5.04,-84.42,84.66,ARM_SWING
18295,0.83,0.38,0.35,0.98,-4.62,1.75,-74.55,74.71,ARM_SWING
18353,0.73,0.34,0.33,0.87,-1.26,-0.14,-45.08,45.10,ARM_SWING
18413,0.67,0.35,0.31,0.82,-1.75,-4.06,-7.14,8.40,ARM_SWING
18472,0.70,0.38,0.33,0.86,-4.83,-7.63,29.61,30.96,ARM_SWING
18531,0.78,0.41,0.36,0.96,-5.11,-9.38,54.46,55.50,ARM_SWING
18591,0.87,0.45,0.39,1.05,-4.69,-7.56,68.60,69.17,ARM_SWING
18649,0.88,0.46,0.38,1.07,1.82,-5.53,71.19,71.43,ARM_SWING
18708,0.87,0.50,0.37,1.06,4.97,-6.02,68.39,68.83,ARM_SWING
18767,0.85,0.51,0.38,1.06,-2.52,-7.98,64.75,65.29,ARM_SWING
18825,0.83,0.50,0.39,1.05,5.11,-5.25,61.74,62.17,ARM_SWING
18884,0.81,0.53,0.42,1.06,13.72,-1.12,59.15,60.73,ARM_SWING
18942,0.80,0.57,0.42,1.07,17.71,1.12,45.29,48.64,ARM_SWING
19002,0.79,0.60,0.43,1.08,4.83,-1.89,20.16,20.82,ARM_SWING
19060,0.79,0.58,0.44,1.08,-3.15,-2.17,-7.00,7.98,ARM_SWING
19119,0.82,0.56,0.43,1.08,-1.47,0.77,-29.26,29.31,ARM_SWING
19179,0.83,0.53,0.41,1.07,-1.89,1.26,-47.32,47.37,ARM_SWING
19237,0.88,0.50,0.43,1.10,-0.98,2.59,-63.56,63.62,ARM_SWING
19297,0.92,0.49,0.43,1.13,3.36,6.37,-76.86,77.20,ARM_SWING
19355,0.95,0.51,0.42,1.15,7.00,9.80,-88.62,89.43,ARM_SWING
19414,0.89,0.52,0.39,1.10,4.83,6.44,-97.23,97.56,ARM_SWING
19473,0.76,0.44,0.36,0.95,-1.54,4.20,-87.15,87.26,ARM_SWING
19531,0.71,0.38,0.34,0.87,-7.21,2.03,-56.91,57.40,ARM_SWING
19591,0.68,0.36,0.31,0.83,-3.36,-0.28,-20.16,20.44,ARM_SWING
19650,0.69,0.36,0.31,0.84,-8.54,-6.51,15.96,19.24,ARM_SWING
19709,0.74,0.38,0.32,0.89,-7.70,-11.34,45.50,47.52,ARM_SWING
19768,0.81,0.41,0.34,0.97,-7.91,-14.14,70.70,72.53,ARM_SWING
19828,0.85,0.45,0.36,1.03,-9.52,-19.60,82.60,85.43,ARM_SWING
19888,0.88,0.48,0.38,1.07,-10.15,-23.59,85.12,88.91,ARM_SWING
19947,0.90,0.51,0.43,1.13,-8.82,-22.33,79.80,83.33,ARM_SWING
20007,0.87,0.53,0.45,1.12,2.80,-17.01,65.38,67.61,ARM_SWING
20065,0.84,0.55,0.47,1.11,12.74,-7.91,46.27,48.64,ARM_SWING
20125,0.79,0.57,0.46,1.08,12.11,-3.36,25.55,28.47,ARM_SWING
20184,0.77,0.58,0.45,1.06,0.49,0.35,6.44,6.47,ARM_SWING
20243,0.79,0.56,0.45,1.06,-3.08,0.98,-12.11,12.53,ARM_SWING
20303,0.83,0.54,0.43,1.08,1.47,3.64,-31.64,31.88,ARM_SWING
20361,0.85,0.53,0.41,1.08,3.99,4.48,-46.69,47.07,ARM_SWING
20420,0.86,0.50,0.40,1.08,-4.41,3.57,-59.29,59.56,ARM_SWING
20478,0.89,0.49,0.42,1.10,4.76,5.53,-70.70,71.08,ARM_SWING
20537,0.90,0.53,0.43,1.13,13.51,6.93,-80.71,82.13,ARM_SWING
20597,0.87,0.55,0.40,1.11,13.65,11.76,-84.70,86.60,ARM_SWING
20656,0.81,0.49,0.37,1.02,-4.83,7.21,-81.90,82.36,ARM_SWING
20716,0.72,0.42,0.34,0.90,-9.38,3.99,-60.48,61.33,ARM_SWING
20774,0.69,0.37,0.32,0.84,-11.48,1.26,-28.00,30.29,ARM_SWING
20834,0.70,0.36,0.31,0.84,-4.20,-0.28,10.92,11.70,ARM_SWING
20893,0.73,0.39,0.31,0.88,-3.15,-3.50,42.77,43.03,ARM_SWING
20952,0.77,0.41,0.33,0.94,-5.32,-7.14,66.71,67.30,ARM_SWING
21012,0.82,0.45,0.36,1.00,-4.76,-11.90,84.07,85.04,ARM_SWING
21071,0.88,0.48,0.40,1.08,-2.17,-11.55,87.22,88.01,ARM_SWING
21131,0.88,0.51,0.41,1.10,11.34,-7.98,81.97,83.13,ARM_SWING
21190,0.86,0.55,0.42,1.10,8.61,-10.29,69.44,70.72,ARM_SWING
21249,0.83,0.57,0.44,1.10,3.78,-10.71,54.95,56.11,ARM_SWING
21309,0.80,0.57,0.46,1.08,5.88,-6.16,37.80,38.75,ARM_SWING
21367,0.79,0.59,0.45,1.08,8.40,-2.52,17.22,19.32,ARM_SWING
21426,0.79,0.59,0.43,1.07,-0.14,-3.29,-7.42,8.12,ARM_SWING
21485,0.81,0.55,0.42,1.07,-8.33,-4.48,-27.79,29.36,ARM_SWING
21545,0.82,0.54,0.40,1.06,-13.93,-6.23,-43.89,46.47,ARM_SWING
21604,0.86,0.53,0.39,1.08,-20.51,-8.54,-59.43,63.45,ARM_SWING
21664,0.91,0.56,0.40,1.14,-25.69,-10.78,-77.56,82.41,ARM_SWING
21724,0.91,0.52,0.42,1.13,-17.57,-5.25,-89.32,91.18,ARM_SWING
21783,0.89,0.55,0.41,1.12,-9.94,0.21,-97.37,97.88,ARM_SWING
21843,0.82,0.49,0.39,1.03,-8.05,2.38,-94.99,95.36,ARM_SWING
21901,0.72,0.45,0.34,0.91,-9.66,2.73,-72.73,73.42,ARM_SWING
21961,0.67,0.40,0.32,0.84,-12.88,-1.33,-39.41,41.48,ARM_SWING
22020,0.67,0.39,0.30,0.83,-14.63,-6.16,-6.02,16.98,ARM_SWING
22080,0.73,0.39,0.39,0.91,-8.19,-9.17,26.60,29.30,ARM_SWING
22140,0.77,0.41,0.31,0.93,-4.76,-11.13,53.13,54.49,ARM_SWING
22199,0.84,0.43,0.33,1.00,-6.23,-13.30,74.69,76.12,ARM_SWING
22259,0.90,0.46,0.37,1.07,0.98,-14.21,79.94,81.20,ARM_SWING
22317,0.92,0.47,0.40,1.11,10.36,-10.85,77.84,79.27,ARM_SWING
22377,0.92,0.48,0.42,1.12,30.87,0.70,73.22,79.46,ARM_SWING
22435,0.89,0.49,0.43,1.11,45.29,10.78,66.71,81.35,ARM_SWING
22495,0.84,0.51,0.42,1.07,54.74,18.55,60.20,83.45,ARM_SWING
22554,0.80,0.53,0.39,1.04,43.54,16.24,53.97,71.22,ARM_SWING
22613,0.76,0.56,0.39,1.02,24.57,9.80,45.08,52.27,ARM_SWING
22672,0.75,0.58,0.40,1.03,0.77,0.42,28.49,28.50,ARM_SWING
22730,0.76,0.58,0.41,1.04,-10.64,-5.32,7.07,13.84,ARM_SWING
22790,0.79,0.58,0.41,1.06,-17.15,-8.47,-18.27,26.45,ARM_SWING
22850,0.82,0.57,0.41,1.08,-28.49,-11.41,-40.18,50.56,ARM_SWING
22909,0.87,0.55,0.42,1.11,-25.69,-10.50,-59.57,65.72,ARM_SWING
22969,0.94,0.49,0.48,1.16,-5.32,2.59,-77.00,77.23,ARM_SWING
23028,0.95,0.56,0.42,1.17,25.76,12.18,-94.92,99.10,ARM_SWING
23088,0.95,0.53,0.41,1.16,3.71,7.84,-114.38,114.71,ARM_SWING
23147,0.84,0.48,0.38,1.05,3.08,5.95,-105.98,106.19,ARM_SWING
23207,0.73,0.41,0.35,0.91,-10.15,2.24,-82.46,83.11,ARM_SWING
23267,0.68,0.38,0.33,0.85,-15.82,-0.21,-46.76,49.36,ARM_SWING
23326,0.70,0.36,0.32,0.85,-13.51,-2.10,-10.01,16.94,ARM_SWING
23386,0.75,0.36,0.32,0.89,-13.09,-4.97,23.66,27.49,ARM_SWING
23445,0.77,0.38,0.31,0.92,0.14,-1.26,54.53,54.54,ARM_SWING
23504,0.81,0.41,0.32,0.96,-2.45,-12.11,72.80,73.84,ARM_SWING
23563,0.84,0.44,0.36,1.02,-3.57,-17.43,91.07,92.79,ARM_SWING
23623,0.89,0.46,0.40,1.08,1.61,-16.87,101.22,102.63,ARM_SWING
23683,0.92,0.51,0.44,1.14,12.18,-13.37,103.18,104.75,ARM_SWING
23742,0.91,0.56,0.46,1.16,18.69,-9.59,91.28,93.67,ARM_SWING
23802,0.88,0.59,0.47,1.15,21.77,-3.71,67.90,71.40,ARM_SWING
23861,0.82,0.59,0.46,1.11,22.12,2.03,41.30,46.89,ARM_SWING
23920,0.77,0.59,0.44,1.07,12.88,1.26,15.75,20.38,ARM_SWING
23978,0.76,0.59,0.43,1.05,-1.68,-1.26,-7.70,7.98,ARM_SWING
24037,0.79,0.56,0.43,1.06,-8.75,-2.87,-30.17,31.54,ARM_SWING
24097,0.84,0.54,0.43,1.09,-12.67,-3.64,-50.19,51.89,ARM_SWING
24156,0.89,0.56,0.42,1.14,-10.78,-5.11,-73.57,74.53,ARM_SWING
24216,0.93,0.56,0.43,1.17,-5.95,-1.61,-95.41,95.61,ARM_SWING
24275,0.91,0.54,0.44,1.15,-5.11,3.15,-108.29,108.46,ARM_SWING
24335,0.87,0.53,0.41,1.10,-1.82,6.09,-110.25,110.43,ARM_SWING
24394,0.81,0.48,0.37,1.01,-9.87,7.42,-98.70,99.47,ARM_SWING
24454,0.75,0.44,0.35,0.94,-1.05,10.71,-73.78,74.56,ARM_SWING
24514,0.71,0.42,0.32,0.88,-17.92,8.05,-45.15,49.24,ARM_SWING
24573,0.70,0.39,0.31,0.86,-0.77,2.45,-14.42,14.65,ARM_SWING
24633,0.70,0.38,0.30,0.85,0.35,-3.01,18.20,18.45,ARM_SWING
24691,0.73,0.39,0.32,0.89,2.59,-7.77,51.31,51.96,ARM_SWING
24750,0.77,0.40,0.34,0.93,-2.31,-14.07,82.60,83.82,ARM_SWING
24809,0.85,0.42,0.38,1.02,0.91,-14.21,108.64,109.57,ARM_SWING
24869,0.91,0.48,0.40,1.11,3.99,-14.21,122.57,123.46,ARM_SWING
24929,0.95,0.53,0.44,1.17,3.15,-13.23,119.21,119.98,ARM_SWING
24988,0.94,0.58,0.46,1.19,6.37,-12.18,102.41,103.33,ARM_SWING
25048,0.89,0.62,0.46,1.18,5.04,-10.78,75.32,76.25,ARM_SWING
25107,0.83,0.63,0.47,1.14,4.48,-7.49,41.30,42.21,ARM_SWING
25166,0.79,0.60,0.46,1.09,5.81,-3.43,7.21,9.87,ARM_SWING
25225,0.78,0.58,0.44,1.07,2.03,-0.14,-19.81,19.91,ARM_SWING
25283,0.81,0.56,0.42,1.07,-6.51,-3.99,-45.43,46.07,ARM_SWING
25343,0.85,0.54,0.41,1.09,-23.24,-7.84,-66.22,70.62,ARM_SWING
25402,0.91,0.53,0.41,1.13,-32.13,-8.40,-83.37,89.74,ARM_SWING
25462,0.96,0.52,0.44,1.17,-29.82,-5.74,-100.73,105.21,ARM_SWING
25521,0.97,0.48,0.42,1.16,-16.03,7.42,-112.42,113.80,ARM_SWING
25581,0.92,0.46,0.39,1.10,4.34,17.29,-111.23,112.65,ARM_SWING
25641,0.84,0.40,0.34,0.99,2.52,18.34,-96.32,98.08,ARM_SWING
25700,0.75,0.36,0.32,0.89,3.99,15.47,-67.06,68.94,ARM_SWING
25759,0.69,0.32,0.28,0.81,5.88,11.20,-27.37,30.15,ARM_SWING
25818,0.68,0.34,0.28,0.81,6.02,4.41,16.10,17.75,ARM_SWING
25877,0.74,0.36,0.31,0.87,9.80,-2.87,55.16,56.10,ARM_SWING
25935,0.79,0.39,0.32,0.94,1.75,-9.45,86.38,86.91,ARM_SWING
25994,0.87,0.43,0.35,1.03,-2.73,-13.58,108.57,109.45,ARM_SWING
26054,0.95,0.48,0.40,1.14,2.80,-11.62,117.81,118.41,ARM_SWING
26113,0.97,0.51,0.43,1.18,17.57,-7.63,112.42,114.04,ARM_SWING
26173,0.93,0.57,0.42,1.17,26.74,-3.85,94.64,98.42,ARM_SWING
26232,0.87,0.60,0.42,1.14,20.23,-4.83,71.26,74.23,ARM_SWING
26292,0.81,0.62,0.43,1.11,13.37,-4.27,44.52,46.68,ARM_SWING
26351,0.77,0.62,0.43,1.08,4.76,-7.77,16.38,18.74,ARM_SWING
26409,0.76,0.62,0.43,1.07,-11.55,-10.22,-10.15,18.46,ARM_SWING
26469,0.81,0.58,0.45,1.10,-19.95,-7.98,-38.50,44.09,ARM_SWING
26528,0.87,0.54,0.45,1.12,-17.57,-2.66,-61.60,64.11,ARM_SWING
26588,0.94,0.54,0.43,1.17,-9.80,4.06,-83.93,84.60,ARM_SWING
26647,0.99,0.54,0.40,1.20,-3.08,8.12,-107.66,108.01,ARM_SWING
26707,1.00,0.51,0.39,1.19,-5.46,8.33,-125.16,125.56,ARM_SWING
26767,0.92,0.47,0.34,1.08,-1.19,8.54,-120.54,120.85,ARM_SWING
26826,0.80,0.42,0.31,0.96,-9.31,1.89,-98.21,98.67,ARM_SWING
26885,0.71,0.38,0.29,0.86,-13.30,-3.50,-66.99,68.39,ARM_SWING
26944,0.69,0.32,0.40,0.85,-9.87,-6.37,-28.21,30.56,ARM_SWING
27004,0.67,0.34,0.27,0.80,4.48,-2.59,14.42,15.32,ARM_SWING
27063,0.73,0.38,0.30,0.88,5.67,-7.70,55.23,56.05,ARM_SWING
27122,0.79,0.41,0.31,0.94,-1.47,-16.10,89.18,90.63,ARM_SWING
27182,0.89,0.46,0.36,1.06,-17.57,-24.64,110.74,114.80,ARM_SWING
27241,0.99,0.50,0.43,1.19,-26.18,-25.48,114.66,120.34,ARM_SWING
27301,0.99,0.51,0.48,1.21,-12.18,-18.62,101.15,103.57,ARM_SWING
27360,0.95,0.52,0.48,1.18,26.95,-3.57,78.33,82.91,ARM_SWING
27420,0.86,0.54,0.45,1.11,50.33,9.59,59.15,78.25,ARM_SWING
27478,0.77,0.56,0.40,1.03,41.16,11.41,45.29,62.25,ARM_SWING
27538,0.73,0.58,0.39,1.01,19.60,5.81,29.82,36.15,ARM_SWING
27597,0.76,0.60,0.41,1.05,2.24,-0.70,6.86,7.25,ARM_SWING
27655,0.81,0.59,0.41,1.08,-1.96,-4.48,-24.29,24.78,ARM_SWING
27715,0.84,0.56,0.41,1.09,-11.90,-8.82,-51.52,53.61,ARM_SWING
27774,0.87,0.53,0.40,1.09,-31.71,-16.94,-72.38,80.82,ARM_SWING
27834,0.91,0.54,0.41,1.13,-40.04,-18.97,-88.76,99.20,ARM_SWING
27893,0.97,0.57,0.43,1.20,-49.28,-16.38,-108.92,120.67,ARM_SWING
27953,0.94,0.51,0.41,1.15,-16.17,-4.41,-116.20,117.40,ARM_SWING
28013,0.85,0.60,0.36,1.10,11.62,0.35,-113.82,114.41,ARM_SWING
28072,0.74,0.49,0.30,0.94,-16.66,7.91,-98.35,100.06,ARM_SWING
28132,0.70,0.44,0.28,0.87,-4.83,8.75,-64.68,65.45,ARM_SWING
28190,0.71,0.42,0.33,0.89,-16.24,5.04,-30.73,35.12,ARM_SWING
28250,0.73,0.37,0.27,0.86,2.38,-1.19,6.30,6.84,ARM_SWING
28309,0.75,0.38,0.30,0.89,-9.73,-6.79,35.63,37.55,ARM_SWING
28367,0.78,0.37,0.32,0.92,-0.14,-9.24,67.27,67.90,ARM_SWING
28426,0.88,0.42,0.37,1.04,7.28,-6.37,92.40,92.90,ARM_SWING
28484,0.98,0.48,0.40,1.16,29.61,3.99,105.77,109.91,ARM_SWING
28544,0.95,0.54,0.36,1.15,42.00,18.13,105.35,114.85,ARM_SWING
28603,0.99,0.52,0.34,1.17,53.27,31.85,108.78,125.24,ARM_SWING
28663,0.94,0.54,0.28,1.12,84.42,46.41,110.25,146.41,ARM_SWING
28723,0.95,0.55,0.25,1.12,84.35,44.80,101.36,139.27,ARM_SWING
28782,1.00,0.55,0.27,1.17,80.71,42.21,93.17,130.29,ARM_SWING
28842,0.94,0.56,0.28,1.13,66.01,27.09,76.65,104.72,ARM_SWING
28901,0.87,0.52,0.36,1.08,35.56,12.46,62.65,73.11,ARM_SWING
28961,0.74,0.50,0.41,0.99,28.21,4.83,58.87,65.46,ARM_SWING
29019,0.68,0.59,0.44,1.00,22.89,-0.84,42.14,47.96,ARM_SWING
29079,0.66,0.68,0.39,1.03,10.64,-2.66,1.96,11.14,ARM_SWING
29138,0.71,0.62,0.36,1.01,0.14,-5.25,-33.25,33.66,ARM_SWING
29196,0.91,0.58,0.32,1.12,21.63,-8.68,-50.82,55.91,ARM_SWING
29256,0.92,0.60,0.30,1.14,-4.90,-38.85,-92.33,100.29,ARM_SWING
29315,1.05,0.44,0.36,1.19,-49.84,-49.77,-132.93,150.44,ARM_SWING
29375,1.07,0.42,0.42,1.22,-77.56,-38.36,-136.08,161.26,ARM_SWING
29434,1.13,0.26,0.44,1.24,-63.91,-25.48,-130.55,147.57,ARM_SWING
29493,1.15,0.27,0.45,1.26,-33.46,-16.94,-126.42,131.87,ARM_SWING
29553,1.06,0.20,0.43,1.16,-40.11,-17.85,-112.21,120.49,ARM_SWING
29612,0.77,0.08,0.41,0.87,-22.05,-9.31,-54.18,59.23,ARM_SWING
29672,0.67,0.08,0.40,0.78,3.78,15.40,25.34,29.89,ARM_SWING
29730,0.71,0.17,0.44,0.85,40.25,31.43,98.14,110.63,ARM_SWING
29790,0.90,0.28,0.44,1.04,45.50,36.33,151.90,162.68,ARM_SWING
29850,1.11,0.39,0.44,1.26,60.13,40.32,171.71,186.35,ARM_SWING
29909,1.14,0.46,0.42,1.30,49.07,36.05,154.56,166.12,ARM_SWING
29969,1.07,0.50,0.40,1.24,26.18,30.59,119.35,125.96,ARM_SWING
30028,0.92,0.47,0.40,1.11,20.93,25.13,86.59,92.56,ARM_SWING
30088,0.80,0.46,0.38,1.00,28.63,23.38,62.93,72.98,ARM_SWING
30146,0.72,0.50,0.38,0.95,27.51,13.16,40.67,50.83,ARM_SWING
30206,0.68,0.51,0.38,0.93,7.91,-0.77,11.69,14.14,ARM_SWING
30265,0.71,0.52,0.38,0.96,-9.80,-19.18,-16.10,26.89,ARM_SWING
30324,0.77,0.54,0.38,1.02,-29.61,-32.97,-46.69,64.37,ARM_SWING
30384,0.93,0.55,0.40,1.16,-46.34,-40.04,-80.64,101.26,ARM_SWING
30443,1.09,0.50,0.43,1.27,-48.58,-37.59,-118.93,133.86,ARM_SWING
30503,1.18,0.43,0.44,1.33,-38.78,-30.59,-149.73,157.67,ARM_SWING
30562,1.18,0.34,0.44,1.30,-55.51,-30.10,-169.54,180.92,ARM_SWING
30622,1.05,0.23,0.44,1.16,-58.03,-14.56,-148.89,160.46,ARM_SWING
30682,0.87,0.19,0.34,0.96,-19.60,-10.57,-106.61,108.91,ARM_SWING
30741,0.73,0.14,0.34,0.81,-6.37,-5.81,-47.81,48.58,ARM_SWING
Recording stopped
