Recording started
time,accelX,accelY,accelZ,accelMagnitude,gyroX,gyroY,gyroZ,gyroMagnitude,activity
9,0.85,0.38,0.37,1.00,-1.05,-9.17,3.85,10.00,ARM_SWING
68,0.74,0.48,0.40,0.97,-19.74,-14.56,-11.76,27.20,ARM_SWING
127,0.70,0.58,0.42,1.01,-38.36,-16.59,-43.05,60.00,ARM_SWING
187,0.69,0.60,0.39,0.99,-31.64,-12.81,-65.87,74.19,ARM_SWING
247,0.75,0.74,0.30,1.09,-19.60,-7.35,-88.27,90.72,ARM_SWING
306,0.80,0.78,0.27,1.15,-19.88,-16.38,-111.09,114.04,ARM_SWING
366,0.86,0.74,0.26,1.16,-15.26,-16.87,-127.12,129.14,ARM_SWING
425,0.87,0.62,0.21,1.09,-12.25,-19.39,-124.32,126.42,ARM_SWING
485,0.84,0.54,0.18,1.01,-20.23,-30.17,-100.31,106.68,ARM_SWING
544,0.81,0.45,0.18,0.95,-30.59,-33.18,-62.58,77.16,ARM_SWING
604,0.89,0.36,0.34,1.02,28.63,-2.59,-11.27,30.88,ARM_SWING
664,0.81,0.41,0.22,0.93,-17.64,-24.15,34.37,45.56,ARM_SWING
723,0.81,0.45,0.26,0.96,-12.46,-21.98,76.37,80.44,ARM_SWING
783,0.80,0.49,0.29,0.98,-21.56,-23.87,121.94,126.11,ARM_SWING
842,0.92,0.62,0.38,1.17,-22.33,-27.72,132.86,137.55,ARM_SWING
902,1.02,0.66,0.37,1.27,-24.85,-27.51,116.27,122.04,ARM_SWING
961,1.03,0.61,0.41,1.26,-20.09,-20.58,97.44,101.60,ARM_SWING
1021,0.97,0.53,0.38,1.16,4.48,-1.40,82.81,82.94,ARM_SWING
1080,0.89,0.54,0.33,1.09,28.98,16.80,77.98,84.87,ARM_SWING
1139,0.79,0.58,0.40,1.06,23.17,12.60,57.19,62.98,ARM_SWING
1198,0.69,0.57,0.43,1.00,29.26,22.19,25.97,44.98,ARM_SWING
1257,0.60,0.59,0.45,0.95,15.47,20.44,-6.09,26.35,ARM_SWING
1316,0.64,0.58,0.44,0.97,-7.70,7.63,-30.66,32.52,ARM_SWING
1374,0.86,0.57,0.50,1.15,-21.91,11.13,-58.66,63.60,ARM_SWING
1434,0.94,0.54,0.42,1.16,1.68,13.79,-86.80,87.90,ARM_SWING
1493,0.97,0.60,0.38,1.20,10.22,14.42,-106.89,108.34,ARM_SWING
1552,0.99,0.61,0.38,1.22,6.16,12.04,-125.65,126.38,ARM_SWING
1613,1.01,0.58,0.42,1.23,22.05,8.40,-131.53,133.63,ARM_SWING
1672,0.98,0.51,0.43,1.18,17.71,4.34,-126.70,128.01,ARM_SWING
1731,0.86,0.39,0.41,1.03,3.71,-5.04,-108.01,108.19,ARM_SWING
1790,0.72,0.36,0.36,0.88,3.57,-6.09,-72.45,72.79,ARM_SWING
1849,0.62,0.32,0.32,0.77,-11.34,-7.56,-22.68,26.46,ARM_SWING
1909,0.60,0.35,0.30,0.76,-12.74,-3.99,31.99,34.66,ARM_SWING
1968,0.68,0.44,0.31,0.87,7.91,-5.74,83.79,84.36,ARM_SWING
2027,0.78,0.50,0.33,0.99,4.69,-11.48,114.17,114.84,ARM_SWING
2086,1.01,0.60,0.45,1.26,-11.83,-20.51,125.58,127.79,ARM_SWING
2146,1.03,0.66,0.49,1.32,-9.10,-24.99,116.55,119.55,ARM_SWING
2206,0.92,0.72,0.47,1.26,-4.97,-12.74,98.42,99.37,ARM_SWING
2265,0.78,0.64,0.46,1.11,-16.52,-2.38,84.35,85.99,ARM_SWING
2325,0.68,0.55,0.40,0.96,4.27,35.56,78.89,86.64,ARM_SWING
2384,0.67,0.56,0.37,0.95,14.84,20.51,61.67,66.66,ARM_SWING
2443,0.70,0.58,0.42,1.00,24.15,19.46,39.83,50.48,ARM_SWING
2501,0.82,0.64,0.51,1.16,45.57,32.55,-1.26,56.02,ARM_SWING
2561,0.75,0.62,0.41,1.05,62.72,25.97,-42.14,79.90,ARM_SWING
2621,0.74,0.65,0.39,1.06,27.79,-3.92,-64.61,70.44,ARM_SWING
2680,0.79,0.60,0.36,1.05,-8.19,-28.84,-87.71,92.69,ARM_SWING
2740,0.94,0.57,0.56,1.23,-21.21,-29.61,-97.02,103.63,ARM_SWING
2799,1.00,0.60,0.49,1.27,6.86,-7.49,-98.56,99.08,ARM_SWING
2858,0.97,0.58,0.49,1.23,11.55,-13.37,-111.37,112.76,ARM_SWING
2917,0.85,0.49,0.45,1.08,-7.35,-7.14,-117.11,117.56,ARM_SWING
2977,0.74,0.38,0.44,0.94,-19.04,-6.44,-91.56,93.74,ARM_SWING
3037,0.66,0.32,0.35,0.81,-11.62,-2.80,-47.53,49.01,ARM_SWING
3096,0.63,0.32,0.30,0.77,-11.55,-7.98,2.17,14.21,ARM_SWING
3155,0.68,0.37,0.30,0.83,-8.33,-14.28,45.08,48.02,ARM_SWING
3214,0.76,0.44,0.33,0.94,2.17,-21.14,86.45,89.02,ARM_SWING
3273,0.84,0.52,0.34,1.04,-2.38,-21.70,111.02,113.15,ARM_SWING
3332,0.98,0.61,0.48,1.25,5.11,-16.94,117.46,118.79,ARM_SWING
3391,0.91,0.70,0.47,1.25,16.45,-2.52,101.22,102.58,ARM_SWING
3451,0.82,0.66,0.51,1.17,3.78,3.08,74.55,74.71,ARM_SWING
3509,0.75,0.60,0.48,1.07,9.73,10.15,59.64,61.27,ARM_SWING
3568,0.67,0.59,0.45,1.00,10.22,12.39,50.40,52.90,ARM_SWING
3626,0.67,0.61,0.44,1.01,2.38,9.17,33.53,34.84,ARM_SWING
3686,0.74,0.66,0.44,1.09,-2.17,6.30,6.44,9.27,ARM_SWING
3745,0.80,0.70,0.43,1.15,7.35,6.37,-31.71,33.17,ARM_SWING
3803,0.79,0.71,0.41,1.14,5.11,-0.70,-65.38,65.58,ARM_SWING
3863,0.79,0.65,0.37,1.09,-3.36,-13.02,-88.69,89.70,ARM_SWING
3922,0.83,0.61,0.40,1.10,-10.71,-14.49,-100.73,102.33,ARM_SWING
3982,0.89,0.58,0.45,1.15,-10.64,-7.84,-103.25,104.09,ARM_SWING
4042,0.93,0.52,0.46,1.16,5.18,3.43,-103.39,103.58,ARM_SWING
4102,0.90,0.48,0.41,1.10,21.70,5.39,-97.79,100.31,ARM_SWING
4162,0.76,0.44,0.40,0.96,8.82,-10.29,-81.90,83.01,ARM_SWING
4221,0.60,0.37,0.39,0.81,-13.93,-19.67,-48.58,54.23,ARM_SWING
4281,0.53,0.38,0.38,0.75,-1.68,-21.77,6.44,22.76,ARM_SWING
4339,0.60,0.47,0.39,0.86,-5.25,-13.23,47.88,49.95,ARM_SWING
4398,0.67,0.51,0.39,0.93,3.29,-5.74,81.76,82.03,ARM_SWING
4457,0.75,0.53,0.39,0.99,-1.82,1.82,108.57,108.60,ARM_SWING
4516,0.85,0.57,0.39,1.10,11.55,8.96,121.87,122.74,ARM_SWING
4576,0.92,0.64,0.41,1.19,22.47,8.19,114.52,116.99,ARM_SWING
4635,0.92,0.67,0.37,1.20,19.95,1.12,92.89,95.01,ARM_SWING
4694,0.83,0.68,0.41,1.15,8.33,-4.13,66.50,67.15,ARM_SWING
4752,0.73,0.63,0.42,1.06,-4.13,-6.16,48.86,49.42,ARM_SWING
4811,0.68,0.65,0.44,1.04,-5.88,-4.13,31.64,32.45,ARM_SWING
4870,0.68,0.67,0.44,1.05,-10.43,-3.15,4.06,11.63,ARM_SWING
4928,0.70,0.70,0.44,1.08,-2.24,2.66,-29.68,29.88,ARM_SWING
4988,0.75,0.72,0.39,1.11,-2.94,-1.26,-53.48,53.58,ARM_SWING
5047,0.87,0.66,0.40,1.16,-15.40,-5.60,-77.14,78.86,ARM_SWING
5107,0.92,0.61,0.39,1.17,-17.01,-9.94,-90.72,92.83,ARM_SWING
5166,0.91,0.52,0.36,1.11,-20.30,-10.01,-100.31,102.83,ARM_SWING
5226,0.87,0.45,0.34,1.04,-20.16,-9.52,-90.72,93.42,ARM_SWING
5286,0.86,0.46,0.33,1.03,-9.59,-12.25,-82.67,84.12,ARM_SWING
5345,0.83,0.43,0.35,1.00,0.70,-9.38,-66.92,67.58,ARM_SWING
5404,0.76,0.39,0.34,0.92,2.10,-8.54,-48.16,48.96,ARM_SWING
5463,0.70,0.36,0.34,0.86,-3.50,-16.52,-9.45,19.35,ARM_SWING
5522,0.69,0.36,0.36,0.86,-6.51,-21.49,31.57,38.74,ARM_SWING
5581,0.75,0.42,0.38,0.94,-4.27,-13.58,70.70,72.12,ARM_SWING
5640,0.83,0.46,0.38,1.02,-0.42,-8.47,93.45,93.83,ARM_SWING
5699,0.88,0.52,0.36,1.09,19.18,3.36,101.22,103.08,ARM_SWING
5758,0.94,0.57,0.32,1.14,39.76,16.73,102.06,110.80,ARM_SWING
5818,0.95,0.56,0.34,1.16,49.14,16.94,92.89,106.44,ARM_SWING
5877,0.89,0.59,0.33,1.12,42.63,12.60,77.56,89.40,ARM_SWING
5937,0.84,0.55,0.37,1.07,14.49,5.39,62.23,64.12,ARM_SWING
5996,0.79,0.55,0.39,1.04,7.21,1.05,48.09,48.64,ARM_SWING
6054,0.76,0.54,0.40,1.02,2.87,-0.49,29.61,29.75,ARM_SWING
6114,0.75,0.56,0.40,1.02,-0.56,-0.70,7.70,7.75,ARM_SWING
6172,0.77,0.55,0.40,1.03,-8.68,-1.54,-13.30,15.96,ARM_SWING
6232,0.76,0.54,0.36,1.00,-2.38,3.57,-31.85,32.14,ARM_SWING
6291,0.89,0.55,0.39,1.12,-7.77,-3.71,-46.55,47.34,ARM_SWING
6351,0.98,0.53,0.35,1.16,2.52,-3.43,-75.81,75.93,ARM_SWING
6410,0.96,0.56,0.33,1.16,-28.07,-11.34,-96.18,100.83,ARM_SWING
6469,0.96,0.46,0.38,1.13,-28.07,-10.57,-103.11,107.38,ARM_SWING
6529,0.92,0.46,0.40,1.10,-2.10,1.68,-93.87,93.91,ARM_SWING
6588,0.86,0.42,0.36,1.03,8.19,8.47,-82.95,83.78,ARM_SWING
6647,0.80,0.41,0.34,0.96,-0.14,4.90,-64.19,64.38,ARM_SWING
6707,0.75,0.36,0.34,0.90,-8.40,0.42,-34.86,35.86,ARM_SWING
6766,0.72,0.34,0.33,0.86,-6.44,0.35,0.84,6.50,ARM_SWING
6825,0.73,0.37,0.32,0.87,-5.04,4.69,34.37,35.05,ARM_SWING
6884,0.78,0.42,0.32,0.94,-3.36,0.42,68.95,69.03,ARM_SWING
6943,0.85,0.48,0.34,1.03,-3.43,-6.72,83.44,83.78,ARM_SWING
7001,0.88,0.51,0.38,1.08,-6.02,-7.35,88.55,89.06,ARM_SWING
7061,0.87,0.51,0.43,1.10,-3.99,-6.30,95.20,95.49,ARM_SWING
7120,0.87,0.53,0.43,1.11,4.83,-3.22,93.31,93.49,ARM_SWING
7179,0.86,0.55,0.44,1.11,6.44,3.64,80.22,80.56,ARM_SWING
7239,0.84,0.55,0.43,1.09,13.37,4.34,57.61,59.30,ARM_SWING
7297,0.80,0.56,0.41,1.06,17.92,4.55,31.43,36.46,ARM_SWING
7357,0.75,0.55,0.39,1.01,10.64,3.78,2.03,11.47,ARM_SWING
7416,0.76,0.53,0.40,1.01,2.94,-3.71,-16.94,17.59,ARM_SWING
7475,0.79,0.50,0.40,1.02,14.84,-2.52,-35.70,38.74,ARM_SWING
7535,0.81,0.54,0.41,1.06,3.99,-4.48,-47.95,48.32,ARM_SWING
7593,0.91,0.54,0.39,1.13,20.58,-1.54,-64.68,67.89,ARM_SWING
7653,0.96,0.58,0.37,1.18,9.52,-5.60,-92.05,92.71,ARM_SWING
7712,1.00,0.53,0.41,1.20,-10.78,-12.46,-109.34,110.57,ARM_SWING
7772,0.93,0.46,0.42,1.12,-11.90,-8.54,-109.83,110.80,ARM_SWING
7832,0.82,0.42,0.38,1.00,-4.97,-0.77,-95.27,95.40,ARM_SWING
7891,0.71,0.40,0.33,0.88,0.49,-0.70,-65.87,65.88,ARM_SWING
7950,0.65,0.37,0.31,0.81,5.95,-2.10,-27.65,28.36,ARM_SWING
8008,0.64,0.39,0.29,0.80,15.82,-8.19,16.87,24.53,ARM_SWING
8067,0.68,0.41,0.29,0.84,6.58,-4.97,53.13,53.77,ARM_SWING
8125,0.77,0.45,0.30,0.94,-0.07,-11.13,88.20,88.90,ARM_SWING
8185,0.90,0.47,0.35,1.07,-6.86,-15.05,112.00,113.21,ARM_SWING
8245,1.01,0.50,0.39,1.19,-0.98,-4.34,113.26,113.35,ARM_SWING
8304,0.99,0.52,0.38,1.18,8.05,0.84,93.31,93.66,ARM_SWING
8364,0.93,0.55,0.38,1.15,8.96,3.99,72.24,72.90,ARM_SWING
8422,0.86,0.53,0.39,1.08,15.19,8.47,52.15,54.97,ARM_SWING
8481,0.79,0.55,0.39,1.04,20.37,7.42,34.58,40.81,ARM_SWING
8540,0.77,0.55,0.38,1.02,18.41,10.43,15.47,26.21,ARM_SWING
8598,0.77,0.56,0.35,1.02,16.66,5.18,-4.90,18.12,ARM_SWING
8657,0.80,0.54,0.36,1.02,1.19,-8.61,-23.10,24.68,ARM_SWING
8715,0.78,0.53,0.36,1.01,-5.88,-11.06,-37.73,39.75,ARM_SWING
8775,0.85,0.56,0.38,1.08,-12.39,-13.16,-50.68,53.81,ARM_SWING
8833,0.91,0.57,0.38,1.14,-13.65,-11.69,-63.77,66.25,ARM_SWING
8893,0.95,0.55,0.41,1.17,-16.66,-10.57,-87.57,89.77,ARM_SWING
8953,0.95,0.51,0.39,1.14,-19.04,-8.89,-104.09,106.19,ARM_SWING
9012,0.89,0.46,0.38,1.07,-18.20,-6.09,-104.02,105.78,ARM_SWING
9072,0.79,0.40,0.34,0.95,-7.35,1.82,-83.37,83.71,ARM_SWING
9131,0.72,0.40,0.31,0.88,-0.98,3.64,-51.94,52.08,ARM_SWING
9191,0.68,0.39,0.29,0.84,-0.42,0.14,-16.17,16.18,ARM_SWING
9249,0.69,0.42,0.30,0.86,-2.73,-3.22,17.85,18.34,ARM_SWING
9309,0.72,0.46,0.32,0.91,-1.40,-5.88,46.90,47.29,ARM_SWING
9368,0.75,0.47,0.33,0.95,0.42,-6.44,69.93,70.23,ARM_SWING
9426,0.81,0.47,0.33,0.99,-0.14,-3.85,106.33,106.40,ARM_SWING
9486,0.87,0.52,0.31,1.06,-7.14,-14.63,100.87,102.18,ARM_SWING
9545,0.93,0.56,0.37,1.14,-33.46,-25.97,86.24,96.08,ARM_SWING
9605,0.93,0.55,0.44,1.16,-33.60,-20.44,64.61,75.64,ARM_SWING
9665,0.88,0.52,0.48,1.13,-6.79,-14.28,41.58,44.49,ARM_SWING
9724,0.80,0.51,0.46,1.06,15.68,1.19,22.89,27.77,ARM_SWING
9783,0.75,0.50,0.44,1.00,24.64,12.18,8.89,28.89,ARM_SWING
9842,0.75,0.55,0.41,1.01,25.90,13.30,0.35,29.12,ARM_SWING
9901,0.80,0.54,0.41,1.05,13.79,13.09,-17.92,26.13,ARM_SWING
9960,0.84,0.54,0.41,1.08,11.69,11.97,-35.00,38.79,ARM_SWING
10019,0.88,0.53,0.39,1.10,8.96,9.17,-53.90,55.40,ARM_SWING
10079,0.91,0.52,0.38,1.12,-0.42,4.69,-74.97,75.12,ARM_SWING
10138,0.93,0.53,0.38,1.13,-11.62,-5.39,-89.88,90.79,ARM_SWING
10198,0.89,0.50,0.39,1.09,-10.01,-4.41,-96.74,97.36,ARM_SWING
10257,0.82,0.49,0.39,1.03,-4.97,0.70,-90.86,91.00,ARM_SWING
10317,0.74,0.47,0.36,0.95,3.29,7.63,-73.85,74.32,ARM_SWING
10375,0.65,0.45,0.32,0.85,12.11,9.10,-46.83,49.22,ARM_SWING
10435,0.59,0.41,0.31,0.78,6.02,0.84,-10.15,11.83,ARM_SWING
10494,0.60,0.43,0.30,0.80,4.55,-3.22,24.36,24.99,ARM_SWING
10552,0.66,0.46,0.33,0.87,-3.29,-12.04,62.09,63.33,ARM_SWING
10612,0.78,0.47,0.38,0.98,-10.29,-17.92,89.32,91.68,ARM_SWING
10671,0.87,0.48,0.41,1.08,-10.22,-11.48,103.11,104.25,ARM_SWING
10731,0.94,0.49,0.43,1.14,5.88,-4.90,102.90,103.18,ARM_SWING
10790,0.94,0.55,0.43,1.17,15.54,-2.17,91.07,92.41,ARM_SWING
10850,0.88,0.57,0.43,1.14,2.38,-3.64,67.62,67.76,ARM_SWING
10909,0.83,0.55,0.44,1.09,3.99,-1.12,45.22,45.41,ARM_SWING
10967,0.79,0.55,0.43,1.06,14.91,7.42,25.83,30.73,ARM_SWING
11026,0.77,0.55,0.39,1.02,18.13,10.50,7.63,22.30,ARM_SWING
11085,0.77,0.55,0.37,1.02,8.05,3.92,-12.04,15.00,ARM_SWING
11144,0.79,0.54,0.37,1.03,-0.49,-1.33,-29.54,29.57,ARM_SWING
11204,0.83,0.54,0.37,1.06,-8.12,-8.19,-44.73,46.19,ARM_SWING
11263,0.88,0.53,0.39,1.10,-13.72,-17.36,-61.39,65.26,ARM_SWING
11323,0.94,0.53,0.41,1.15,-14.70,-16.80,-78.54,81.65,ARM_SWING
11382,0.93,0.52,0.41,1.14,-16.59,-13.30,-94.78,97.14,ARM_SWING
11442,0.87,0.48,0.41,1.08,-19.60,-9.73,-96.95,99.39,ARM_SWING
11501,0.78,0.44,0.37,0.97,-16.52,-2.59,-83.09,84.76,ARM_SWING
11561,0.71,0.41,0.36,0.89,-16.24,-6.23,-54.67,57.37,ARM_SWING
11621,0.67,0.40,0.35,0.85,-12.81,-3.50,-22.05,25.74,ARM_SWING
11680,0.70,0.40,0.35,0.87,-7.00,0.00,12.04,13.93,ARM_SWING
11740,0.73,0.42,0.34,0.91,0.14,1.82,38.99,39.03,ARM_SWING
11798,0.77,0.41,0.34,0.94,2.24,0.56,62.65,62.69,ARM_SWING
11858,0.85,0.42,0.37,1.02,9.59,0.77,75.88,76.49,ARM_SWING
11917,0.90,0.45,0.37,1.07,19.18,2.10,81.48,83.73,ARM_SWING
11976,0.93,0.47,0.41,1.12,21.14,-0.35,75.95,78.84,ARM_SWING
12036,0.89,0.49,0.42,1.10,15.47,-2.24,71.89,73.57,ARM_SWING
12095,0.80,0.50,0.42,1.03,8.75,-2.94,71.82,72.41,ARM_SWING
12155,0.78,0.53,0.42,1.03,8.89,5.04,66.43,67.21,ARM_SWING
12214,0.78,0.57,0.44,1.06,11.13,1.89,50.47,51.72,ARM_SWING
12273,0.80,0.60,0.43,1.09,9.03,4.69,18.48,21.10,ARM_SWING
12332,0.84,0.58,0.42,1.10,11.06,7.56,-18.06,22.49,ARM_SWING
12391,0.82,0.56,0.38,1.07,5.88,17.85,-45.01,48.78,ARM_SWING
12451,0.84,0.54,0.37,1.07,-14.49,-9.80,-63.63,65.99,ARM_SWING
12510,0.91,0.52,0.39,1.12,-24.78,-15.61,-83.02,88.03,ARM_SWING
12570,0.98,0.52,0.39,1.18,-24.08,-13.72,-101.71,105.42,ARM_SWING
12629,0.99,0.50,0.40,1.18,-21.00,-11.48,-116.34,118.78,ARM_SWING
12689,0.90,0.45,0.38,1.08,-18.62,-9.94,-115.01,116.93,ARM_SWING
12749,0.78,0.38,0.36,0.94,-12.88,-6.79,-93.66,94.78,ARM_SWING
12808,0.68,0.33,0.35,0.83,-9.17,-6.23,-53.76,54.89,ARM_SWING
12868,0.68,0.32,0.35,0.83,-6.02,-3.92,-6.30,9.55,ARM_SWING
12927,0.70,0.37,0.35,0.86,1.33,-0.77,34.37,34.40,ARM_SWING
12987,0.75,0.42,0.37,0.94,10.43,-2.80,68.60,69.44,ARM_SWING
13046,0.81,0.44,0.39,1.00,5.32,-1.61,93.24,93.41,ARM_SWING
13105,0.89,0.45,0.39,1.07,14.77,0.14,107.45,108.46,ARM_SWING
13165,0.92,0.51,0.40,1.12,9.80,-2.66,103.32,103.82,ARM_SWING
13224,0.92,0.51,0.41,1.13,7.49,-4.20,92.12,92.52,ARM_SWING
13284,0.88,0.53,0.41,1.11,7.70,-4.48,76.16,76.68,ARM_SWING
13342,0.82,0.55,0.41,1.07,12.39,-3.08,59.78,61.13,ARM_SWING
13402,0.79,0.57,0.42,1.06,5.18,-2.17,32.83,33.31,ARM_SWING
13461,0.80,0.55,0.42,1.06,6.44,-3.43,1.61,7.47,ARM_SWING
13520,0.80,0.53,0.42,1.04,4.48,-0.07,-21.42,21.88,ARM_SWING
13579,0.78,0.52,0.38,1.01,-4.76,-3.08,-38.01,38.43,ARM_SWING
13638,0.81,0.53,0.40,1.04,-12.74,-5.81,-50.19,52.11,ARM_SWING
13698,0.91,0.50,0.43,1.12,-7.07,-0.91,-65.87,66.25,ARM_SWING
13757,0.97,0.52,0.41,1.17,10.50,16.24,-85.33,87.49,ARM_SWING
13817,0.99,0.51,0.39,1.18,-8.19,-5.88,-105.63,106.11,ARM_SWING
13876,0.93,0.43,0.41,1.10,-21.56,-10.01,-110.39,112.92,ARM_SWING
13936,0.81,0.36,0.37,0.96,-13.30,-6.79,-90.72,91.94,ARM_SWING
13996,0.71,0.33,0.34,0.85,-8.54,-5.60,-55.51,56.44,ARM_SWING
14055,0.69,0.33,0.34,0.83,-4.41,-4.83,-12.25,13.89,ARM_SWING
14115,0.73,0.37,0.34,0.88,-3.08,-6.09,29.89,30.66,ARM_SWING
14174,0.79,0.41,0.36,0.96,2.94,-3.78,59.01,59.20,ARM_SWING
14234,0.84,0.45,0.32,1.00,-3.29,-7.07,74.97,75.37,ARM_SWING
14293,0.88,0.46,0.36,1.06,-8.19,-17.22,85.54,87.64,ARM_SWING
14353,0.89,0.47,0.39,1.08,-0.77,-16.52,89.74,91.25,ARM_SWING
14413,0.89,0.49,0.40,1.09,3.36,-15.75,85.75,87.25,ARM_SWING
14471,0.84,0.52,0.42,1.07,6.09,-10.71,75.88,76.87,ARM_SWING
14531,0.83,0.55,0.45,1.09,3.71,-1.19,57.12,57.25,ARM_SWING
14590,0.81,0.60,0.43,1.10,14.70,-2.38,32.34,35.60,ARM_SWING
14650,0.83,0.58,0.43,1.10,7.98,2.10,-5.88,10.13,ARM_SWING
14709,0.83,0.52,0.44,1.07,14.70,4.06,-32.41,35.82,ARM_SWING
14769,0.81,0.51,0.40,1.04,17.64,8.89,-52.15,55.77,ARM_SWING
14829,0.82,0.53,0.38,1.05,-2.94,1.68,-63.84,63.93,ARM_SWING
14888,0.92,0.55,0.39,1.14,-23.45,-6.79,-80.57,84.19,ARM_SWING
14948,0.95,0.54,0.39,1.15,-23.59,-7.91,-96.53,99.68,ARM_SWING
15007,0.92,0.52,0.37,1.12,-25.48,-6.65,-108.22,111.38,ARM_SWING
15068,0.86,0.49,0.36,1.05,-19.95,-3.57,-104.44,106.39,ARM_SWING
15127,0.77,0.45,0.35,0.95,-10.92,0.56,-84.91,85.61,ARM_SWING
15187,0.69,0.42,0.32,0.87,0.77,-3.15,-51.38,51.48,ARM_SWING
15247,0.65,0.43,0.31,0.84,0.00,-2.03,-20.79,20.89,ARM_SWING
15306,0.65,0.42,0.32,0.84,-0.28,-7.77,16.94,18.64,ARM_SWING
15366,0.68,0.43,0.33,0.87,6.37,-10.71,50.47,51.99,ARM_SWING
15425,0.72,0.41,0.35,0.90,-1.40,-14.91,85.61,86.91,ARM_SWING
15485,0.87,0.41,0.38,1.04,2.52,-7.42,109.41,109.69,ARM_SWING
15544,0.96,0.47,0.40,1.14,16.45,-6.65,123.55,124.82,ARM_SWING
15603,1.01,0.52,0.41,1.21,17.92,-3.78,114.45,115.91,ARM_SWING
15663,0.96,0.54,0.41,1.17,21.70,0.14,85.26,87.98,ARM_SWING
15721,0.88,0.54,0.40,1.10,28.70,5.67,61.88,68.45,ARM_SWING
15780,0.81,0.55,0.39,1.05,29.26,6.44,42.42,51.93,ARM_SWING
15839,0.77,0.56,0.38,1.03,21.70,0.63,22.82,31.50,ARM_SWING
15898,0.77,0.56,0.40,1.04,-0.63,-5.25,1.40,5.47,ARM_SWING
15957,0.80,0.53,0.45,1.06,2.10,16.94,-22.68,28.39,ARM_SWING
16016,0.82,0.53,0.43,1.07,14.42,5.74,-38.01,41.06,ARM_SWING
16076,0.89,0.56,0.42,1.13,5.32,3.71,-62.58,62.92,ARM_SWING
16135,1.01,0.53,0.43,1.21,5.46,5.18,-92.89,93.19,ARM_SWING
16194,1.04,0.51,0.41,1.23,3.50,5.60,-116.20,116.39,ARM_SWING
16253,1.00,0.49,0.39,1.18,-3.08,7.42,-127.26,127.51,ARM_SWING
16313,0.85,0.46,0.34,1.02,7.91,5.53,-117.39,117.79,ARM_SWING
16373,0.65,0.41,0.29,0.82,6.44,4.69,-89.04,89.40,ARM_SWING
16431,0.55,0.38,0.26,0.71,2.03,-2.66,-46.48,46.60,ARM_SWING
16491,0.56,0.39,0.28,0.74,-5.32,-9.59,3.85,11.62,ARM_SWING
16549,0.63,0.46,0.32,0.84,-0.84,-14.14,43.75,45.99,ARM_SWING
16609,0.68,0.45,0.33,0.88,-5.74,-13.44,77.28,78.65,ARM_SWING
16668,0.80,0.43,0.38,0.98,-4.90,-13.58,114.45,115.36,ARM_SWING
16728,0.93,0.46,0.40,1.11,6.86,-6.09,133.70,134.01,ARM_SWING
16788,1.05,0.51,0.38,1.23,19.11,2.17,127.75,129.19,ARM_SWING
16847,1.04,0.58,0.37,1.25,27.72,4.41,95.41,99.45,ARM_SWING
16906,0.95,0.59,0.37,1.18,16.10,-0.49,55.16,57.46,ARM_SWING
16965,0.83,0.54,0.40,1.07,12.88,-1.47,30.17,32.84,ARM_SWING
17025,0.75,0.53,0.40,1.01,17.29,2.94,17.15,24.53,ARM_SWING
17083,0.74,0.54,0.40,1.00,11.20,0.49,4.76,12.18,ARM_SWING
17142,0.80,0.55,0.40,1.05,-4.90,-2.38,-15.12,16.07,ARM_SWING
17202,0.83,0.55,0.38,1.07,-13.86,-3.78,-38.92,41.49,ARM_SWING
17261,0.87,0.52,0.36,1.08,-21.63,-8.54,-59.50,63.88,ARM_SWING
17321,0.92,0.49,0.35,1.10,-21.63,-10.15,-76.37,80.02,ARM_SWING
17380,0.97,0.49,0.33,1.14,-17.29,-9.80,-92.96,95.06,ARM_SWING
17440,0.97,0.49,0.36,1.15,-7.84,-4.13,-105.98,106.35,ARM_SWING
17499,0.91,0.48,0.36,1.09,15.26,6.44,-104.51,105.81,ARM_SWING
17559,0.77,0.44,0.31,0.94,14.21,6.30,-87.08,88.46,ARM_SWING
17619,0.65,0.40,0.30,0.82,2.59,-0.70,-51.80,51.87,ARM_SWING
17677,0.60,0.38,0.30,0.77,-3.08,-7.14,-4.76,9.12,ARM_SWING
17736,0.65,0.40,0.34,0.84,-9.59,-8.47,38.71,40.77,ARM_SWING
17795,0.72,0.42,0.35,0.90,-7.42,-6.51,77.70,78.32,ARM_SWING
17853,0.84,0.44,0.37,1.02,-2.80,4.13,107.52,107.64,ARM_SWING
17913,0.96,0.47,0.39,1.14,7.56,5.95,115.01,115.41,ARM_SWING
17972,1.00,0.52,0.38,1.19,13.86,10.57,102.76,104.23,ARM_SWING
18032,0.96,0.54,0.39,1.17,17.71,11.48,79.94,82.68,ARM_SWING
18091,0.90,0.54,0.38,1.11,26.81,14.07,56.49,64.09,ARM_SWING
18150,0.82,0.54,0.37,1.05,26.04,11.90,37.24,46.97,ARM_SWING
18208,0.76,0.53,0.36,0.99,16.17,6.86,23.94,29.69,ARM_SWING
18267,0.74,0.54,0.37,0.99,3.78,-1.54,8.61,9.53,ARM_SWING
18326,0.77,0.54,0.41,1.02,-7.42,-7.49,-8.68,13.66,ARM_SWING
18385,0.80,0.53,0.40,1.04,-13.09,-9.10,-28.14,32.34,ARM_SWING
18445,0.82,0.53,0.38,1.05,-22.26,-13.65,-45.57,52.52,ARM_SWING
18504,0.87,0.52,0.37,1.07,-35.98,-18.06,-61.67,73.65,ARM_SWING
18564,0.94,0.51,0.37,1.13,-37.24,-17.92,-74.83,85.48,ARM_SWING
18624,0.99,0.49,0.38,1.17,-29.12,-11.48,-89.67,94.98,ARM_SWING
18684,0.97,0.46,0.38,1.14,-14.84,-5.60,-103.25,104.46,ARM_SWING
18744,0.89,0.41,0.39,1.06,-3.43,1.40,-99.05,99.12,ARM_SWING
18802,0.79,0.34,0.38,0.93,13.51,11.55,-72.66,74.80,ARM_SWING
18862,0.68,0.34,0.32,0.83,12.81,9.10,-34.93,38.30,ARM_SWING
18920,0.65,0.34,0.32,0.80,-5.04,-3.08,6.86,9.05,ARM_SWING
18979,0.71,0.38,0.35,0.88,-11.20,-7.49,49.91,51.70,ARM_SWING
19039,0.81,0.42,0.37,0.98,-7.49,-5.81,80.71,81.26,ARM_SWING
19097,0.93,0.50,0.43,1.14,5.04,0.77,92.75,92.89,ARM_SWING
19156,0.93,0.56,0.43,1.17,19.46,9.66,77.98,80.95,ARM_SWING
19214,0.90,0.57,0.42,1.15,18.06,10.64,58.94,62.56,ARM_SWING
19274,0.81,0.52,0.41,1.05,19.67,12.60,52.43,57.40,ARM_SWING
19333,0.76,0.53,0.39,1.01,18.13,14.07,49.42,54.49,ARM_SWING
19392,0.72,0.54,0.39,0.98,10.22,8.82,40.88,43.05,ARM_SWING
19451,0.71,0.56,0.42,1.00,6.30,6.37,31.50,32.75,ARM_SWING
19509,0.74,0.58,0.43,1.04,7.35,3.99,15.26,17.40,ARM_SWING
19568,0.79,0.59,0.44,1.08,6.16,3.36,-7.00,9.91,ARM_SWING
19626,0.79,0.57,0.43,1.06,9.87,2.80,-26.74,28.64,ARM_SWING
19685,0.83,0.56,0.42,1.09,11.97,-0.77,-44.80,46.38,ARM_SWING
19745,0.87,0.56,0.42,1.12,4.97,-7.56,-66.22,66.84,ARM_SWING
19804,0.92,0.56,0.45,1.17,-2.45,-9.94,-88.90,89.49,ARM_SWING
19864,0.93,0.58,0.44,1.18,2.59,-8.33,-108.92,109.27,ARM_SWING
19924,0.86,0.57,0.43,1.12,3.57,-6.93,-115.99,116.25,ARM_SWING
19984,0.72,0.50,0.40,0.97,8.19,-3.99,-103.67,104.07,ARM_SWING
20043,0.58,0.44,0.37,0.82,6.09,-4.13,-70.49,70.87,ARM_SWING
20103,0.49,0.41,0.35,0.73,2.03,-7.28,-23.45,24.64,ARM_SWING
20162,0.54,0.41,0.33,0.76,-11.69,-10.36,26.04,30.37,ARM_SWING
20221,0.64,0.46,0.35,0.86,-10.29,-14.14,67.76,69.98,ARM_SWING
20281,0.75,0.48,0.37,0.96,-21.56,-18.97,97.79,101.92,ARM_SWING
20340,0.87,0.49,0.41,1.08,-22.82,-25.97,112.84,118.02,ARM_SWING
20400,0.95,0.54,0.47,1.19,-15.05,-16.80,108.99,111.30,ARM_SWING
20459,1.00,0.54,0.48,1.23,17.01,-0.91,90.58,92.17,ARM_SWING
20518,0.91,0.58,0.47,1.17,32.27,8.89,66.92,74.82,ARM_SWING
20577,0.79,0.55,0.45,1.06,20.86,11.48,50.26,55.61,ARM_SWING
20636,0.74,0.56,0.41,1.01,15.33,11.83,40.60,44.98,ARM_SWING
20696,0.72,0.58,0.38,1.00,5.25,7.98,27.09,28.72,ARM_SWING
20754,0.76,0.59,0.37,1.03,-1.19,3.57,7.77,8.63,ARM_SWING
20813,0.84,0.58,0.38,1.08,8.26,2.45,-19.81,21.60,ARM_SWING
20872,0.85,0.60,0.35,1.10,5.39,-6.79,-49.07,49.83,ARM_SWING
20930,0.89,0.57,0.38,1.13,-7.49,-17.15,-73.08,75.44,ARM_SWING
20990,0.96,0.60,0.43,1.21,-0.28,-16.66,-103.88,105.21,ARM_SWING
21049,0.97,0.60,0.48,1.24,11.69,-7.98,-126.98,127.77,ARM_SWING
21109,0.87,0.59,0.46,1.15,-6.09,-11.62,-134.54,135.18,ARM_SWING
21168,0.73,0.46,0.46,0.97,-12.46,-2.03,-116.97,117.65,ARM_SWING
21228,0.57,0.39,0.40,0.80,-6.86,2.10,-74.76,75.10,ARM_SWING
21288,0.53,0.35,0.37,0.73,-6.93,3.08,-21.35,22.66,ARM_SWING
21347,0.57,0.36,0.35,0.76,-13.86,4.13,32.06,35.17,ARM_SWING
21406,0.66,0.39,0.34,0.84,-3.99,5.04,79.52,79.78,ARM_SWING
21464,0.79,0.48,0.33,0.98,7.14,4.13,111.79,112.09,ARM_SWING
21524,0.89,0.53,0.36,1.10,2.73,-0.49,123.48,123.51,ARM_SWING
21583,0.94,0.53,0.40,1.15,4.62,-4.41,120.75,120.92,ARM_SWING
21643,0.95,0.55,0.43,1.18,5.60,-4.41,107.10,107.34,ARM_SWING
21703,0.93,0.57,0.45,1.18,10.22,-3.50,84.91,85.59,ARM_SWING
21761,0.86,0.59,0.45,1.13,11.20,-2.94,59.08,60.20,ARM_SWING
21821,0.78,0.58,0.45,1.07,3.85,-2.94,33.60,33.95,ARM_SWING
21879,0.74,0.57,0.44,1.03,-0.14,-3.15,13.09,13.46,ARM_SWING
21939,0.76,0.57,0.44,1.05,-3.08,-3.08,-7.21,8.42,ARM_SWING
21998,0.82,0.55,0.45,1.09,-0.35,-2.31,-33.74,33.82,ARM_SWING
22057,0.88,0.52,0.45,1.12,3.99,-0.21,-61.81,61.94,ARM_SWING
22117,0.93,0.55,0.43,1.16,2.24,-3.85,-90.51,90.62,ARM_SWING
22175,0.92,0.57,0.42,1.16,-5.95,-8.68,-112.07,112.56,ARM_SWING
22235,0.90,0.57,0.43,1.15,2.03,-0.14,-123.13,123.15,ARM_SWING
22294,0.80,0.54,0.39,1.04,10.85,4.13,-116.90,117.48,ARM_SWING
22354,0.68,0.45,0.34,0.88,-1.47,-3.43,-93.66,93.73,ARM_SWING
22414,0.64,0.37,0.34,0.81,-7.14,-5.11,-51.59,52.33,ARM_SWING
22473,0.61,0.34,0.32,0.77,-6.23,-9.31,-2.52,11.48,ARM_SWING
22532,0.64,0.35,0.34,0.81,-15.19,-11.62,44.59,48.52,ARM_SWING
22591,0.71,0.37,0.36,0.88,-11.62,-11.55,89.39,90.88,ARM_SWING
22651,0.86,0.45,0.41,1.05,-5.18,-8.96,116.34,116.80,ARM_SWING
22710,0.95,0.50,0.43,1.16,5.11,-2.59,121.66,121.79,ARM_SWING
22770,0.99,0.53,0.44,1.21,17.99,4.48,109.83,111.38,ARM_SWING
22830,0.95,0.56,0.43,1.19,23.10,6.02,84.91,88.20,ARM_SWING
22888,0.88,0.57,0.42,1.13,17.50,3.85,56.98,59.73,ARM_SWING
22947,0.80,0.55,0.42,1.06,10.15,0.98,35.56,36.99,ARM_SWING
23005,0.76,0.53,0.42,1.02,10.29,1.33,18.20,20.95,ARM_SWING
23064,0.73,0.55,0.40,0.99,5.67,-1.47,4.62,7.46,ARM_SWING
23123,0.74,0.56,0.39,1.00,-13.23,-6.86,-15.82,21.73,ARM_SWING
23182,0.80,0.55,0.40,1.05,-24.22,-15.96,-31.01,42.46,ARM_SWING
23242,0.90,0.52,0.43,1.12,-14.49,-13.02,-56.07,59.36,ARM_SWING
23301,0.94,0.56,0.43,1.17,-13.72,-15.40,-83.72,86.22,ARM_SWING
23361,1.00,0.54,0.44,1.22,-13.93,-9.80,-111.23,112.53,ARM_SWING
23420,0.96,0.53,0.44,1.18,7.14,-1.61,-127.82,128.03,ARM_SWING
23480,0.86,0.53,0.38,1.08,8.40,2.31,-124.18,124.49,ARM_SWING
23540,0.72,0.45,0.34,0.91,1.82,3.50,-102.34,102.42,ARM_SWING
23599,0.62,0.42,0.32,0.81,1.96,0.49,-62.51,62.54,ARM_SWING
23658,0.57,0.41,0.30,0.76,-0.07,-1.75,-20.58,20.65,ARM_SWING
23717,0.59,0.40,0.30,0.77,-10.64,-3.85,28.14,30.33,ARM_SWING
23777,0.66,0.43,0.32,0.84,-6.44,-5.74,72.73,73.24,ARM_SWING
23836,0.76,0.46,0.35,0.95,-7.84,-11.20,104.51,105.40,ARM_SWING
23896,0.88,0.51,0.38,1.08,-14.28,-13.86,122.71,124.31,ARM_SWING
23956,0.97,0.52,0.44,1.18,-7.84,-9.45,122.50,123.11,ARM_SWING
24015,0.98,0.57,0.44,1.21,5.95,-4.27,102.97,103.23,ARM_SWING
24075,0.94,0.64,0.43,1.22,-8.61,-3.36,61.67,62.36,ARM_SWING
24134,0.83,0.56,0.45,1.10,7.49,-3.78,32.76,33.82,ARM_SWING
24193,0.76,0.54,0.44,1.03,9.80,-2.87,13.58,16.99,ARM_SWING
24251,0.72,0.52,0.43,0.99,15.12,-1.68,3.99,15.73,ARM_SWING
24310,0.76,0.53,0.43,1.02,-0.56,-3.43,-9.38,10.00,ARM_SWING
24369,0.82,0.51,0.44,1.06,-5.60,-4.41,-28.35,29.23,ARM_SWING
24428,0.85,0.51,0.43,1.08,-12.60,-4.97,-45.78,47.74,ARM_SWING
24488,0.92,0.50,0.44,1.13,-15.61,-2.45,-68.32,70.12,ARM_SWING
24547,0.93,0.53,0.41,1.14,-12.67,-0.91,-107.17,107.92,ARM_SWING
24607,0.92,0.57,0.42,1.16,-4.13,0.56,-106.12,106.20,ARM_SWING
24666,0.83,0.57,0.39,1.08,1.26,2.94,-112.07,112.12,ARM_SWING
24726,0.70,0.54,0.34,0.95,2.52,0.49,-101.71,101.74,ARM_SWING
24786,0.61,0.47,0.32,0.84,-4.41,-4.41,-74.69,74.95,ARM_SWING
24845,0.61,0.44,0.34,0.82,-3.22,-4.69,-35.84,36.29,ARM_SWING
24905,0.65,0.44,0.34,0.86,1.26,-3.57,5.39,6.59,ARM_SWING
24963,0.71,0.45,0.37,0.91,-1.19,-3.57,37.73,37.92,ARM_SWING
25023,0.71,0.43,0.36,0.91,4.55,-2.24,70.28,70.46,ARM_SWING
25082,0.78,0.45,0.38,0.98,0.42,-1.96,98.77,98.79,ARM_SWING
25140,0.85,0.49,0.39,1.06,6.79,1.54,119.00,119.20,ARM_SWING
25199,0.93,0.55,0.39,1.15,8.12,3.92,117.18,117.53,ARM_SWING
25257,0.92,0.56,0.40,1.15,-10.15,-0.98,97.93,98.46,ARM_SWING
25317,0.90,0.57,0.42,1.15,8.89,-5.81,78.05,78.77,ARM_SWING
25375,0.85,0.56,0.44,1.11,6.37,-5.39,52.36,53.02,ARM_SWING
25434,0.80,0.55,0.43,1.06,14.98,-4.13,28.98,32.88,ARM_SWING
25493,0.76,0.55,0.42,1.03,10.64,-4.62,5.74,12.94,ARM_SWING
25551,0.77,0.53,0.42,1.03,0.70,-7.28,-13.93,15.73,ARM_SWING
25611,0.79,0.52,0.42,1.03,-6.37,-8.26,-32.97,34.58,ARM_SWING
25670,0.84,0.56,0.41,1.09,-16.73,-11.55,-51.45,55.32,ARM_SWING
25730,0.92,0.58,0.42,1.17,-18.62,-10.57,-79.73,82.55,ARM_SWING
25790,0.97,0.59,0.43,1.21,-7.42,-2.31,-106.47,106.75,ARM_SWING
25849,0.98,0.58,0.43,1.22,-1.89,2.80,-125.51,125.56,ARM_SWING
25909,0.91,0.54,0.38,1.12,7.07,7.14,-133.28,133.66,ARM_SWING
25968,0.78,0.49,0.35,0.99,0.14,5.74,-113.19,113.34,ARM_SWING
26028,0.66,0.42,0.31,0.84,-2.66,1.75,-79.03,79.09,ARM_SWING
26086,0.59,0.40,0.30,0.77,-1.75,-0.07,-35.42,35.46,ARM_SWING
26146,0.58,0.36,0.30,0.75,-6.44,-2.10,19.32,20.47,ARM_SWING
26205,0.64,0.40,0.32,0.82,1.75,-3.29,65.38,65.49,ARM_SWING
26263,0.75,0.46,0.33,0.94,-1.68,-5.46,103.60,103.76,ARM_SWING
26323,0.89,0.56,0.50,1.17,-3.50,-6.37,119.00,119.22,ARM_SWING
26381,0.94,0.57,0.41,1.18,2.59,-3.15,113.26,113.33,ARM_SWING
26441,0.91,0.56,0.40,1.14,15.40,1.82,104.09,105.24,ARM_SWING
26500,0.88,0.55,0.39,1.11,19.88,4.76,97.51,99.63,ARM_SWING
26559,0.85,0.56,0.39,1.10,21.21,3.22,85.82,88.46,ARM_SWING
26618,0.83,0.59,0.38,1.09,11.62,-2.31,66.64,67.68,ARM_SWING
26677,0.80,0.61,0.40,1.08,-0.77,-6.37,38.64,39.17,ARM_SWING
26736,0.79,0.60,0.44,1.08,-8.05,-9.17,0.63,12.22,ARM_SWING
26794,0.82,0.55,0.46,1.09,-2.52,-2.94,-32.27,32.50,ARM_SWING
26854,0.84,0.53,0.43,1.09,2.31,-1.89,-58.80,58.88,ARM_SWING
26914,0.87,0.57,0.39,1.11,-16.17,-7.07,-81.62,83.51,ARM_SWING
26973,0.93,0.58,0.38,1.16,-29.68,-12.46,-107.17,111.90,ARM_SWING
27033,0.96,0.58,0.39,1.19,-23.24,-7.00,-123.76,126.12,ARM_SWING
27092,0.91,0.55,0.36,1.12,-4.76,1.75,-127.40,127.50,ARM_SWING
27152,0.84,0.53,0.34,1.05,0.63,8.54,-124.67,124.96,ARM_SWING
27211,0.77,0.47,0.34,0.96,5.67,6.86,-96.11,96.52,ARM_SWING
27270,0.68,0.41,0.31,0.85,14.49,6.58,-63.56,65.52,ARM_SWING
27330,0.60,0.39,0.29,0.77,1.40,-2.66,-17.01,17.27,ARM_SWING
27389,0.60,0.37,0.32,0.77,-6.37,-9.31,37.45,39.11,ARM_SWING
27448,0.67,0.44,0.35,0.87,1.89,-6.09,82.25,82.50,ARM_SWING
27506,0.76,0.52,0.37,0.99,0.14,-4.27,112.84,112.92,ARM_SWING
27566,0.89,0.62,0.42,1.16,7.84,0.56,119.42,119.68,ARM_SWING
27624,0.88,0.72,0.38,1.19,-17.64,-1.47,101.78,103.31,ARM_SWING
27684,0.83,0.53,0.43,1.08,-10.36,-2.87,96.81,97.41,ARM_SWING
27744,0.81,0.57,0.41,1.07,23.24,-1.54,93.17,96.04,ARM_SWING
27802,0.83,0.57,0.41,1.09,25.55,0.91,80.01,84.00,ARM_SWING
27861,0.84,0.61,0.41,1.12,16.10,0.21,54.18,56.52,ARM_SWING
27919,0.83,0.61,0.42,1.11,7.91,-1.54,17.43,19.20,ARM_SWING
27978,0.82,0.60,0.43,1.11,4.20,-1.68,-19.60,20.12,ARM_SWING
28038,0.83,0.60,0.43,1.11,-14.91,-1.68,-60.69,62.52,ARM_SWING
28097,0.84,0.57,0.45,1.11,8.26,0.84,-82.32,82.74,ARM_SWING
28156,0.87,0.62,0.45,1.16,-0.21,0.35,-103.46,103.46,ARM_SWING
28215,0.85,0.62,0.43,1.14,-1.05,1.19,-119.63,119.64,ARM_SWING
28275,0.85,0.62,0.42,1.14,-2.17,1.68,-126.49,126.52,ARM_SWING
28334,0.79,0.57,0.38,1.04,-0.91,4.62,-120.61,120.70,ARM_SWING
28394,0.69,0.50,0.35,0.92,-6.86,3.85,-96.53,96.85,ARM_SWING
28454,0.62,0.44,0.31,0.82,-4.13,0.14,-59.01,59.15,ARM_SWING
28512,0.58,0.39,0.29,0.76,-6.86,-7.00,-9.66,13.76,ARM_SWING
28571,0.60,0.43,0.31,0.80,-7.77,-14.28,37.52,40.89,ARM_SWING
28630,0.68,0.49,0.34,0.90,-10.57,-16.94,71.96,74.68,ARM_SWING
28690,0.74,0.49,0.36,0.95,-9.73,-17.08,99.19,101.12,ARM_SWING
28749,0.88,0.53,0.42,1.11,-14.35,-12.74,119.14,120.68,ARM_SWING
28809,0.97,0.57,0.44,1.20,0.84,-4.90,113.12,113.23,ARM_SWING
28869,0.96,0.58,0.44,1.20,14.98,4.34,93.10,94.40,ARM_SWING
28927,0.89,0.55,0.43,1.13,32.20,12.67,79.24,86.47,ARM_SWING
28987,0.83,0.53,0.41,1.07,39.55,19.53,66.71,79.97,ARM_SWING
29045,0.79,0.54,0.39,1.04,46.62,20.51,56.14,75.80,ARM_SWING
29105,0.76,0.54,0.37,1.01,42.63,12.95,39.41,59.48,ARM_SWING
29164,0.74,0.55,0.39,1.00,27.93,1.61,18.90,33.76,ARM_SWING
29223,0.74,0.53,0.42,1.00,13.02,-11.06,-0.98,17.11,ARM_SWING
29283,0.76,0.52,0.46,1.04,10.15,-13.58,-20.02,26.23,ARM_SWING
29342,0.76,0.55,0.46,1.04,0.77,-17.15,-40.88,44.34,ARM_SWING
29402,0.79,0.59,0.44,1.08,-3.22,-19.32,-55.23,58.60,ARM_SWING
29461,0.84,0.64,0.41,1.13,-11.97,-23.52,-78.40,82.72,ARM_SWING
29521,0.88,0.68,0.39,1.18,-30.73,-28.35,-102.20,110.42,ARM_SWING
29581,0.89,0.66,0.40,1.18,-38.01,-24.22,-121.45,129.54,ARM_SWING
29640,0.83,0.62,0.34,1.09,-38.36,-14.07,-119.77,126.55,ARM_SWING
29700,0.79,0.56,0.30,1.01,-33.81,-4.34,-96.53,102.37,ARM_SWING
29759,0.70,0.50,0.27,0.90,-10.64,1.40,-65.24,66.12,ARM_SWING
29819,0.63,0.46,0.24,0.81,1.26,-0.77,-29.19,29.23,ARM_SWING
29878,0.59,0.43,0.24,0.77,-1.47,-10.71,10.71,15.22,ARM_SWING
29938,0.66,0.47,0.28,0.86,-3.22,-16.31,49.70,52.41,ARM_SWING
29998,0.78,0.56,0.33,1.01,-6.58,-13.37,78.05,79.46,ARM_SWING
30057,0.86,0.55,0.39,1.09,8.68,-4.90,100.31,100.80,ARM_SWING
30117,0.95,0.56,0.41,1.18,31.15,13.79,120.19,124.92,ARM_SWING
30176,1.01,0.58,0.37,1.23,49.00,36.61,125.58,139.68,ARM_SWING
30236,1.02,0.60,0.33,1.23,79.87,51.66,128.87,160.17,ARM_SWING
30295,0.94,0.59,0.27,1.14,84.35,52.36,124.32,159.10,ARM_SWING
30355,0.87,0.57,0.27,1.07,69.16,35.77,110.18,134.92,ARM_SWING
30415,0.81,0.52,0.30,1.01,49.21,17.78,83.79,98.79,ARM_SWING
30474,0.80,0.45,0.36,0.99,38.15,8.05,54.67,67.15,ARM_SWING
30533,0.77,0.42,0.39,0.96,36.68,-1.19,25.97,44.96,ARM_SWING
30592,0.78,0.35,0.42,0.95,16.66,-12.32,-3.78,21.06,ARM_SWING
30652,0.83,0.28,0.48,1.00,1.89,-20.51,-28.49,35.16,ARM_SWING
30711,0.87,0.20,0.51,1.02,-3.71,-18.90,-43.89,47.93,ARM_SWING
30771,0.88,0.11,0.50,1.02,-4.97,-11.55,-41.51,43.37,ARM_SWING
30831,0.90,0.12,0.50,1.04,-0.63,-2.66,-27.65,27.78,ARM_SWING
30890,0.90,0.14,0.44,1.01,-3.43,1.12,-13.72,14.19,ARM_SWING
30950,0.93,0.18,0.41,1.03,-10.01,1.96,-2.94,10.62,ARM_SWING
31008,0.94,0.20,0.40,1.04,-6.51,6.37,5.11,10.44,ARM_SWING
31067,0.92,0.22,0.37,1.02,-1.26,9.66,6.79,11.87,ARM_SWING
31125,0.87,0.24,0.34,0.96,-4.90,3.71,7.49,9.69,ARM_SWING
31184,0.85,0.24,0.36,0.95,-11.34,-1.68,5.88,12.88,ARM_SWING
31244,0.85,0.26,0.39,0.97,-7.56,-9.31,8.96,14.97,ARM_SWING
31302,0.87,0.27,0.42,1.00,-8.47,-12.32,4.90,15.73,ARM_SWING
31361,0.89,0.25,0.44,1.02,-7.70,-12.18,0.63,14.42,ARM_SWING
31420,0.91,0.28,0.46,1.06,-4.55,-6.93,-6.72,10.67,ARM_SWING
31479,0.90,0.26,0.42,1.03,-0.28,3.22,-10.01,10.52,ARM_SWING
Recording stopped
