Recording started
time,accelX,accelY,accelZ,accelMagnitude,gyroX,gyroY,gyroZ,gyroMagnitude,activity
8,-0.26,0.64,0.73,1.00,2.38,-4.27,-1.12,5.02,TYPING
67,-0.24,0.64,0.75,1.02,-1.68,-6.72,2.52,7.37,TYPING
126,-0.25,0.65,0.75,1.03,4.34,-1.61,-1.82,4.97,TYPING
184,-0.27,0.65,0.74,1.02,3.36,-2.17,-1.96,4.45,TYPING
243,-0.27,0.66,0.72,1.01,3.43,-2.38,-0.91,4.27,TYPING
302,-0.26,0.67,0.71,1.01,-1.54,-4.62,-1.33,5.05,TYPING
360,-0.27,0.65,0.74,1.02,-0.56,-3.99,-0.35,4.04,TYPING
419,-0.25,0.65,0.75,1.02,-0.91,-1.47,1.40,2.22,TYPING
477,-0.26,0.65,0.75,1.03,-0.42,-0.07,0.84,0.94,TYPING
536,-0.27,0.66,0.71,1.01,-1.47,-0.98,-1.19,2.13,TYPING
595,-0.26,0.64,0.72,1.00,1.05,-1.40,1.61,2.38,TYPING
654,-0.25,0.66,0.76,1.03,0.84,-2.59,-0.28,2.74,TYPING
713,-0.25,0.64,0.73,1.01,1.96,-2.03,-1.05,3.01,TYPING
771,-0.25,0.65,0.73,1.01,1.33,-1.61,-1.33,2.48,TYPING
830,-0.26,0.65,0.75,1.02,-2.03,-1.47,0.35,2.53,TYPING
888,-0.25,0.65,0.73,1.01,1.05,-2.17,-0.56,2.47,TYPING
947,-0.26,0.65,0.74,1.02,1.75,-2.59,-0.49,3.16,TYPING
1006,-0.25,0.66,0.74,1.02,1.26,-2.31,0.00,2.63,TYPING
1064,-0.26,0.65,0.73,1.01,0.00,-1.89,0.00,1.89,TYPING
1123,-0.26,0.65,0.74,1.02,1.40,-2.03,-1.19,2.74,TYPING
1181,-0.26,0.66,0.74,1.02,0.42,-2.17,-0.42,2.25,TYPING
1240,-0.25,0.66,0.74,1.02,-0.28,-2.17,-1.19,2.49,TYPING
1299,-0.25,0.65,0.75,1.02,-0.70,-2.03,-0.49,2.20,TYPING
1357,-0.26,0.64,0.74,1.01,0.56,-0.42,-0.35,0.78,TYPING
1416,-0.26,0.66,0.74,1.03,-1.40,-2.17,0.07,2.58,TYPING
1474,-0.26,0.65,0.74,1.02,2.87,-4.27,-0.63,5.18,TYPING
1533,-0.26,0.64,0.75,1.02,0.42,-2.87,-0.35,2.92,TYPING
1592,-0.25,0.66,0.74,1.02,-0.42,-2.45,-0.49,2.53,TYPING
1650,-0.26,0.65,0.74,1.02,-0.42,-2.38,-0.42,2.45,TYPING
1709,-0.26,0.64,0.75,1.02,0.70,-2.03,-0.77,2.28,TYPING
1767,-0.26,0.64,0.75,1.02,-0.98,-3.29,-0.56,3.48,TYPING
1826,-0.26,0.65,0.74,1.02,0.35,-1.26,-0.28,1.34,TYPING
1885,-0.25,0.64,0.75,1.02,-0.84,-1.82,-1.05,2.26,TYPING
1943,-0.26,0.65,0.73,1.01,-1.19,-2.24,-1.05,2.75,TYPING
2002,-0.26,0.65,0.75,1.02,-0.63,-2.31,-1.05,2.61,TYPING
2060,-0.26,0.63,0.75,1.01,-0.98,-2.52,-0.77,2.81,TYPING
2119,-0.26,0.65,0.74,1.02,-0.77,-2.59,-1.19,2.95,TYPING
2177,-0.27,0.65,0.74,1.02,-2.10,-2.59,-1.47,3.64,TYPING
2236,-0.26,0.64,0.73,1.01,-6.16,-2.80,-1.68,6.97,TYPING
2296,-0.28,0.65,0.74,1.02,-7.00,-3.92,-1.12,8.10,TYPING
2354,-0.26,0.62,0.78,1.03,-9.66,-2.66,0.00,10.02,TYPING
2413,-0.26,0.59,0.78,1.01,-2.66,-1.47,-0.07,3.04,TYPING
2471,-0.31,0.65,0.71,1.01,-3.43,-3.50,0.35,4.91,TYPING
2530,-0.30,0.68,0.74,1.05,-8.61,-3.36,1.54,9.37,TYPING
2589,-0.22,0.56,0.77,0.98,-3.36,-2.66,-0.70,4.34,TYPING
2647,-0.21,0.59,0.83,1.04,0.21,1.33,3.85,4.08,TYPING
2706,-0.24,0.64,0.77,1.03,0.00,0.35,-1.47,1.51,TYPING
2765,-0.28,0.61,0.74,1.00,0.35,-2.52,0.84,2.68,TYPING
2824,-0.27,0.63,0.76,1.02,6.79,3.01,1.19,7.52,TYPING
2883,-0.28,0.61,0.77,1.02,-0.14,-2.59,-2.73,3.77,TYPING
2941,-0.26,0.62,0.81,1.05,-2.73,-4.55,-5.39,7.56,TYPING
3000,-0.29,0.63,0.72,1.00,-1.82,-2.03,-2.59,3.76,TYPING
3058,-0.24,0.63,0.80,1.04,-4.20,-4.06,-2.52,6.36,TYPING
3117,-0.26,0.57,0.81,1.02,-2.31,-1.19,0.91,2.75,TYPING
3175,-0.32,0.57,0.72,0.97,-0.98,4.34,1.54,4.71,TYPING
3233,-0.25,0.62,0.80,1.04,1.40,-0.49,1.96,2.46,TYPING
3292,-0.24,0.58,0.74,0.97,-9.66,-3.29,-3.29,10.72,TYPING
3350,-0.29,0.57,0.73,0.97,-2.94,-0.70,1.75,3.49,TYPING
3409,-0.21,0.72,0.88,1.16,0.63,-3.08,1.61,3.53,TYPING
3468,-0.22,0.55,0.77,0.97,-2.73,-3.92,-1.12,4.91,TYPING
3526,-0.25,0.57,0.73,0.96,0.42,-8.40,-0.91,8.46,TYPING
3585,-0.26,0.59,0.79,1.02,-0.98,-1.54,0.70,1.95,TYPING
3643,-0.24,0.58,0.79,1.00,-1.12,-0.21,-0.56,1.27,TYPING
3702,-0.26,0.58,0.80,1.02,0.49,0.00,-1.68,1.75,TYPING
3760,-0.25,0.56,0.79,1.00,1.33,-2.10,-0.84,2.62,TYPING
3819,-0.25,0.56,0.80,1.01,1.89,-3.08,0.77,3.69,TYPING
3878,-0.25,0.58,0.78,1.01,2.38,-4.27,-0.70,4.94,TYPING
3936,-0.26,0.58,0.80,1.02,5.25,-4.27,1.82,7.01,TYPING
3995,-0.26,0.59,0.79,1.02,3.92,-2.38,0.35,4.60,TYPING
4053,-0.23,0.60,0.80,1.02,3.08,-3.99,0.98,5.13,TYPING
4112,-0.25,0.60,0.78,1.01,-0.49,-5.11,0.21,5.14,TYPING
4171,-0.24,0.58,0.79,1.01,-1.19,-3.64,0.63,3.88,TYPING
4229,-0.24,0.61,0.80,1.03,-2.24,-5.25,0.77,5.76,TYPING
4288,-0.24,0.59,0.80,1.03,-2.10,-4.48,0.07,4.95,TYPING
4346,-0.24,0.60,0.80,1.03,1.96,-2.10,1.61,3.29,TYPING
4405,-0.24,0.60,0.79,1.02,0.77,0.56,-0.91,1.32,TYPING
4464,-0.22,0.60,0.75,0.98,1.89,0.98,0.42,2.17,TYPING
4522,-0.24,0.57,0.78,1.00,-4.62,-4.13,0.28,6.20,TYPING
4581,-0.25,0.59,0.82,1.04,-0.84,-1.89,0.00,2.07,TYPING
4639,-0.23,0.60,0.78,1.01,-0.49,-2.87,-1.12,3.12,TYPING
4698,-0.24,0.58,0.80,1.02,-2.17,-2.94,-0.84,3.75,TYPING
4757,-0.23,0.59,0.81,1.03,-0.14,1.82,-0.42,1.87,TYPING
4815,-0.22,0.61,0.80,1.03,0.84,1.82,0.42,2.05,TYPING
4874,-0.23,0.59,0.79,1.01,0.00,4.27,-1.12,4.41,TYPING
4932,-0.26,0.56,0.81,1.02,-0.84,-3.64,-3.85,5.36,TYPING
4991,-0.25,0.59,0.79,1.02,1.75,-3.22,-0.70,3.73,TYPING
5050,-0.25,0.58,0.79,1.01,3.36,-3.99,-1.96,5.57,TYPING
5108,-0.24,0.59,0.79,1.02,3.01,-4.27,-1.47,5.43,TYPING
5167,-0.24,0.59,0.80,1.02,2.87,-1.96,-0.98,3.61,TYPING
5225,-0.24,0.59,0.80,1.02,1.54,-0.84,-0.42,1.80,TYPING
5284,-0.24,0.59,0.79,1.02,-0.07,-0.84,-0.98,1.29,TYPING
5343,-0.24,0.59,0.78,1.01,-3.50,0.77,0.28,3.59,TYPING
5401,-0.25,0.57,0.79,1.00,-1.61,-3.01,0.00,3.41,TYPING
5460,-0.24,0.60,0.80,1.03,0.00,-2.73,-0.14,2.73,TYPING
5518,-0.25,0.59,0.79,1.02,1.47,-3.57,0.63,3.91,TYPING
5577,-0.25,0.62,0.85,1.08,-0.35,-2.03,-1.54,2.57,TYPING
5635,-0.21,0.67,0.82,1.08,2.45,3.01,-4.06,5.62,TYPING
5694,-0.24,0.57,0.72,0.95,-3.36,-7.77,4.48,9.58,TYPING
5753,-0.25,0.55,0.83,1.03,-5.18,-4.13,2.59,7.11,TYPING
5811,-0.24,0.61,0.80,1.04,-3.64,-2.03,0.42,4.19,TYPING
5870,-0.24,0.61,0.73,0.98,-1.75,-1.33,1.19,2.50,TYPING
5928,-0.25,0.60,0.85,1.07,-4.48,-2.94,0.28,5.37,TYPING
5987,-0.25,0.53,0.84,1.02,3.22,2.31,0.84,4.05,TYPING
6046,-0.23,0.58,0.79,1.01,1.40,2.87,-0.98,3.34,TYPING
6104,-0.21,0.66,0.79,1.05,-4.55,-6.30,-3.01,8.33,TYPING
6164,-0.24,0.56,0.78,0.99,-3.92,-1.61,2.38,4.86,TYPING
6222,-0.24,0.58,0.83,1.04,-3.99,-1.54,0.70,4.33,TYPING
6281,-0.25,0.55,0.83,1.03,-1.26,-2.80,-0.35,3.09,TYPING
6340,-0.24,0.56,0.77,0.99,0.28,-3.15,-0.63,3.22,TYPING
6398,-0.25,0.57,0.83,1.03,0.63,-2.45,0.07,2.53,TYPING
6457,-0.24,0.56,0.81,1.01,0.00,-2.52,-0.28,2.54,TYPING
6515,-0.25,0.57,0.81,1.02,-0.56,-2.87,-0.28,2.94,TYPING
6574,-0.24,0.60,0.81,1.03,0.98,-1.96,1.33,2.56,TYPING
6633,-0.23,0.57,0.81,1.01,-0.56,-2.80,-0.42,2.89,TYPING
6691,-0.23,0.55,0.82,1.02,0.14,-1.33,-0.42,1.40,TYPING
6750,-0.24,0.57,0.81,1.02,1.26,-2.52,-0.84,2.94,TYPING
6808,-0.24,0.56,0.81,1.02,0.77,-1.12,-0.63,1.50,TYPING
6867,-0.25,0.55,0.82,1.02,0.77,-0.91,-0.91,1.50,TYPING
6926,-0.24,0.56,0.80,1.01,2.17,-2.73,-0.07,3.49,TYPING
6984,-0.25,0.60,0.87,1.09,3.92,-1.19,-3.08,5.13,TYPING
7043,-0.22,0.58,0.79,1.00,2.59,1.68,-2.03,3.69,TYPING
7101,-0.23,0.57,0.82,1.02,-3.29,-6.44,1.19,7.33,TYPING
7160,-0.24,0.56,0.79,0.99,-0.35,-2.45,2.45,3.48,TYPING
7219,-0.24,0.59,0.83,1.05,-1.19,-1.89,0.00,2.23,TYPING
7277,-0.24,0.57,0.80,1.01,-1.54,-2.17,-0.14,2.66,TYPING
7336,-0.24,0.53,0.80,0.99,2.38,-0.91,-0.49,2.59,TYPING
7394,-0.24,0.56,0.81,1.01,0.49,-2.52,-0.28,2.58,TYPING
7453,-0.24,0.55,0.81,1.01,-1.82,-2.24,-0.35,2.91,TYPING
7511,-0.24,0.57,0.82,1.03,2.03,1.40,-3.57,4.34,TYPING
7571,-0.24,0.58,0.82,1.03,0.00,-3.22,-1.19,3.43,TYPING
7630,-0.23,0.56,0.81,1.02,1.26,-2.45,0.21,2.76,TYPING
7688,-0.24,0.57,0.81,1.02,1.05,-2.45,-1.12,2.89,TYPING
7747,-0.24,0.56,0.82,1.02,0.49,-2.38,-0.49,2.48,TYPING
7805,-0.23,0.57,0.81,1.02,0.84,-1.82,-0.35,2.03,TYPING
7864,-0.24,0.56,0.82,1.02,1.47,-1.54,0.07,2.13,TYPING
7923,-0.24,0.56,0.80,1.01,1.47,-0.91,-0.21,1.74,TYPING
7981,-0.25,0.58,0.81,1.03,0.98,-3.01,-0.91,3.29,TYPING
8040,-0.24,0.56,0.80,1.01,2.45,-2.24,-0.28,3.33,TYPING
8098,-0.23,0.56,0.82,1.02,0.98,-1.96,-0.14,2.20,TYPING
8157,-0.24,0.58,0.82,1.03,-0.49,-1.89,-0.21,1.96,TYPING
8216,-0.24,0.56,0.79,1.00,0.91,-1.96,-0.28,2.18,TYPING
8274,-0.23,0.57,0.81,1.02,2.03,-0.70,-0.07,2.15,TYPING
8333,-0.23,0.56,0.81,1.01,0.42,-1.33,-0.35,1.44,TYPING
8391,-0.24,0.60,0.84,1.06,-0.35,-3.01,-0.14,3.03,TYPING
8450,-0.26,0.54,0.83,1.02,1.47,1.82,-3.22,3.98,TYPING
8509,-0.22,0.58,0.78,1.00,0.49,-0.98,-2.03,2.31,TYPING
8567,-0.25,0.53,0.78,0.98,-0.28,-5.04,1.47,5.26,TYPING
8626,-0.24,0.59,0.82,1.03,-5.32,-3.57,0.28,6.41,TYPING
8684,-0.25,0.59,0.84,1.06,2.59,-1.19,0.70,2.93,TYPING
8743,-0.23,0.58,0.78,1.00,0.35,-1.96,-0.77,2.13,TYPING
8802,-0.24,0.56,0.81,1.02,-0.35,-2.38,-0.07,2.41,TYPING
8860,-0.23,0.59,0.81,1.03,0.35,-1.75,0.91,2.00,TYPING
8919,-0.24,0.56,0.83,1.03,-0.21,-2.73,-0.63,2.81,TYPING
8977,-0.24,0.56,0.82,1.02,0.21,-2.66,0.63,2.74,TYPING
9036,-0.26,0.61,0.79,1.03,2.52,-0.21,-2.87,3.83,TYPING
9094,-0.25,0.52,0.71,0.92,-10.85,-0.84,-5.04,11.99,TYPING
9153,-0.25,0.52,0.75,0.94,-2.03,1.12,-1.47,2.75,TYPING
9212,-0.26,0.53,0.80,0.99,5.81,2.03,0.49,6.17,TYPING
9270,-0.23,0.61,0.86,1.08,-1.12,-2.45,-1.61,3.14,TYPING
9329,-0.24,0.56,0.83,1.03,-3.43,-2.87,-0.14,4.47,TYPING
9387,-0.25,0.52,0.70,0.91,0.84,-4.41,2.31,5.05,TYPING
9446,-0.27,0.54,0.83,1.03,-2.38,-4.34,1.26,5.11,TYPING
9505,-0.24,0.59,0.85,1.06,-2.94,-2.80,0.35,4.08,TYPING
9563,-0.25,0.57,0.84,1.05,3.01,0.35,-1.26,3.28,TYPING
9622,-0.22,0.58,0.81,1.02,2.45,-2.24,-0.70,3.39,TYPING
9680,-0.24,0.57,0.85,1.05,-1.68,-4.69,4.62,6.79,TYPING
9740,-0.26,0.48,0.85,1.01,-3.01,0.00,-0.63,3.08,TYPING
9799,-0.26,0.60,0.77,1.01,-1.12,-0.35,-0.77,1.40,TYPING
9857,-0.23,0.50,0.81,0.98,3.43,0.07,0.14,3.43,TYPING
9916,-0.22,0.57,0.82,1.02,1.40,-2.80,-0.77,3.22,TYPING
9974,-0.24,0.60,0.85,1.07,-1.19,-5.18,-1.12,5.43,TYPING
10033,-0.25,0.54,0.75,0.96,4.83,-2.38,17.85,18.64,TYPING
10092,-0.24,0.57,0.81,1.02,0.84,-0.14,-0.91,1.25,TYPING
10149,-0.24,0.56,0.82,1.02,-1.68,-2.80,2.17,3.92,TYPING
10208,-0.23,0.61,0.82,1.05,-1.82,-3.85,0.63,4.30,TYPING
10266,-0.25,0.55,0.83,1.03,0.84,-1.40,1.61,2.29,TYPING
10325,-0.25,0.60,0.84,1.06,1.96,-1.47,0.35,2.47,TYPING
10384,-0.24,0.58,0.80,1.02,-3.29,-1.12,-1.47,3.77,TYPING
10442,-0.27,0.54,0.76,0.97,-3.01,-1.89,-1.19,3.75,TYPING
10501,-0.23,0.49,0.80,0.97,3.22,2.45,-1.89,4.47,TYPING
10559,-0.23,0.60,0.86,1.07,0.14,-3.15,-1.47,3.48,TYPING
10618,-0.25,0.54,0.74,0.95,1.26,-6.30,2.31,6.83,TYPING
10677,-0.24,0.54,0.79,0.99,0.98,-3.22,0.63,3.42,TYPING
10735,-0.26,0.53,0.83,1.01,0.98,-4.27,1.68,4.69,TYPING
10794,-0.23,0.59,0.82,1.03,-2.73,-2.80,-0.49,3.94,TYPING
10852,-0.25,0.55,0.83,1.02,0.28,-1.40,-0.63,1.56,TYPING
10911,-0.24,0.57,0.83,1.04,1.82,-1.82,-0.70,2.67,TYPING
10969,-0.25,0.55,0.83,1.03,6.02,0.49,0.07,6.04,TYPING
11028,-0.24,0.55,0.80,1.00,3.92,-0.14,0.00,3.92,TYPING
11087,-0.24,0.57,0.81,1.02,6.44,-5.18,2.03,8.51,TYPING
11145,-0.24,0.58,0.79,1.01,-4.97,0.00,-2.03,5.37,TYPING
11204,-0.24,0.60,0.81,1.04,-1.05,-2.66,0.14,2.86,TYPING
11262,-0.26,0.49,0.85,1.01,5.60,2.03,1.12,6.06,TYPING
11321,-0.22,0.57,0.80,1.01,-0.07,-5.11,-1.33,5.28,TYPING
11380,-0.24,0.53,0.85,1.03,-2.94,-6.02,1.75,6.92,TYPING
11438,-0.22,0.58,0.80,1.01,1.61,-1.96,-0.07,2.54,TYPING
11497,-0.24,0.55,0.83,1.03,-0.63,-1.26,-0.56,1.52,TYPING
11555,-0.23,0.57,0.83,1.03,0.84,-2.03,0.70,2.31,TYPING
11614,-0.24,0.56,0.81,1.01,0.21,-1.82,-0.28,1.85,TYPING
11673,-0.24,0.55,0.82,1.02,0.63,-3.01,-0.35,3.10,TYPING
11731,-0.23,0.57,0.83,1.04,1.68,-1.26,0.63,2.19,TYPING
11790,-0.23,0.56,0.82,1.02,0.63,-0.84,0.49,1.16,TYPING
11848,-0.24,0.59,0.81,1.03,-0.70,-2.38,-2.10,3.25,TYPING
11908,-0.24,0.59,0.81,1.03,-0.56,-2.24,-0.35,2.34,TYPING
11967,-0.24,0.56,0.81,1.01,-0.35,-3.08,-0.14,3.10,TYPING
12025,-0.25,0.60,0.85,1.07,5.39,0.21,-3.36,6.35,TYPING
12084,-0.21,0.59,0.78,1.00,2.24,0.35,-2.73,3.55,TYPING
12142,-0.23,0.59,0.86,1.07,-2.31,-4.06,-1.19,4.82,TYPING
12201,-0.23,0.57,0.82,1.03,-1.26,-1.82,0.70,2.32,TYPING
12260,-0.24,0.57,0.82,1.03,-1.61,-2.03,-0.42,2.62,TYPING
12318,-0.24,0.57,0.81,1.02,-1.54,0.42,2.59,3.04,TYPING
12378,-0.23,0.57,0.81,1.01,0.91,-1.68,-0.49,1.97,TYPING
12436,-0.23,0.57,0.82,1.03,0.21,-2.17,0.00,2.18,TYPING
12495,-0.25,0.55,0.81,1.01,1.89,-1.75,-0.70,2.67,TYPING
12553,-0.24,0.58,0.81,1.03,-17.50,-2.10,-0.49,17.63,TYPING
12612,-0.24,0.56,0.81,1.01,0.00,-2.10,0.21,2.11,TYPING
12671,-0.24,0.55,0.80,1.00,1.47,-1.54,-0.70,2.24,TYPING
12729,-0.24,0.56,0.82,1.02,1.33,-2.66,-0.42,3.00,TYPING
12788,-0.24,0.57,0.82,1.03,1.19,-2.94,2.94,4.32,TYPING
12846,-0.24,0.59,0.88,1.09,4.06,-1.61,-1.61,4.65,TYPING
12905,-0.23,0.58,0.78,1.00,0.91,-0.49,-1.68,1.97,TYPING
12964,-0.24,0.56,0.82,1.02,-3.57,-5.74,0.28,6.77,TYPING
13022,-0.24,0.52,0.83,1.01,-0.91,-3.08,0.84,3.32,TYPING
13081,-0.23,0.58,0.83,1.04,0.00,-2.24,-0.98,2.44,TYPING
13139,-0.24,0.56,0.82,1.03,-1.54,-2.87,0.14,3.26,TYPING
13198,-0.24,0.55,0.81,1.01,1.19,-2.24,-0.63,2.61,TYPING
13257,-0.25,0.56,0.81,1.01,0.84,-1.89,-0.28,2.09,TYPING
13315,-0.24,0.54,0.82,1.01,0.84,-1.40,0.14,1.64,TYPING
13374,-0.24,0.57,0.80,1.01,1.26,-1.26,-0.49,1.85,TYPING
13432,-0.25,0.59,0.81,1.03,-0.35,-1.19,-0.91,1.54,TYPING
13491,-0.24,0.57,0.82,1.03,-0.35,-1.68,-2.94,3.40,TYPING
13550,-0.24,0.55,0.79,0.99,1.75,-1.26,-0.91,2.34,TYPING
13608,-0.25,0.55,0.80,1.00,2.45,-3.43,-0.49,4.24,TYPING
13667,-0.24,0.54,0.80,1.00,-3.85,-1.68,-1.33,4.41,TYPING
13725,-0.24,0.57,0.79,1.01,0.21,-0.28,1.19,1.24,TYPING
13784,-0.26,0.57,0.90,1.10,0.00,2.17,-2.03,2.97,TYPING
13843,-0.26,0.57,0.82,1.03,1.75,-2.45,1.33,3.29,TYPING
13901,-0.24,0.55,0.79,0.99,0.28,-4.06,0.56,4.11,TYPING
13960,-0.25,0.56,0.79,1.00,0.00,-3.50,0.42,3.53,TYPING
14018,-0.25,0.57,0.82,1.03,0.28,-0.70,-0.98,1.24,TYPING
14078,-0.24,0.59,0.83,1.04,-0.21,-5.04,-0.14,5.05,TYPING
14136,-0.23,0.57,0.80,1.01,0.77,-1.19,-0.98,1.72,TYPING
14195,-0.25,0.55,0.80,1.00,1.61,-0.77,-0.21,1.80,TYPING
14254,-0.24,0.60,0.85,1.07,-1.05,-0.14,-0.63,1.23,TYPING
14312,-0.23,0.59,0.82,1.04,-1.89,-3.64,0.77,4.17,TYPING
14371,-0.24,0.57,0.78,0.99,-1.05,-5.04,0.21,5.15,TYPING
14429,-0.23,0.55,0.83,1.02,-1.40,-3.78,1.47,4.29,TYPING
14487,-0.24,0.57,0.82,1.03,4.48,-6.79,1.89,8.35,TYPING
14546,-0.24,0.57,0.82,1.03,0.63,-2.87,0.56,2.99,TYPING
14604,-0.24,0.56,0.82,1.02,-0.42,-2.87,-0.14,2.90,TYPING
14663,-0.24,0.55,0.82,1.01,0.98,-2.24,-0.07,2.45,TYPING
14721,-0.23,0.57,0.82,1.03,2.17,-3.43,0.35,4.07,TYPING
14780,-0.24,0.53,0.84,1.02,-2.94,-2.31,-2.52,4.51,TYPING
14839,-0.24,0.57,0.83,1.04,-5.32,2.31,-3.15,6.60,TYPING
14897,-0.26,0.54,0.82,1.02,0.91,0.77,-2.31,2.60,TYPING
14956,-0.24,0.53,0.78,0.98,4.76,-1.33,-1.54,5.18,TYPING
15014,-0.24,0.56,0.83,1.02,1.82,-2.66,-2.24,3.92,TYPING
15073,-0.23,0.61,0.83,1.06,-1.96,-5.32,1.19,5.79,TYPING
15132,-0.24,0.56,0.87,1.06,-1.75,-3.15,1.89,4.07,TYPING
15190,-0.24,0.57,0.82,1.03,-0.28,-1.47,-1.05,1.83,TYPING
15249,-0.25,0.57,0.82,1.02,1.61,-1.96,-0.70,2.63,TYPING
15307,-0.24,0.56,0.82,1.02,2.80,-2.10,-0.84,3.60,TYPING
15366,-0.24,0.56,0.81,1.02,0.35,-2.73,-0.77,2.86,TYPING
15425,-0.24,0.56,0.81,1.01,-0.98,-2.45,0.00,2.64,TYPING
15483,-0.24,0.56,0.82,1.03,1.12,-2.03,-0.28,2.34,TYPING
15542,-0.25,0.57,0.80,1.02,0.21,-3.22,-0.84,3.33,TYPING
15600,-0.24,0.56,0.81,1.01,1.40,-0.56,-1.19,1.92,TYPING
15659,-0.24,0.56,0.82,1.02,-1.33,-2.45,0.21,2.80,TYPING
15718,-0.24,0.56,0.80,1.01,-0.28,-1.26,-0.49,1.38,TYPING
15776,-0.25,0.57,0.81,1.02,1.19,-2.59,0.35,2.87,TYPING
15835,-0.25,0.56,0.83,1.03,2.38,-2.17,-0.35,3.24,TYPING
15893,-0.25,0.59,0.84,1.06,4.69,-0.14,-2.31,5.23,TYPING
15952,-0.24,0.57,0.78,0.99,1.96,-0.84,-0.14,2.14,TYPING
16010,-0.24,0.59,0.83,1.04,-1.89,-3.92,-0.70,4.41,TYPING
16069,-0.24,0.53,0.82,1.01,-0.70,-2.59,0.35,2.71,TYPING
16128,-0.25,0.55,0.83,1.02,-0.84,-2.17,0.14,2.33,TYPING
16186,-0.24,0.59,0.81,1.03,0.14,-1.12,-1.05,1.54,TYPING
16245,-0.24,0.58,0.82,1.03,1.47,-1.19,-0.56,1.97,TYPING
16303,-0.25,0.54,0.83,1.02,0.28,-2.24,17.01,17.16,TYPING
16362,-0.24,0.61,0.83,1.05,2.94,1.33,-0.84,3.33,TYPING
16421,-0.23,0.56,0.78,0.99,-0.28,-2.66,-0.63,2.75,TYPING
16479,-0.25,0.56,0.85,1.05,1.05,-5.81,-0.35,5.91,TYPING
16538,-0.23,0.66,0.88,1.12,-1.68,-2.10,-2.03,3.37,TYPING
16596,-0.24,0.57,0.78,1.00,2.59,1.05,-1.26,3.07,TYPING
16655,-0.25,0.53,0.82,1.01,-0.70,0.14,-2.94,3.03,TYPING
16715,-0.24,0.55,0.81,1.01,1.82,-1.75,-0.70,2.62,TYPING
16773,-0.25,0.61,0.80,1.03,4.13,-2.66,-1.82,5.24,TYPING
16832,-0.24,0.56,0.77,0.98,-1.75,-3.78,0.91,4.26,TYPING
16890,-0.25,0.56,0.84,1.04,-0.70,-3.43,0.00,3.50,TYPING
16949,-0.24,0.59,0.83,1.04,-1.47,-3.50,1.33,4.02,TYPING
17008,-0.24,0.58,0.82,1.03,-0.07,-2.94,0.35,2.96,TYPING
17066,-0.24,0.59,0.82,1.04,0.07,-1.96,0.84,2.13,TYPING
17124,-0.25,0.56,0.80,1.01,-0.21,-5.46,-0.14,5.47,TYPING
17182,-0.24,0.58,0.84,1.05,1.40,-2.10,1.68,3.03,TYPING
17241,-0.27,0.57,0.89,1.09,3.78,0.98,-3.01,4.93,TYPING
17300,-0.23,0.59,0.78,1.00,0.07,-0.42,-2.31,2.35,TYPING
17358,-0.24,0.54,0.82,1.01,-4.55,-3.64,1.12,5.93,TYPING
17417,-0.25,0.58,0.82,1.03,1.19,-2.94,1.05,3.34,TYPING
17475,-0.25,0.57,0.82,1.03,-2.17,-4.62,0.98,5.20,TYPING
17534,-0.23,0.58,0.83,1.04,-0.98,-1.26,-1.40,2.12,TYPING
17593,-0.25,0.61,0.85,1.07,-0.84,1.96,-1.96,2.90,TYPING
17651,-0.26,0.54,0.81,1.01,0.35,0.21,-0.70,0.81,TYPING
17710,-0.23,0.53,0.77,0.97,0.84,-6.44,0.00,6.49,TYPING
17768,-0.25,0.54,0.77,0.97,-1.82,-3.99,0.14,4.39,TYPING
17827,-0.24,0.56,0.83,1.03,-1.61,-3.15,-0.28,3.55,TYPING
17885,-0.25,0.56,0.81,1.01,-0.49,-2.59,0.70,2.73,TYPING
17944,-0.25,0.55,0.81,1.01,-0.56,-1.61,-0.28,1.73,TYPING
18003,-0.24,0.58,0.81,1.02,0.70,-1.68,-0.77,1.98,TYPING
18061,-0.24,0.56,0.82,1.02,1.26,-2.24,-0.63,2.65,TYPING
18120,-0.24,0.56,0.83,1.03,2.17,-0.35,-0.28,2.22,TYPING
18178,-0.24,0.58,0.82,1.04,1.26,-2.38,0.21,2.70,TYPING
18237,-0.25,0.56,0.81,1.01,3.99,1.47,-0.84,4.33,TYPING
18296,-0.23,0.58,0.79,1.01,-0.28,-2.87,-0.56,2.94,TYPING
18354,-0.25,0.58,0.83,1.04,3.50,-2.52,1.26,4.49,TYPING
18414,-0.24,0.57,0.83,1.03,-3.57,-2.38,-1.82,4.66,TYPING
18472,-0.24,0.56,0.79,1.00,-1.19,1.82,-1.05,2.41,TYPING
18531,-0.25,0.55,0.77,0.98,0.84,-0.07,0.35,0.91,TYPING
18590,-0.25,0.54,0.76,0.96,1.47,-6.51,0.14,6.68,TYPING
18648,-0.25,0.56,0.82,1.03,-0.21,-2.03,0.56,2.12,TYPING
18707,-0.25,0.56,0.81,1.02,-0.21,-2.73,-0.70,2.83,TYPING
18765,-0.25,0.56,0.81,1.01,1.89,-3.29,1.05,3.94,TYPING
18824,-0.25,0.51,0.80,0.98,0.56,-2.80,0.35,2.88,TYPING
18883,-0.25,0.56,0.84,1.04,-0.63,1.75,-1.54,2.41,TYPING
18941,-0.24,0.60,0.81,1.04,1.40,2.03,-2.80,3.73,TYPING
19000,-0.26,0.52,0.80,0.99,0.35,-0.98,-0.21,1.06,TYPING
19058,-0.25,0.54,0.82,1.01,3.71,-2.10,-1.47,4.51,TYPING
19117,-0.25,0.56,0.82,1.02,0.77,-1.68,-0.28,1.87,TYPING
19176,-0.23,0.60,0.81,1.03,-1.26,-4.83,1.05,5.10,TYPING
19234,-0.26,0.56,0.83,1.03,-1.26,-3.36,0.63,3.64,TYPING
19292,-0.25,0.57,0.83,1.04,1.75,-2.80,3.50,4.81,TYPING
19350,-0.24,0.55,0.79,1.00,4.90,-3.85,1.19,6.34,TYPING
19409,-0.23,0.58,0.83,1.03,-2.03,-1.05,-1.96,3.01,TYPING
19468,-0.26,0.53,0.80,0.99,2.17,0.07,-0.63,2.26,TYPING
19526,-0.22,0.63,0.81,1.05,0.21,-3.43,-0.91,3.55,TYPING
19585,-0.24,0.55,0.83,1.02,0.98,-2.45,0.84,2.77,TYPING
19643,-0.25,0.57,0.82,1.03,1.40,-2.80,1.47,3.46,TYPING
19702,-0.24,0.56,0.82,1.02,3.08,-2.45,0.98,4.06,TYPING
19760,-0.23,0.60,0.80,1.03,-3.29,-0.21,-0.70,3.37,TYPING
19819,-0.26,0.58,0.79,1.01,3.78,0.28,0.49,3.82,TYPING
19878,-0.24,0.56,0.80,1.00,-0.91,-2.45,-1.05,2.82,TYPING
19936,-0.25,0.57,0.86,1.06,0.21,-0.84,-1.26,1.53,TYPING
19995,-0.23,0.61,0.76,1.00,1.47,-2.10,-0.63,2.64,TYPING
20053,-0.24,0.58,0.82,1.03,-0.14,-2.03,1.19,2.36,TYPING
20112,-0.23,0.55,0.80,1.00,0.63,-3.29,0.00,3.35,TYPING
20171,-0.24,0.58,0.81,1.02,3.57,-2.87,-1.33,4.77,TYPING
20229,-0.25,0.57,0.82,1.03,1.54,-3.50,1.12,3.98,TYPING
20288,-0.24,0.52,0.82,1.01,1.47,-0.42,-0.84,1.74,TYPING
20346,-0.23,0.58,0.80,1.02,-1.05,-2.31,0.70,2.63,TYPING
20405,-0.24,0.56,0.80,1.00,-1.75,-2.10,-1.26,3.01,TYPING
20464,-0.25,0.55,0.82,1.02,0.35,-1.26,1.61,2.07,TYPING
20522,-0.24,0.57,0.81,1.02,-0.42,-2.45,-0.49,2.53,TYPING
20582,-0.25,0.57,0.81,1.02,0.07,-1.47,0.49,1.55,TYPING
20640,-0.24,0.56,0.80,1.01,1.12,-0.84,-0.63,1.54,TYPING
20699,-0.23,0.57,0.80,1.01,0.77,-1.89,-1.19,2.36,TYPING
20758,-0.23,0.57,0.81,1.02,1.68,-0.98,-0.49,2.01,TYPING
20816,-0.25,0.56,0.81,1.02,1.12,-2.38,0.07,2.63,TYPING
20875,-0.25,0.57,0.81,1.02,2.52,-2.03,-0.35,3.25,TYPING
20933,-0.25,0.57,0.80,1.02,3.01,-0.70,-0.70,3.17,TYPING
20992,-0.23,0.56,0.82,1.02,-2.73,-0.70,14.98,15.24,TYPING
21052,-0.24,0.58,0.81,1.03,3.08,-1.82,0.00,3.58,TYPING
21110,-0.24,0.59,0.79,1.01,0.84,-1.40,-0.56,1.73,TYPING
21169,-0.24,0.57,0.82,1.02,1.40,-1.96,0.07,2.41,TYPING
21227,-0.24,0.57,0.82,1.03,-0.07,-1.89,0.14,1.90,TYPING
21286,-0.24,0.58,0.80,1.02,0.49,-1.61,-0.42,1.73,TYPING
21344,-0.24,0.57,0.80,1.01,1.61,-1.68,0.00,2.33,TYPING
21403,-0.24,0.57,0.81,1.02,-0.56,-1.05,0.21,1.21,TYPING
21462,-0.24,0.58,0.80,1.01,1.96,-2.38,-0.28,3.10,TYPING
21520,-0.24,0.57,0.80,1.01,2.10,-2.66,-0.42,3.41,TYPING
21579,-0.24,0.59,0.81,1.03,1.54,-2.24,-0.91,2.87,TYPING
21637,-0.24,0.57,0.81,1.02,-1.40,-2.45,0.00,2.82,TYPING
21696,-0.24,0.61,0.84,1.07,2.45,-0.70,-1.40,2.91,TYPING
21755,-0.22,0.54,0.79,0.98,1.54,2.03,-3.92,4.68,TYPING
21813,-0.24,0.59,0.82,1.04,-1.19,-5.46,1.19,5.71,TYPING
21872,-0.25,0.55,0.80,1.00,-2.66,-2.80,2.52,4.61,TYPING
21930,-0.24,0.60,0.80,1.03,-0.35,-6.16,-0.28,6.18,TYPING
21989,-0.25,0.58,0.81,1.03,0.91,-2.52,0.70,2.77,TYPING
22048,-0.24,0.57,0.81,1.02,0.84,-1.47,-0.14,1.70,TYPING
22106,-0.24,0.58,0.80,1.02,0.84,-2.38,17.57,17.75,TYPING
22165,-0.24,0.59,0.80,1.02,1.33,-1.96,-1.40,2.75,TYPING
22223,-0.24,0.59,0.80,1.02,0.98,-1.68,0.56,2.02,TYPING
22282,-0.24,0.58,0.81,1.02,-0.14,-1.89,-0.56,1.98,TYPING
22341,-0.24,0.58,0.80,1.02,0.84,-1.89,0.07,2.07,TYPING
22399,-0.23,0.58,0.80,1.02,2.45,-3.15,0.00,3.99,TYPING
22458,-0.24,0.55,0.77,0.98,1.12,-1.82,-0.77,2.27,TYPING
22516,-0.24,0.60,0.82,1.04,3.01,-2.24,-0.42,3.78,TYPING
22575,-0.24,0.59,0.82,1.03,1.19,-2.24,-0.91,2.69,TYPING
22634,-0.24,0.58,0.79,1.01,-0.98,-1.89,0.21,2.14,TYPING
22692,-0.24,0.60,0.81,1.03,0.70,-2.31,-0.14,2.42,TYPING
22751,-0.24,0.59,0.80,1.02,0.07,-1.19,0.63,1.35,TYPING
22809,-0.24,0.58,0.80,1.02,0.00,-1.75,-0.35,1.78,TYPING
22868,-0.24,0.58,0.81,1.02,0.35,-2.66,0.07,2.68,TYPING
22927,-0.24,0.59,0.79,1.02,0.77,-2.52,-0.91,2.79,TYPING
22985,-0.24,0.58,0.80,1.02,-0.07,-0.84,-0.42,0.94,TYPING
23044,-0.24,0.58,0.80,1.02,-1.47,-2.10,0.00,2.56,TYPING
23102,-0.24,0.59,0.80,1.02,0.21,-2.31,0.00,2.32,TYPING
23161,-0.24,0.58,0.79,1.01,0.91,-2.66,-0.35,2.83,TYPING
23219,-0.24,0.58,0.80,1.01,1.26,-1.12,-0.14,1.69,TYPING
23278,-0.24,0.58,0.80,1.02,1.61,-1.75,0.14,2.38,TYPING
23337,-0.24,0.59,0.80,1.02,0.00,-2.52,-1.47,2.92,TYPING
23395,-0.24,0.60,0.81,1.04,0.63,-2.38,-0.21,2.47,TYPING
23454,-0.24,0.59,0.81,1.03,-0.28,-2.17,-0.91,2.37,TYPING
23512,-0.24,0.59,0.79,1.02,-0.91,-1.75,0.42,2.02,TYPING
23571,-0.24,0.58,0.80,1.02,0.28,-2.31,-0.98,2.52,TYPING
23630,-0.23,0.59,0.80,1.02,0.28,0.00,1.54,1.57,TYPING
23688,-0.24,0.67,0.88,1.13,6.30,-1.33,-2.10,6.77,TYPING
23747,-0.24,0.53,0.73,0.94,2.24,0.63,-0.56,2.39,TYPING
23805,-0.24,0.54,0.77,0.97,-0.35,-2.17,-0.91,2.38,TYPING
23864,-0.24,0.57,0.78,1.00,-1.82,-4.69,2.73,5.72,TYPING
23923,-0.26,0.58,0.81,1.03,-2.17,-2.66,-0.21,3.44,TYPING
23981,-0.24,0.59,0.81,1.03,0.35,-1.47,0.35,1.55,TYPING
24040,-0.24,0.58,0.80,1.02,0.56,-2.38,-0.21,2.45,TYPING
24098,-0.24,0.58,0.80,1.02,-2.59,-3.71,3.92,5.99,TYPING
24157,-0.23,0.63,0.81,1.05,0.21,-0.42,-0.70,0.84,TYPING
24216,-0.24,0.61,0.82,1.05,-1.47,-0.70,-0.98,1.90,TYPING
24274,-0.23,0.58,0.79,1.00,3.36,-0.49,-0.07,3.40,TYPING
24333,-0.25,0.50,0.81,0.99,0.77,0.91,-3.08,3.30,TYPING
24391,-0.24,0.57,0.79,1.00,-2.94,-3.29,-1.68,4.72,TYPING
24450,-0.24,0.59,0.81,1.03,0.28,-3.22,0.07,3.23,TYPING
24509,-0.24,0.59,0.81,1.03,-2.31,-0.49,-1.68,2.90,TYPING
24566,-0.24,0.64,0.80,1.05,-5.81,-2.59,2.80,6.95,TYPING
24625,-0.25,0.57,0.80,1.01,-0.14,-1.54,-1.96,2.50,TYPING
24683,-0.24,0.58,0.82,1.03,-0.63,-3.43,-0.56,3.53,TYPING
24742,-0.24,0.59,0.78,1.01,0.49,-2.80,0.84,2.96,TYPING
24801,-0.24,0.59,0.81,1.03,0.70,-1.54,-0.42,1.74,TYPING
24859,-0.24,0.58,0.80,1.02,-0.35,-2.10,0.21,2.14,TYPING
24918,-0.24,0.59,0.80,1.02,0.70,-2.17,-0.14,2.28,TYPING
24976,-0.24,0.57,0.81,1.02,-2.73,-3.22,0.00,4.22,TYPING
25035,-0.25,0.58,0.81,1.03,0.21,-2.80,-0.07,2.81,TYPING
25094,-0.25,0.59,0.79,1.02,0.70,-2.38,-0.35,2.51,TYPING
25152,-0.24,0.57,0.81,1.02,0.91,-2.59,-0.28,2.76,TYPING
25211,-0.24,0.58,0.80,1.02,-0.84,-1.68,0.35,1.91,TYPING
25269,-0.24,0.58,0.79,1.01,0.21,-2.59,-0.84,2.73,TYPING
25328,-0.25,0.56,0.81,1.02,3.85,-0.28,-1.68,4.21,TYPING
25387,-0.23,0.58,0.77,0.99,0.49,-1.19,-1.19,1.75,TYPING
25446,-0.25,0.57,0.82,1.03,-2.24,-1.82,0.28,2.90,TYPING
25505,-0.25,0.54,0.82,1.01,1.89,-3.01,1.19,3.75,TYPING
25563,-0.24,0.57,0.81,1.02,1.82,-1.75,-0.21,2.53,TYPING
25622,-0.24,0.58,0.80,1.02,-1.40,-2.03,-0.49,2.51,TYPING
25680,-0.24,0.57,0.80,1.01,-0.21,-3.08,-0.07,3.09,TYPING
25739,-0.24,0.58,0.81,1.03,0.42,-2.03,-0.91,2.26,TYPING
25798,-0.26,0.58,0.80,1.02,2.87,-1.12,0.07,3.08,TYPING
25857,-0.25,0.59,0.79,1.02,1.75,-2.45,-0.91,3.15,TYPING
25916,-0.24,0.58,0.81,1.02,0.07,-2.94,0.14,2.94,TYPING
25974,-0.24,0.58,0.79,1.01,-17.64,-2.66,-0.21,17.84,TYPING
26033,-0.24,0.59,0.80,1.02,1.12,-2.94,-0.49,3.18,TYPING
26092,-0.24,0.57,0.80,1.01,1.05,-1.47,0.70,1.94,TYPING
26150,-0.24,0.59,0.80,1.02,0.42,-2.73,-0.49,2.81,TYPING
26209,-0.24,0.58,0.80,1.01,-0.98,-2.31,-0.35,2.53,TYPING
26266,-0.24,0.57,0.80,1.01,1.40,-7.84,2.10,8.24,TYPING
26325,-0.24,0.59,0.82,1.03,1.33,-1.82,-0.84,2.41,TYPING
26384,-0.24,0.57,0.81,1.01,-0.84,-2.59,0.35,2.75,TYPING
26442,-0.25,0.57,0.81,1.02,1.33,-2.38,0.28,2.74,TYPING
26501,-0.23,0.61,0.78,1.02,3.50,0.42,-1.40,3.79,TYPING
26559,-0.24,0.57,0.77,0.99,0.00,-1.05,-1.61,1.92,TYPING
26618,-0.24,0.60,0.83,1.05,-1.33,-3.64,0.00,3.88,TYPING
26677,-0.24,0.59,0.80,1.02,-1.19,-3.22,0.84,3.53,TYPING
26734,-0.24,0.57,0.80,1.01,-0.35,-4.55,2.66,5.28,TYPING
26793,-0.24,0.58,0.81,1.03,0.91,-1.68,-0.14,1.92,TYPING
26851,-0.24,0.58,0.80,1.02,0.42,-1.89,-0.56,2.02,TYPING
26910,-0.24,0.57,0.80,1.01,-0.70,-1.96,-0.56,2.16,TYPING
26969,-0.24,0.58,0.80,1.02,-0.56,-2.73,-1.33,3.09,TYPING
27027,-0.24,0.58,0.80,1.02,0.84,-2.31,0.28,2.47,TYPING
27086,-0.24,0.57,0.80,1.02,0.56,-2.94,-0.07,2.99,TYPING
27144,-0.24,0.58,0.81,1.03,-0.77,-2.03,-0.35,2.20,TYPING
27203,-0.24,0.57,0.81,1.02,0.35,-2.31,-0.98,2.53,TYPING
27261,-0.24,0.58,0.80,1.02,0.84,-1.75,-0.42,1.99,TYPING
27320,-0.24,0.58,0.79,1.01,-0.07,-2.10,-0.63,2.19,TYPING
27379,-0.24,0.58,0.81,1.03,-0.21,-1.54,0.35,1.59,TYPING
27437,-0.24,0.59,0.81,1.03,-0.07,-2.17,-1.54,2.66,TYPING
27496,-0.24,0.58,0.83,1.04,-0.70,-0.49,-0.77,1.15,TYPING
27554,-0.25,0.57,0.79,1.00,2.59,-1.40,-0.42,2.97,TYPING
27613,-0.24,0.58,0.81,1.03,-0.56,-0.91,-2.59,2.80,TYPING
27672,-0.26,0.61,0.83,1.06,2.38,-2.10,-3.15,4.47,TYPING
27730,-0.26,0.58,0.76,0.99,-1.89,-1.19,-3.36,4.03,TYPING
27789,-0.23,0.51,0.77,0.95,3.92,0.63,-1.40,4.21,TYPING
27847,-0.25,0.57,0.78,0.99,-1.26,-7.00,-0.49,7.13,TYPING
27906,-0.26,0.60,0.86,1.08,1.05,-2.24,2.94,3.84,TYPING
27965,-0.24,0.59,0.79,1.02,1.12,-4.27,1.05,4.54,TYPING
28023,-0.25,0.54,0.82,1.02,0.77,-1.26,0.91,1.73,TYPING
28082,-0.25,0.58,0.81,1.03,2.45,2.24,0.00,3.32,TYPING
28140,-0.25,0.64,0.87,1.11,2.38,-0.77,-2.45,3.50,TYPING
28199,-0.24,0.57,0.75,0.97,-1.47,-3.92,0.07,4.19,TYPING
28258,-0.25,0.56,0.81,1.01,-1.12,-3.50,-0.42,3.70,TYPING
28316,-0.25,0.58,0.80,1.02,0.00,-2.31,-0.91,2.48,TYPING
28375,-0.25,0.57,0.80,1.01,-1.40,-3.01,0.14,3.32,TYPING
28433,-0.25,0.57,0.80,1.01,0.98,-2.52,0.00,2.70,TYPING
28492,-0.25,0.58,0.80,1.02,-0.63,-3.15,0.07,3.21,TYPING
28551,-0.24,0.57,0.80,1.01,0.70,-0.91,1.19,1.65,TYPING
28609,-0.24,0.57,0.80,1.01,0.56,-0.77,-0.49,1.07,TYPING
28668,-0.25,0.58,0.80,1.02,1.40,-1.33,0.91,2.13,TYPING
28726,-0.26,0.60,0.79,1.02,1.12,-2.03,-1.54,2.78,TYPING
28785,-0.24,0.59,0.81,1.03,0.98,-3.01,-0.42,3.19,TYPING
28844,-0.24,0.59,0.80,1.02,-0.14,-2.24,0.70,2.35,TYPING
28902,-0.25,0.58,0.81,1.03,0.35,-2.45,-0.70,2.57,TYPING
28962,-0.24,0.59,0.80,1.02,1.96,-0.28,0.70,2.10,TYPING
29020,-0.24,0.58,0.80,1.01,0.35,-2.24,-0.70,2.37,TYPING
29079,-0.25,0.57,0.81,1.02,-0.35,-2.59,0.14,2.62,TYPING
29137,-0.25,0.59,0.79,1.02,-0.49,-2.17,-0.84,2.38,TYPING
29196,-0.25,0.58,0.81,1.03,1.40,-1.82,-0.42,2.33,TYPING
29255,-0.24,0.59,0.80,1.02,0.91,-2.52,-0.98,2.85,TYPING
29313,-0.25,0.58,0.82,1.03,0.21,-2.52,0.70,2.62,TYPING
29372,-0.26,0.58,0.77,1.00,-2.10,2.87,-5.60,6.63,TYPING
29431,-0.24,0.56,0.77,0.98,-0.28,-1.61,0.07,1.64,TYPING
29490,-0.24,0.55,0.76,0.97,-2.59,-2.80,0.00,3.81,TYPING
29549,-0.25,0.62,0.82,1.06,-0.84,-3.08,-0.21,3.20,TYPING
29607,-0.25,0.57,0.79,1.01,0.91,-1.75,0.70,2.09,TYPING
29666,-0.24,0.58,0.80,1.02,0.84,-1.12,-1.26,1.88,TYPING
29724,-0.23,0.57,0.83,1.04,0.35,-1.68,0.77,1.88,TYPING
29783,-0.25,0.58,0.80,1.01,0.84,0.70,-0.84,1.38,TYPING
29842,-0.24,0.60,0.77,1.01,0.42,-2.73,0.35,2.78,TYPING
29900,-0.25,0.59,0.77,1.00,2.03,-3.01,-3.08,4.76,TYPING
29959,-0.26,0.60,0.77,1.02,-1.75,-3.01,-0.42,3.51,TYPING
30017,-0.29,0.60,0.79,1.03,-10.08,-4.34,-1.89,11.14,TYPING
30076,-0.20,0.59,0.76,0.99,1.47,1.05,-1.89,2.61,TYPING
30135,-0.24,0.61,0.91,1.12,1.12,-8.89,-0.91,9.01,TYPING
30193,-0.24,0.61,0.79,1.03,1.54,0.14,-1.40,2.09,TYPING
30252,-0.26,0.59,1.00,1.18,-1.89,4.76,-3.01,5.94,TYPING
30310,-0.25,0.52,0.74,0.94,7.21,-2.45,2.45,8.00,TYPING
30369,-0.25,0.59,0.84,1.05,-3.78,-7.07,-0.56,8.04,TYPING
30427,-0.24,0.62,0.75,1.01,-0.21,-5.32,-0.07,5.32,TYPING
30486,-0.25,0.55,0.80,1.01,1.47,-1.68,0.56,2.30,TYPING
30545,-0.25,0.57,0.82,1.03,-0.14,-3.22,-0.84,3.33,TYPING
30603,-0.24,0.59,0.79,1.01,-1.19,-0.91,-1.33,2.00,TYPING
30663,-0.26,0.59,0.86,1.07,4.34,2.38,-1.75,5.25,TYPING
30721,-0.25,0.56,0.78,0.99,0.77,-2.17,-1.82,2.93,TYPING
30780,-0.24,0.57,0.81,1.02,-1.26,-3.71,-1.68,4.26,TYPING
30839,-0.24,0.59,0.80,1.03,0.49,-1.40,0.42,1.54,TYPING
30897,-0.25,0.59,0.81,1.03,2.31,0.35,-1.47,2.76,TYPING
30956,-0.24,0.57,0.77,0.99,-2.38,-0.07,0.07,2.38,TYPING
31014,-0.24,0.56,0.74,0.96,-1.47,-6.79,0.84,7.00,TYPING
31073,-0.27,0.55,0.83,1.03,-1.05,-2.94,4.06,5.12,TYPING
31132,-0.25,0.57,0.81,1.02,-0.70,-1.82,0.07,1.95,TYPING
31190,-0.25,0.57,0.80,1.01,0.35,-1.96,0.63,2.09,TYPING
31249,-0.25,0.58,0.80,1.02,2.31,-0.63,-0.77,2.52,TYPING
31307,-0.25,0.59,0.81,1.03,1.12,-2.17,-0.77,2.56,TYPING
31366,-0.24,0.58,0.80,1.02,-0.49,-2.87,0.42,2.94,TYPING
31425,-0.23,0.57,0.83,1.03,3.22,-0.77,-0.42,3.34,TYPING
31483,-0.25,0.59,0.80,1.03,2.66,-0.91,0.56,2.87,TYPING
31542,-0.25,0.59,0.80,1.02,-0.28,-2.73,0.35,2.77,TYPING
31600,-0.25,0.56,0.80,1.01,1.68,-1.75,-0.56,2.49,TYPING
31659,-0.22,0.58,0.82,1.03,1.61,-2.38,0.07,2.87,TYPING
31718,-0.25,0.58,0.81,1.02,2.10,-0.56,-0.28,2.19,TYPING
31776,-0.25,0.57,0.80,1.02,0.98,-2.03,-0.84,2.41,TYPING
31835,-0.24,0.59,0.79,1.02,2.10,-2.80,-1.40,3.77,TYPING
31893,-0.25,0.60,0.81,1.04,0.56,1.40,-1.33,2.01,TYPING
31952,-0.24,0.60,0.69,0.94,0.49,-1.68,-1.47,2.29,TYPING
32010,-0.25,0.57,0.79,1.00,-1.54,-3.92,0.56,4.25,TYPING
32069,-0.23,0.58,0.72,0.95,1.40,-9.80,1.61,10.03,TYPING
32128,-0.26,0.54,0.77,0.98,-1.33,1.05,-0.77,1.86,TYPING
32186,-0.25,0.65,0.81,1.07,-3.92,-1.05,-1.68,4.39,TYPING
32245,-0.25,0.54,0.83,1.02,-1.47,-3.71,0.00,3.99,TYPING
32303,-0.24,0.59,0.86,1.07,0.98,-3.36,-1.54,3.82,TYPING
32362,-0.24,0.56,0.75,0.97,5.18,0.28,0.35,5.20,TYPING
32421,-0.25,0.58,0.75,0.98,1.33,-2.94,0.14,3.23,TYPING
32479,-0.27,0.54,0.79,0.99,0.00,-2.31,1.33,2.67,TYPING
32538,-0.26,0.57,0.81,1.02,-1.96,-3.15,0.35,3.73,TYPING
32596,-0.27,0.57,0.83,1.04,0.28,2.31,-1.82,2.95,TYPING
32655,-0.25,0.58,0.74,0.98,-3.15,-4.55,-0.14,5.54,TYPING
32714,-0.22,0.54,0.80,0.99,0.84,-4.97,2.03,5.43,TYPING
32772,-0.24,0.56,0.83,1.03,2.10,1.68,1.47,3.06,TYPING
32831,-0.25,0.58,0.81,1.02,5.25,1.89,-2.24,6.01,TYPING
32889,-0.28,0.60,0.77,1.01,4.34,-0.56,-1.89,4.77,TYPING
32948,-0.25,0.60,0.77,1.00,6.65,-1.82,-1.89,7.15,TYPING
33007,-0.24,0.57,0.80,1.01,-3.43,-6.30,-1.47,7.32,TYPING
33065,-0.26,0.57,0.80,1.02,0.00,-4.06,-0.28,4.07,TYPING
33124,-0.26,0.59,0.79,1.02,-0.56,-2.17,0.14,2.25,TYPING
33182,-0.25,0.60,0.80,1.03,0.91,-1.12,1.33,1.96,TYPING
33241,-0.24,0.58,0.81,1.03,0.49,0.56,1.82,1.97,TYPING
33300,-0.23,0.57,0.83,1.03,3.15,2.80,2.03,4.68,TYPING
33358,-0.26,0.59,0.78,1.01,3.71,-0.28,2.52,4.49,TYPING
33417,-0.27,0.61,0.76,1.01,4.27,-1.75,-1.54,4.86,TYPING
33475,-0.27,0.60,0.78,1.02,4.97,-2.66,-1.33,5.79,TYPING
33534,-0.25,0.59,0.79,1.02,2.94,-2.17,-0.63,3.71,TYPING
33593,-0.25,0.60,0.79,1.02,1.05,-1.40,-1.82,2.52,TYPING
33651,-0.25,0.62,0.77,1.02,2.31,-2.03,-1.05,3.25,TYPING
33710,-0.26,0.59,0.78,1.01,-1.26,-2.87,4.62,5.58,TYPING
33769,-0.25,0.61,0.78,1.02,0.84,-1.89,-0.56,2.14,TYPING
33828,-0.26,0.61,0.78,1.02,-1.05,-1.75,0.21,2.05,TYPING
33886,-0.25,0.60,0.78,1.01,0.07,-0.84,0.07,0.85,TYPING
33945,-0.26,0.61,0.78,1.02,-0.49,-1.82,-0.28,1.91,TYPING
34004,-0.26,0.61,0.78,1.02,0.28,-2.10,-0.21,2.13,TYPING
34062,-0.26,0.59,0.77,1.01,0.35,-1.05,-0.56,1.24,TYPING
34121,-0.26,0.61,0.78,1.02,-1.54,-2.03,-0.21,2.56,TYPING
34179,-0.26,0.61,0.79,1.03,2.52,-3.99,0.42,4.74,TYPING
34238,-0.26,0.60,0.78,1.02,0.91,-2.24,-0.56,2.48,TYPING
34297,-0.26,0.61,0.78,1.02,-0.63,-2.31,-0.56,2.46,TYPING
34355,-0.26,0.62,0.79,1.04,2.38,-1.54,-0.28,2.85,TYPING
34414,-0.25,0.59,0.78,1.01,0.28,-2.73,0.07,2.75,TYPING
34472,-0.26,0.60,0.78,1.02,0.07,-1.19,0.49,1.29,TYPING
34531,-0.25,0.61,0.77,1.01,0.70,-1.75,-0.42,1.93,TYPING
34590,-0.26,0.58,0.78,1.01,0.21,-1.75,-0.84,1.95,TYPING
34648,-0.25,0.61,0.78,1.02,0.14,-3.15,0.14,3.16,TYPING
34707,-0.26,0.60,0.79,1.02,0.91,-1.96,-0.14,2.17,TYPING
34765,-0.26,0.59,0.78,1.01,0.84,-2.66,-0.56,2.85,TYPING
34824,-0.25,0.61,0.79,1.03,0.56,-2.03,-0.35,2.13,TYPING
34883,-0.26,0.60,0.77,1.01,0.63,-1.47,0.28,1.62,TYPING
34941,-0.26,0.60,0.79,1.02,-1.54,-2.94,0.56,3.37,TYPING
35000,-0.26,0.65,0.83,1.09,1.68,-2.52,0.56,3.08,TYPING
35058,-0.27,0.55,0.72,0.94,1.82,0.49,-1.82,2.62,TYPING
35117,-0.24,0.62,0.71,0.97,-0.70,-5.95,0.28,6.00,TYPING
35176,-0.25,0.57,0.79,1.00,-1.96,-2.45,4.55,5.53,TYPING
35234,-0.25,0.58,0.79,1.02,0.00,2.17,3.57,4.18,TYPING
35293,-0.27,0.62,0.80,1.05,0.00,1.26,0.98,1.60,TYPING
35351,-0.26,0.62,0.80,1.04,1.75,-1.05,-0.14,2.05,TYPING
35410,-0.26,0.60,0.77,1.01,0.63,2.38,-5.18,5.74,TYPING
35469,-0.26,0.61,0.78,1.02,4.27,-2.94,-2.80,5.89,TYPING
35528,-0.26,0.60,0.77,1.01,3.50,-2.03,-1.68,4.38,TYPING
35587,-0.26,0.61,0.78,1.03,2.66,-2.52,-1.82,4.09,TYPING
35645,-0.26,0.61,0.77,1.01,0.21,-1.61,17.36,17.44,TYPING
35704,-0.26,0.62,0.77,1.02,1.89,-0.63,-1.26,2.36,TYPING
35762,-0.27,0.61,0.77,1.02,1.12,-1.61,-0.70,2.08,TYPING
35821,-0.26,0.61,0.76,1.01,0.56,-2.73,-0.70,2.87,TYPING
35879,-0.26,0.62,0.78,1.03,2.87,-4.13,2.87,5.79,TYPING
35937,-0.26,0.61,0.76,1.01,0.77,-2.31,-0.77,2.55,TYPING
35996,-0.26,0.60,0.77,1.02,0.07,-2.45,0.00,2.45,TYPING
36054,-0.26,0.61,0.77,1.02,0.00,-1.47,0.28,1.50,TYPING
36113,-0.26,0.61,0.77,1.02,0.28,-2.45,0.00,2.47,TYPING
36172,-0.26,0.62,0.77,1.02,0.07,-3.01,-0.28,3.02,TYPING
36230,-0.26,0.60,0.77,1.01,-0.98,-2.38,-0.70,2.67,TYPING
36289,-0.26,0.60,0.77,1.02,-0.63,-2.24,-0.49,2.38,TYPING
36347,-0.26,0.61,0.77,1.02,-0.70,-0.21,2.66,2.76,TYPING
36407,-0.26,0.61,0.77,1.01,0.56,-1.96,-0.56,2.11,TYPING
36466,-0.26,0.62,0.77,1.02,0.28,-1.82,0.28,1.86,TYPING
36524,-0.26,0.61,0.77,1.02,-0.07,-2.17,-0.56,2.24,TYPING
36583,-0.26,0.60,0.76,1.00,1.47,-2.87,-0.56,3.27,TYPING
36641,-0.25,0.61,0.79,1.03,-5.18,-5.60,0.98,7.69,TYPING
36700,-0.27,0.59,0.78,1.01,1.82,-0.63,0.00,1.93,TYPING
36759,-0.27,0.63,0.77,1.03,2.59,-1.05,-0.98,2.96,TYPING
36817,-0.24,0.62,0.81,1.05,-0.28,-1.61,-1.26,2.06,TYPING
36876,-0.27,0.60,0.78,1.02,-2.10,-2.59,1.54,3.67,TYPING
36934,-0.25,0.58,0.79,1.01,-3.99,-0.77,1.26,4.25,TYPING
36993,-0.23,0.60,0.80,1.03,-1.75,1.12,2.52,3.27,TYPING
37052,-0.26,0.60,0.76,1.01,1.05,-0.91,1.61,2.13,TYPING
37110,-0.27,0.60,0.80,1.04,0.70,-0.14,1.40,1.57,TYPING
37169,-0.27,0.59,0.80,1.03,-2.38,-1.54,1.75,3.33,TYPING
37227,-0.24,0.61,0.79,1.02,0.70,-0.63,1.96,2.17,TYPING
37286,-0.24,0.62,0.75,1.00,-3.01,-1.26,0.77,3.35,TYPING
37344,-0.27,0.60,0.78,1.03,-13.23,-4.76,-6.30,15.41,TYPING
37403,-0.26,0.56,0.81,1.02,-8.82,-5.25,-2.17,10.49,TYPING
37462,-0.28,0.53,0.82,1.02,2.10,-0.21,0.28,2.13,TYPING
37520,-0.25,0.58,0.79,1.01,6.16,1.33,0.28,6.31,TYPING
37579,-0.27,0.50,0.75,0.94,5.95,-0.35,0.56,5.99,TYPING
37638,-0.28,0.54,0.69,0.92,2.03,-3.99,1.12,4.61,TYPING
Recording stopped
Recording started
time,accelX,accelY,accelZ,accelMagnitude,gyroX,gyroY,gyroZ,gyroMagnitude,activity
9,0.92,0.36,0.50,1.10,-0.98,-7.63,-54.11,54.65,RANDOM_MOVEMENT
68,0.95,0.34,0.49,1.12,-5.46,-3.15,-64.89,65.20,RANDOM_MOVEMENT
128,0.91,0.31,0.46,1.06,-1.82,0.63,-64.89,64.92,RANDOM_MOVEMENT
187,0.80,0.29,0.42,0.95,0.21,0.21,-55.72,55.72,RANDOM_MOVEMENT
247,0.70,0.30,0.38,0.85,-2.80,-13.23,-39.41,41.67,RANDOM_MOVEMENT
306,0.67,0.34,0.38,0.84,-8.33,-25.97,-15.54,31.39,RANDOM_MOVEMENT
366,0.71,0.57,0.42,1.00,3.15,-41.09,-15.68,44.09,RANDOM_MOVEMENT
425,0.71,0.91,0.42,1.23,-19.81,-51.94,-54.46,77.82,RANDOM_MOVEMENT
485,0.71,1.26,0.42,1.51,-2.87,-57.75,-104.58,119.50,RANDOM_MOVEMENT
545,0.72,1.37,0.37,1.59,-29.05,-42.98,-179.20,186.56,RANDOM_MOVEMENT
605,0.77,1.20,0.36,1.47,-21.07,-30.38,-231.63,234.56,RANDOM_MOVEMENT
665,0.75,0.59,0.36,1.02,-11.55,1.68,-199.57,199.91,RANDOM_MOVEMENT
724,0.67,0.18,0.26,0.75,49.21,6.44,-128.31,137.57,RANDOM_MOVEMENT
783,0.52,0.42,-0.03,0.67,83.79,30.45,-36.47,96.32,RANDOM_MOVEMENT
842,0.46,0.24,0.10,0.53,7.21,-20.09,41.93,47.05,RANDOM_MOVEMENT
902,0.46,0.57,0.08,0.74,-15.12,-36.61,103.81,111.11,RANDOM_MOVEMENT
962,0.55,0.75,0.14,0.94,-61.25,-46.69,121.66,143.99,RANDOM_MOVEMENT
1021,0.68,0.86,0.24,1.12,-50.26,-48.65,121.80,140.46,RANDOM_MOVEMENT
1082,0.73,0.90,0.37,1.22,-28.42,-47.81,127.12,138.76,RANDOM_MOVEMENT
1141,0.78,0.89,0.42,1.26,-26.04,-37.87,115.71,124.50,RANDOM_MOVEMENT
1202,0.81,0.95,0.57,1.38,15.12,-22.96,99.33,103.06,RANDOM_MOVEMENT
1261,0.76,1.05,0.54,1.41,26.88,-10.99,49.63,57.50,RANDOM_MOVEMENT
1321,0.58,0.94,0.50,1.22,19.04,1.12,1.54,19.13,RANDOM_MOVEMENT
1381,0.52,0.80,0.40,1.04,4.13,15.05,-15.96,22.32,RANDOM_MOVEMENT
1440,0.62,0.76,0.38,1.05,33.25,30.94,-19.74,49.52,RANDOM_MOVEMENT
1500,0.74,0.97,0.34,1.26,40.67,38.50,-44.45,71.50,RANDOM_MOVEMENT
1560,0.81,1.20,0.29,1.48,37.03,33.32,-105.00,116.22,RANDOM_MOVEMENT
1620,0.75,1.05,0.24,1.32,14.84,23.24,-170.87,173.08,RANDOM_MOVEMENT
1680,0.49,0.65,0.13,0.83,9.38,4.06,-155.82,156.15,RANDOM_MOVEMENT
1740,0.42,0.43,0.13,0.62,5.18,-8.19,-94.78,95.27,RANDOM_MOVEMENT
1799,0.39,0.45,0.24,0.64,-1.82,-12.74,-14.56,19.43,RANDOM_MOVEMENT
1859,0.43,0.31,0.20,0.56,14.56,-21.84,59.15,64.71,RANDOM_MOVEMENT
1919,0.58,0.44,0.29,0.79,-28.28,-35.14,115.50,124.00,RANDOM_MOVEMENT
1979,0.79,0.66,0.33,1.08,-24.08,-41.30,146.93,154.51,RANDOM_MOVEMENT
2039,0.94,0.98,0.37,1.41,12.81,-36.26,124.88,130.67,RANDOM_MOVEMENT
2098,0.82,0.73,0.28,1.13,-80.78,-28.49,93.31,126.66,RANDOM_MOVEMENT
2158,0.85,0.66,0.40,1.15,-34.09,-33.39,94.85,106.18,RANDOM_MOVEMENT
2217,0.83,0.67,0.38,1.13,-20.86,-28.00,88.27,94.92,RANDOM_MOVEMENT
2277,0.83,0.68,0.41,1.15,-37.03,-21.56,56.63,71.01,RANDOM_MOVEMENT
2337,0.84,0.62,0.43,1.13,-18.69,-2.17,21.77,28.77,RANDOM_MOVEMENT
2396,0.87,0.64,0.42,1.16,17.08,19.25,-11.13,28.04,RANDOM_MOVEMENT
2456,0.90,0.68,0.45,1.22,55.02,27.23,-39.76,73.14,RANDOM_MOVEMENT
2515,0.95,0.87,0.37,1.34,94.01,31.15,-89.32,133.37,RANDOM_MOVEMENT
2575,0.97,0.92,0.39,1.40,73.64,35.56,-146.44,167.73,RANDOM_MOVEMENT
2634,0.88,0.91,0.33,1.31,81.34,37.52,-183.89,204.55,RANDOM_MOVEMENT
2694,0.66,0.79,0.30,1.07,26.32,43.05,-202.30,208.50,RANDOM_MOVEMENT
2755,0.33,0.49,0.16,0.61,24.29,48.09,-151.62,160.91,RANDOM_MOVEMENT
2814,0.22,0.34,0.12,0.43,-15.61,32.90,-73.43,81.96,RANDOM_MOVEMENT
2874,0.22,0.22,0.01,0.31,-60.76,-0.70,21.91,64.59,RANDOM_MOVEMENT
2934,0.40,0.29,0.26,0.56,-20.44,-15.96,111.16,114.14,RANDOM_MOVEMENT
2994,0.60,0.49,0.36,0.86,-29.75,-28.56,169.05,174.01,RANDOM_MOVEMENT
3053,0.89,0.79,0.34,1.24,-79.73,-45.01,195.51,215.89,RANDOM_MOVEMENT
3113,1.06,0.89,0.60,1.51,-54.11,-38.71,171.50,183.95,RANDOM_MOVEMENT
3174,0.93,0.76,0.35,1.25,-61.11,-35.91,143.22,159.80,RANDOM_MOVEMENT
3233,0.86,0.70,0.57,1.25,2.10,-32.06,98.14,103.27,RANDOM_MOVEMENT
3293,0.87,0.67,0.51,1.21,12.60,-10.78,67.41,69.42,RANDOM_MOVEMENT
3353,0.81,0.67,0.48,1.15,16.24,2.73,31.71,35.73,RANDOM_MOVEMENT
3413,0.74,0.64,0.52,1.11,27.58,18.55,-5.39,33.67,RANDOM_MOVEMENT
3472,0.79,0.59,0.44,1.08,24.36,34.02,-44.73,61.25,RANDOM_MOVEMENT
3533,0.86,0.52,0.41,1.08,68.04,45.57,-58.52,100.65,RANDOM_MOVEMENT
3592,0.91,0.61,0.31,1.14,68.46,28.35,-82.95,111.23,RANDOM_MOVEMENT
3652,0.88,0.58,0.32,1.10,42.28,4.69,-95.76,104.78,RANDOM_MOVEMENT
3712,0.91,0.72,0.29,1.20,22.19,-17.22,-114.38,117.78,RANDOM_MOVEMENT
3771,0.95,0.89,0.42,1.36,31.22,-39.06,-146.44,154.74,RANDOM_MOVEMENT
3832,0.81,0.81,0.40,1.21,-10.57,-31.78,-174.44,177.63,RANDOM_MOVEMENT
3891,0.39,0.30,0.34,0.59,10.64,-21.21,-126.42,128.63,RANDOM_MOVEMENT
3952,0.25,0.22,0.34,0.47,4.13,-20.02,-34.30,39.93,RANDOM_MOVEMENT
4011,0.35,0.27,0.33,0.55,-35.28,-16.17,66.64,77.12,RANDOM_MOVEMENT
4072,0.58,0.40,0.51,0.87,-30.73,-14.14,138.39,142.46,RANDOM_MOVEMENT
4132,0.77,0.51,0.50,1.05,-29.26,-6.79,166.60,169.29,RANDOM_MOVEMENT
4192,1.01,0.57,0.46,1.24,-3.85,5.60,190.68,190.80,RANDOM_MOVEMENT
4252,1.12,0.71,0.42,1.39,15.19,20.86,175.42,177.31,RANDOM_MOVEMENT
4311,1.06,0.66,0.40,1.31,27.93,20.44,128.66,133.23,RANDOM_MOVEMENT
4371,0.92,0.69,0.42,1.23,2.80,10.08,70.28,71.05,RANDOM_MOVEMENT
4431,0.83,0.59,0.41,1.10,3.15,2.52,32.27,32.52,RANDOM_MOVEMENT
4491,0.70,0.63,0.40,1.02,8.40,0.84,5.46,10.05,RANDOM_MOVEMENT
4550,0.63,0.61,0.35,0.94,-26.67,-17.50,-27.44,42.08,RANDOM_MOVEMENT
4609,0.83,0.61,0.34,1.09,-31.92,-17.08,-59.99,70.07,RANDOM_MOVEMENT
4669,1.05,0.61,0.41,1.28,-7.98,-12.04,-91.84,92.97,RANDOM_MOVEMENT
4728,0.93,0.52,0.40,1.14,4.97,-6.86,-128.10,128.38,RANDOM_MOVEMENT
4788,0.92,0.42,0.39,1.09,0.56,-5.81,-139.93,140.05,RANDOM_MOVEMENT
4847,0.83,0.37,0.41,0.99,11.34,-4.48,-113.89,114.54,RANDOM_MOVEMENT
4907,0.67,0.31,0.34,0.81,17.92,-6.79,-73.57,76.02,RANDOM_MOVEMENT
4967,0.59,0.27,0.35,0.74,8.05,-9.10,-13.30,18.01,RANDOM_MOVEMENT
5027,0.66,0.31,0.36,0.82,8.33,-8.82,50.68,52.11,RANDOM_MOVEMENT
5087,0.81,0.39,0.44,1.00,5.53,-6.23,87.22,87.62,RANDOM_MOVEMENT
5146,0.99,0.52,0.52,1.23,-5.04,15.96,112.35,113.59,RANDOM_MOVEMENT
5207,1.06,0.62,0.60,1.37,4.97,36.96,103.46,109.98,RANDOM_MOVEMENT
5266,0.99,0.63,0.62,1.33,24.50,58.24,76.65,99.33,RANDOM_MOVEMENT
5326,0.88,0.58,0.66,1.24,30.73,80.36,48.86,98.94,RANDOM_MOVEMENT
5386,0.78,0.50,0.71,1.17,28.98,101.29,30.87,109.78,RANDOM_MOVEMENT
5446,0.67,0.37,0.62,0.99,25.55,118.16,34.23,125.64,RANDOM_MOVEMENT
5507,0.64,0.51,0.57,0.99,48.79,112.14,35.98,127.48,RANDOM_MOVEMENT
5566,0.63,0.62,0.68,1.11,44.66,114.73,4.20,123.19,RANDOM_MOVEMENT
5626,0.69,0.69,0.92,1.34,76.37,144.27,-29.96,165.96,RANDOM_MOVEMENT
5685,0.51,0.98,0.76,1.34,-6.65,90.93,-80.08,121.35,RANDOM_MOVEMENT
5745,0.40,1.12,0.78,1.42,117.32,115.29,-137.97,214.69,RANDOM_MOVEMENT
5805,0.19,1.16,0.46,1.26,134.26,81.97,-200.20,254.61,RANDOM_MOVEMENT
5865,-0.07,1.12,0.27,1.15,128.59,36.68,-242.27,276.72,RANDOM_MOVEMENT
5926,-0.33,0.84,0.09,0.90,102.83,-37.17,-247.24,270.34,RANDOM_MOVEMENT
5986,-0.43,0.60,0.15,0.75,41.72,-116.76,-229.04,260.45,RANDOM_MOVEMENT
6047,-0.23,0.52,0.20,0.60,6.79,-146.44,-190.82,240.63,RANDOM_MOVEMENT
6107,-0.13,0.30,0.34,0.47,39.90,-124.88,-153.51,201.87,RANDOM_MOVEMENT
6167,-0.13,0.44,0.61,0.77,74.34,-72.66,-134.54,170.02,RANDOM_MOVEMENT
6227,-0.32,0.23,0.36,0.53,98.49,-19.46,-103.25,144.01,RANDOM_MOVEMENT
6287,-0.52,0.37,0.87,1.08,133.56,-17.36,-75.04,154.18,RANDOM_MOVEMENT
6346,-0.68,0.47,0.60,1.02,155.82,-32.62,-38.43,163.77,RANDOM_MOVEMENT
6407,-0.75,0.62,0.36,1.04,208.95,-75.25,4.90,222.14,RANDOM_MOVEMENT
6466,-0.71,0.80,0.19,1.09,237.44,-126.28,25.20,270.11,RANDOM_MOVEMENT
6527,-0.55,0.86,0.44,1.11,252.28,-129.01,29.89,284.92,RANDOM_MOVEMENT
6587,-0.37,1.16,0.35,1.26,164.50,-145.32,11.55,219.80,RANDOM_MOVEMENT
6646,-0.40,0.95,0.79,1.30,138.46,-87.99,31.99,167.14,RANDOM_MOVEMENT
6707,-0.35,1.17,-0.01,1.22,33.11,-4.97,8.54,34.55,RANDOM_MOVEMENT
6766,-0.30,0.78,0.09,0.84,0.91,-36.61,26.67,45.30,RANDOM_MOVEMENT
6826,-0.29,0.86,0.17,0.93,-5.53,4.55,51.10,51.60,RANDOM_MOVEMENT
6885,-0.27,1.15,0.13,1.19,-43.05,15.47,48.58,66.73,RANDOM_MOVEMENT
6945,-0.26,0.89,0.23,0.95,-50.68,39.20,47.32,79.65,RANDOM_MOVEMENT
7006,-0.14,1.01,0.04,1.02,-32.62,48.02,57.12,81.44,RANDOM_MOVEMENT
7065,-0.18,0.97,0.40,1.07,-27.93,68.67,56.84,93.42,RANDOM_MOVEMENT
7126,-0.10,0.90,0.26,0.94,-36.68,96.67,68.39,123.97,RANDOM_MOVEMENT
7185,-0.04,1.00,0.10,1.00,-6.23,100.31,64.54,119.44,RANDOM_MOVEMENT
7245,-0.02,0.80,0.15,0.81,8.33,99.82,83.30,130.28,RANDOM_MOVEMENT
7305,0.06,1.12,0.09,1.13,39.41,79.38,91.70,127.53,RANDOM_MOVEMENT
7365,0.01,0.97,0.25,1.00,23.80,69.23,75.60,105.24,RANDOM_MOVEMENT
7426,0.14,0.84,0.26,0.89,-0.98,80.29,79.03,112.66,RANDOM_MOVEMENT
7486,0.23,0.77,0.24,0.84,-37.59,70.42,88.55,119.22,RANDOM_MOVEMENT
7547,0.30,1.09,0.54,1.25,-5.18,114.17,83.72,141.67,RANDOM_MOVEMENT
7607,0.27,1.12,0.49,1.25,-65.73,147.70,28.35,164.13,RANDOM_MOVEMENT
7667,0.30,0.41,0.68,0.85,-21.00,143.29,80.01,165.45,RANDOM_MOVEMENT
7727,0.57,0.66,0.56,1.04,53.90,140.00,127.40,196.81,RANDOM_MOVEMENT
7788,0.66,0.77,0.34,1.07,86.87,107.45,122.71,184.80,RANDOM_MOVEMENT
7847,0.62,0.86,0.18,1.07,-9.31,75.39,107.10,131.30,RANDOM_MOVEMENT
7908,0.58,0.84,0.12,1.03,-65.59,18.55,111.79,130.93,RANDOM_MOVEMENT
7967,0.67,1.02,0.16,1.23,-135.80,-33.11,65.24,154.25,RANDOM_MOVEMENT
8028,0.59,0.65,0.38,0.96,-93.52,-71.54,33.67,122.46,RANDOM_MOVEMENT
8088,0.54,0.70,0.37,0.96,-13.09,-90.51,20.51,93.72,RANDOM_MOVEMENT
8147,0.58,0.63,0.43,0.95,-45.43,-105.49,8.05,115.14,RANDOM_MOVEMENT
8208,0.76,0.48,0.69,1.13,-41.86,-96.39,8.33,105.42,RANDOM_MOVEMENT
8267,1.03,0.09,1.23,1.61,45.29,-19.95,14.42,51.55,RANDOM_MOVEMENT
8328,0.87,0.28,0.86,1.26,40.67,5.95,-24.92,48.07,RANDOM_MOVEMENT
8387,0.79,0.37,0.57,1.04,-47.46,-11.41,-33.88,59.42,RANDOM_MOVEMENT
8447,0.74,0.43,0.45,0.97,-74.97,-17.85,-18.41,79.23,RANDOM_MOVEMENT
8507,0.79,0.47,0.46,1.03,-54.04,-7.28,5.74,54.83,RANDOM_MOVEMENT
8567,0.85,0.60,0.42,1.12,-36.75,10.57,-3.50,38.40,RANDOM_MOVEMENT
8627,0.91,0.50,0.44,1.13,4.20,31.01,-28.00,41.99,RANDOM_MOVEMENT
8686,0.88,0.51,0.41,1.09,42.84,41.23,-49.77,77.54,RANDOM_MOVEMENT
8746,0.82,0.62,0.26,1.06,119.70,29.68,-60.83,137.51,RANDOM_MOVEMENT
8806,0.73,0.57,0.15,0.93,27.30,-12.46,-66.71,73.15,RANDOM_MOVEMENT
8866,0.69,0.40,0.23,0.83,-17.50,-25.62,-44.38,54.15,RANDOM_MOVEMENT
8925,0.67,0.39,0.27,0.82,-10.29,-38.08,1.26,39.47,RANDOM_MOVEMENT
8985,0.73,0.43,0.31,0.90,-14.56,-39.90,31.22,52.71,RANDOM_MOVEMENT
9045,0.80,0.43,0.40,0.99,-28.49,-35.91,50.26,68.02,RANDOM_MOVEMENT
9104,0.81,0.48,0.39,1.02,-8.82,-26.67,69.93,75.36,RANDOM_MOVEMENT
9164,0.82,0.68,0.39,1.14,11.97,-21.49,66.01,70.44,RANDOM_MOVEMENT
9224,0.83,0.74,0.47,1.21,13.65,-20.65,48.65,54.59,RANDOM_MOVEMENT
9284,0.83,0.69,0.46,1.17,17.15,-0.56,29.40,34.04,RANDOM_MOVEMENT
9343,0.75,0.59,0.39,1.03,20.44,16.24,14.63,29.93,RANDOM_MOVEMENT
9403,0.74,0.61,0.38,1.03,20.51,12.04,0.28,23.78,RANDOM_MOVEMENT
9463,0.81,0.74,0.34,1.15,11.48,7.63,-38.01,40.43,RANDOM_MOVEMENT
9522,0.85,0.81,0.35,1.22,12.46,11.62,-76.58,78.45,RANDOM_MOVEMENT
9583,0.87,0.88,0.31,1.27,22.89,13.93,-116.55,119.59,RANDOM_MOVEMENT
9642,0.81,0.84,0.27,1.21,23.17,6.72,-139.86,141.93,RANDOM_MOVEMENT
9703,0.76,0.88,0.30,1.20,34.58,-2.38,-145.74,149.81,RANDOM_MOVEMENT
9762,0.57,0.71,0.24,0.95,23.17,-7.84,-141.75,143.84,RANDOM_MOVEMENT
9822,0.42,0.74,0.24,0.88,27.30,-13.44,-129.57,133.10,RANDOM_MOVEMENT
9882,0.32,0.93,-0.00,0.98,91.56,-38.01,-98.56,139.79,RANDOM_MOVEMENT
9942,0.19,1.10,-0.20,1.13,62.44,-88.62,-109.06,153.77,RANDOM_MOVEMENT
10003,0.12,0.79,-0.08,0.80,34.44,-132.37,-68.95,153.17,RANDOM_MOVEMENT
10062,0.05,0.81,0.21,0.84,16.45,-103.04,-46.27,114.14,RANDOM_MOVEMENT
10122,-0.12,0.92,0.26,0.96,-20.09,-54.81,-28.56,64.99,RANDOM_MOVEMENT
10182,-0.04,1.04,0.14,1.05,18.06,-7.77,-4.34,20.13,RANDOM_MOVEMENT
10242,-0.08,0.86,-0.09,0.87,9.87,-0.49,17.36,19.98,RANDOM_MOVEMENT
10303,-0.08,0.97,-0.01,0.97,16.73,-9.59,27.23,33.37,RANDOM_MOVEMENT
10363,-0.05,1.00,-0.04,1.01,-4.06,-10.92,28.14,30.46,RANDOM_MOVEMENT
10424,-0.03,0.94,0.04,0.94,9.73,-4.76,40.53,41.95,RANDOM_MOVEMENT
10483,0.10,1.21,-0.03,1.21,-1.75,-10.29,30.52,32.26,RANDOM_MOVEMENT
10543,0.09,0.90,0.05,0.90,-26.74,-5.53,28.07,39.16,RANDOM_MOVEMENT
10603,0.22,0.99,0.04,1.01,-20.37,8.26,47.04,51.92,RANDOM_MOVEMENT
10663,0.35,0.91,0.09,0.98,-42.56,9.10,60.97,74.91,RANDOM_MOVEMENT
10722,0.44,1.05,0.13,1.15,-9.87,15.05,64.75,67.20,RANDOM_MOVEMENT
10782,0.37,1.07,0.25,1.16,-27.51,49.49,35.84,67.01,RANDOM_MOVEMENT
10841,0.36,0.82,0.09,0.90,-35.07,26.46,45.36,63.15,RANDOM_MOVEMENT
10901,0.36,0.96,0.17,1.04,-15.89,10.92,41.93,46.15,RANDOM_MOVEMENT
10962,0.55,0.98,0.17,1.14,2.45,0.28,38.64,38.72,RANDOM_MOVEMENT
11021,0.48,0.83,0.23,0.98,5.46,2.17,36.33,36.80,RANDOM_MOVEMENT
11082,0.46,0.85,0.28,1.01,5.67,0.84,37.73,38.16,RANDOM_MOVEMENT
11141,0.47,0.87,0.25,1.02,-21.21,-6.86,37.87,43.94,RANDOM_MOVEMENT
11202,0.51,0.83,0.43,1.06,-76.79,2.66,33.04,83.64,RANDOM_MOVEMENT
11261,0.55,0.54,0.51,0.93,-90.44,3.43,49.84,103.32,RANDOM_MOVEMENT
11321,0.61,0.96,0.36,1.19,-90.51,4.13,24.43,93.84,RANDOM_MOVEMENT
11382,0.61,0.64,0.57,1.05,-68.46,-26.74,28.21,78.72,RANDOM_MOVEMENT
11441,0.62,0.74,0.35,1.03,-62.09,-28.70,1.12,68.41,RANDOM_MOVEMENT
11502,0.64,0.83,0.48,1.15,-20.51,-38.71,-0.63,43.81,RANDOM_MOVEMENT
11562,0.35,0.46,0.57,0.81,49.00,-38.71,-7.00,62.84,RANDOM_MOVEMENT
11622,0.42,0.49,0.66,0.92,10.01,-14.77,-24.15,30.03,RANDOM_MOVEMENT
11682,0.67,0.65,0.62,1.12,0.56,2.87,-26.32,26.48,RANDOM_MOVEMENT
11742,0.62,0.43,0.50,0.90,-20.65,19.25,-37.03,46.56,RANDOM_MOVEMENT
11802,0.73,0.65,0.29,1.01,-12.74,-15.61,-23.66,31.08,RANDOM_MOVEMENT
11862,0.83,0.77,0.33,1.18,17.43,-17.64,-14.28,28.62,RANDOM_MOVEMENT
11924,0.85,0.63,0.23,1.08,12.74,-27.09,-4.90,30.33,RANDOM_MOVEMENT
11984,0.64,0.72,0.49,1.08,19.88,-5.81,10.64,23.28,RANDOM_MOVEMENT
12044,0.62,0.67,0.43,1.01,14.21,17.85,7.42,23.99,RANDOM_MOVEMENT
12103,0.66,0.67,0.46,1.05,16.94,24.43,3.64,29.95,RANDOM_MOVEMENT
12163,0.67,0.61,0.39,0.99,11.06,17.99,2.94,21.32,RANDOM_MOVEMENT
12222,0.62,0.66,0.44,1.01,8.68,6.44,1.19,10.87,RANDOM_MOVEMENT
12282,0.63,0.67,0.46,1.03,11.34,1.96,-2.31,11.74,RANDOM_MOVEMENT
12341,0.63,0.67,0.43,1.02,6.86,4.97,-4.34,9.52,RANDOM_MOVEMENT
12401,0.59,0.71,0.56,1.08,23.38,27.09,-5.39,36.19,RANDOM_MOVEMENT
12461,0.64,0.66,0.24,0.95,0.63,29.47,-9.10,30.85,RANDOM_MOVEMENT
12520,0.68,0.78,0.41,1.11,21.91,8.68,-6.65,24.49,RANDOM_MOVEMENT
12580,0.52,0.72,0.48,1.01,5.67,0.28,-5.53,7.93,RANDOM_MOVEMENT
12639,0.53,0.76,0.47,1.04,1.54,4.06,-6.51,7.83,RANDOM_MOVEMENT
12699,0.44,0.84,0.73,1.20,11.41,43.05,-15.40,47.12,RANDOM_MOVEMENT
12759,0.29,0.97,0.50,1.13,-7.42,89.04,-49.91,102.34,RANDOM_MOVEMENT
12819,0.45,1.05,0.69,1.33,-2.31,153.16,-89.39,177.35,RANDOM_MOVEMENT
12879,0.28,0.84,0.62,1.08,19.60,178.22,-88.97,200.16,RANDOM_MOVEMENT
12938,-0.33,0.90,0.58,1.12,161.28,123.34,-30.38,205.30,RANDOM_MOVEMENT
12998,-0.09,0.87,0.19,0.90,299.53,131.67,-86.59,338.46,RANDOM_MOVEMENT
13057,-0.05,0.53,-0.24,0.58,172.34,56.70,-42.21,186.27,RANDOM_MOVEMENT
13117,0.38,1.28,-0.33,1.37,25.27,-7.56,-2.03,26.45,RANDOM_MOVEMENT
13176,0.42,1.38,-0.18,1.45,1.82,-51.24,-26.25,57.60,RANDOM_MOVEMENT
13236,-0.24,0.97,-0.16,1.01,-9.87,-62.02,-38.78,73.81,RANDOM_MOVEMENT
13296,-0.55,0.86,-0.52,1.15,32.20,-79.52,-13.16,86.80,RANDOM_MOVEMENT
13355,-0.35,0.94,-0.58,1.16,-26.60,-140.07,-20.65,144.06,RANDOM_MOVEMENT
13416,0.02,0.89,-0.50,1.02,-51.24,-206.57,-15.75,213.41,RANDOM_MOVEMENT
13476,0.31,0.72,-0.09,0.78,-72.73,-229.46,-8.47,240.86,RANDOM_MOVEMENT
13537,0.44,0.67,0.37,0.88,-51.59,-208.60,14.14,215.35,RANDOM_MOVEMENT
13596,0.50,0.75,0.92,1.28,-17.22,-131.67,26.95,135.50,RANDOM_MOVEMENT
13656,0.64,0.59,0.79,1.17,47.04,-9.45,50.05,69.33,RANDOM_MOVEMENT
13716,0.43,0.66,0.71,1.06,105.84,104.30,111.09,185.53,RANDOM_MOVEMENT
13775,0.39,0.77,0.27,0.90,73.50,160.23,181.37,252.92,RANDOM_MOVEMENT
13836,0.60,0.87,0.06,1.06,28.00,160.23,226.87,279.16,RANDOM_MOVEMENT
13895,0.88,1.26,-0.21,1.55,-2.66,130.97,222.25,257.98,RANDOM_MOVEMENT
13955,1.09,0.87,0.19,1.41,-47.11,116.55,202.51,238.36,RANDOM_MOVEMENT
14014,1.06,0.86,0.17,1.38,61.32,121.94,181.86,227.38,RANDOM_MOVEMENT
14074,1.05,1.04,0.16,1.49,93.31,133.07,114.24,198.66,RANDOM_MOVEMENT
14133,0.82,0.86,0.18,1.20,97.51,111.23,58.73,159.15,RANDOM_MOVEMENT
14193,0.56,0.77,0.06,0.95,80.43,68.46,36.40,111.72,RANDOM_MOVEMENT
14253,0.53,0.73,-0.03,0.90,33.39,26.60,33.18,54.07,RANDOM_MOVEMENT
14312,0.70,0.76,0.00,1.04,-10.92,-26.53,20.72,35.39,RANDOM_MOVEMENT
14372,0.86,0.73,0.33,1.17,-66.15,-71.96,-24.92,100.87,RANDOM_MOVEMENT
14431,0.81,0.49,0.43,1.04,57.05,-54.95,-44.73,90.97,RANDOM_MOVEMENT
14491,0.83,0.73,0.42,1.19,121.52,-40.18,-60.69,141.65,RANDOM_MOVEMENT
14550,0.83,0.84,0.35,1.23,61.60,-60.97,-87.43,123.11,RANDOM_MOVEMENT
14611,0.87,0.93,0.43,1.34,14.21,-68.46,-111.65,131.74,RANDOM_MOVEMENT
14671,0.70,0.79,0.37,1.12,-6.30,-62.02,-118.79,134.15,RANDOM_MOVEMENT
14730,0.58,0.61,0.26,0.88,-93.38,-75.39,-104.09,158.87,RANDOM_MOVEMENT
14790,0.60,0.34,0.58,0.90,-137.76,-61.46,-70.70,166.59,RANDOM_MOVEMENT
14849,0.51,0.38,0.55,0.83,13.72,-13.37,-11.20,22.19,RANDOM_MOVEMENT
14909,0.44,0.54,0.48,0.85,14.77,16.94,22.40,31.73,RANDOM_MOVEMENT
14968,0.55,0.84,0.47,1.11,15.54,15.75,46.06,51.10,RANDOM_MOVEMENT
15028,0.54,0.89,0.36,1.10,-43.96,22.61,23.17,54.59,RANDOM_MOVEMENT
15089,0.49,0.91,0.43,1.12,-14.00,16.73,9.03,23.61,RANDOM_MOVEMENT
15148,0.37,0.92,0.28,1.03,-0.07,22.40,-0.77,22.41,RANDOM_MOVEMENT
15208,0.37,0.84,0.29,0.96,14.21,28.35,-6.93,32.46,RANDOM_MOVEMENT
15267,0.44,0.86,0.24,1.00,30.52,23.24,0.56,38.37,RANDOM_MOVEMENT
15327,0.48,0.88,0.21,1.03,24.99,9.73,-4.76,27.24,RANDOM_MOVEMENT
15386,0.51,1.04,-0.02,1.16,-29.54,-25.62,-28.77,48.55,RANDOM_MOVEMENT
15446,0.51,0.80,0.04,0.95,-86.31,-105.14,-49.98,144.92,RANDOM_MOVEMENT
15506,0.39,0.83,0.30,0.96,-63.91,-142.59,-65.10,169.28,RANDOM_MOVEMENT
15565,0.31,0.70,0.31,0.83,-31.71,-136.78,-58.52,152.11,RANDOM_MOVEMENT
15625,0.41,0.88,0.27,1.01,-29.33,-143.50,-54.74,156.36,RANDOM_MOVEMENT
15684,0.59,0.91,0.26,1.11,-81.55,-163.94,-72.59,196.97,RANDOM_MOVEMENT
15744,0.54,0.67,0.39,0.95,-85.12,-166.53,-71.89,200.36,RANDOM_MOVEMENT
15803,0.39,0.53,0.41,0.77,-67.83,-128.87,-47.18,153.08,RANDOM_MOVEMENT
15864,0.51,0.56,0.43,0.87,-28.14,-113.61,9.52,117.43,RANDOM_MOVEMENT
15924,0.96,1.09,0.53,1.55,-59.22,-78.54,19.32,100.24,RANDOM_MOVEMENT
15983,0.85,0.87,0.54,1.33,2.94,-1.05,-26.25,26.43,RANDOM_MOVEMENT
16043,0.39,0.64,0.38,0.84,58.10,45.36,1.05,73.72,RANDOM_MOVEMENT
16102,0.36,0.65,0.28,0.79,52.57,62.51,36.40,89.42,RANDOM_MOVEMENT
16162,0.56,0.77,0.28,1.00,42.35,66.57,66.57,103.23,RANDOM_MOVEMENT
16221,0.68,1.03,0.32,1.28,47.25,69.30,55.51,100.58,RANDOM_MOVEMENT
16281,0.62,0.82,0.28,1.07,5.46,78.26,38.78,87.51,RANDOM_MOVEMENT
16341,0.60,0.66,0.31,0.95,19.53,97.23,56.14,113.96,RANDOM_MOVEMENT
16400,0.65,0.70,0.23,0.98,34.23,111.65,76.37,139.53,RANDOM_MOVEMENT
16460,0.67,0.75,0.14,1.01,55.30,105.42,88.27,148.20,RANDOM_MOVEMENT
16519,0.61,0.73,0.17,0.96,36.19,79.87,89.95,125.62,RANDOM_MOVEMENT
16579,0.57,0.74,0.19,0.96,36.19,50.68,95.83,114.29,RANDOM_MOVEMENT
16638,0.56,0.79,0.23,1.00,26.46,15.89,91.00,96.09,RANDOM_MOVEMENT
16698,0.63,0.81,0.31,1.07,30.59,-9.66,78.47,84.77,RANDOM_MOVEMENT
16757,0.70,0.93,0.32,1.21,2.87,-20.16,39.13,44.11,RANDOM_MOVEMENT
16817,0.69,0.75,0.38,1.09,-18.41,-24.78,3.01,31.02,RANDOM_MOVEMENT
16877,0.65,0.66,0.39,1.01,2.38,-23.38,-7.42,24.64,RANDOM_MOVEMENT
16937,0.63,0.60,0.36,0.94,-17.92,-28.21,-13.58,36.07,RANDOM_MOVEMENT
16997,0.69,0.56,0.39,0.97,-21.91,-38.01,-17.15,47.11,RANDOM_MOVEMENT
17056,0.78,0.51,0.46,1.04,-31.85,-36.89,-11.83,50.15,RANDOM_MOVEMENT
17116,0.84,0.54,0.40,1.07,-22.82,-29.40,-5.53,37.63,RANDOM_MOVEMENT
17175,0.84,0.60,0.35,1.09,-50.40,-37.87,-16.17,65.08,RANDOM_MOVEMENT
17235,0.88,0.61,0.47,1.17,-64.75,-20.58,-36.82,77.28,RANDOM_MOVEMENT
17295,0.87,0.72,0.43,1.21,-41.86,6.37,-56.70,70.77,RANDOM_MOVEMENT
17354,0.84,1.00,0.40,1.37,63.84,26.39,-88.06,111.92,RANDOM_MOVEMENT
17414,0.54,0.83,0.26,1.02,18.13,23.45,-121.52,125.08,RANDOM_MOVEMENT
17473,0.14,0.18,0.20,0.31,31.15,22.26,-59.50,70.75,RANDOM_MOVEMENT
17533,0.36,0.56,0.21,0.70,11.62,13.16,36.89,40.85,RANDOM_MOVEMENT
17592,1.16,0.76,0.47,1.46,-49.21,4.27,33.32,59.58,RANDOM_MOVEMENT
17652,1.17,0.94,0.31,1.53,11.48,-6.72,-42.14,44.19,RANDOM_MOVEMENT
17713,0.72,0.72,0.22,1.05,-35.35,-30.10,-65.03,79.90,RANDOM_MOVEMENT
17772,0.46,0.73,0.20,0.88,-23.73,-26.88,-37.52,51.90,RANDOM_MOVEMENT
17832,0.17,0.55,0.45,0.73,-42.28,-12.25,-5.46,44.36,RANDOM_MOVEMENT
17891,0.06,0.38,0.53,0.65,-16.66,3.22,55.23,57.78,RANDOM_MOVEMENT
17951,0.60,0.75,0.43,1.05,-57.61,-14.42,74.13,94.98,RANDOM_MOVEMENT
18010,0.89,0.86,0.49,1.34,-2.94,7.14,53.34,53.90,RANDOM_MOVEMENT
18070,0.64,0.56,0.40,0.94,9.45,20.58,27.09,35.31,RANDOM_MOVEMENT
18130,0.49,0.47,0.35,0.77,-7.21,11.62,34.51,37.12,RANDOM_MOVEMENT
18190,0.75,0.59,0.46,1.06,7.21,-7.35,44.10,45.29,RANDOM_MOVEMENT
18250,0.83,0.60,0.43,1.11,17.29,2.38,40.81,44.39,RANDOM_MOVEMENT
18309,0.80,0.64,0.51,1.14,-2.24,2.24,13.51,13.88,RANDOM_MOVEMENT
18369,0.72,0.55,0.57,1.07,-1.54,14.42,15.75,21.41,RANDOM_MOVEMENT
18428,0.72,0.48,0.58,1.04,10.85,1.54,28.56,30.59,RANDOM_MOVEMENT
18489,0.79,0.61,0.59,1.16,9.10,3.15,8.12,12.60,RANDOM_MOVEMENT
18549,0.73,0.56,0.54,1.06,7.00,15.89,-4.55,17.95,RANDOM_MOVEMENT
18608,0.69,0.45,0.44,0.93,-45.50,-4.48,-8.89,46.58,RANDOM_MOVEMENT
18668,0.62,0.44,0.59,0.96,-13.86,-4.62,5.25,15.52,RANDOM_MOVEMENT
18727,0.90,0.86,0.85,1.50,-15.75,-9.66,-8.40,20.30,RANDOM_MOVEMENT
18787,0.72,0.64,0.30,1.01,-7.70,-2.66,-10.57,13.35,RANDOM_MOVEMENT
18846,0.64,0.15,0.50,0.82,-9.94,-10.22,5.81,15.40,RANDOM_MOVEMENT
18906,0.89,0.47,-0.04,1.01,18.83,-27.02,5.18,33.34,RANDOM_MOVEMENT
18966,0.71,0.35,0.52,0.95,27.86,18.97,-8.47,34.75,RANDOM_MOVEMENT
19025,0.79,0.42,0.52,1.03,-7.42,4.55,-14.14,16.60,RANDOM_MOVEMENT
19085,0.83,0.45,0.41,1.03,35.42,0.07,-12.11,37.43,RANDOM_MOVEMENT
19144,0.83,0.44,0.31,0.99,-6.30,-11.83,-19.53,23.69,RANDOM_MOVEMENT
19204,0.91,0.46,0.49,1.13,10.36,-24.85,-6.51,27.70,RANDOM_MOVEMENT
19264,0.84,0.33,0.48,1.03,116.76,-6.65,42.28,124.36,RANDOM_MOVEMENT
19324,0.80,0.53,0.26,0.99,56.77,2.10,63.56,85.25,RANDOM_MOVEMENT
19383,0.76,0.53,0.37,1.00,-19.74,-22.12,64.26,70.77,RANDOM_MOVEMENT
19443,0.75,0.60,0.54,1.10,17.85,-23.38,48.02,56.31,RANDOM_MOVEMENT
19503,0.72,0.53,0.48,1.02,52.57,-12.53,33.74,63.71,RANDOM_MOVEMENT
19562,0.70,0.46,0.38,0.92,94.57,12.46,33.18,100.99,RANDOM_MOVEMENT
19622,0.76,0.69,-0.05,1.02,134.89,8.05,21.14,136.77,RANDOM_MOVEMENT
19681,0.79,0.83,-0.08,1.15,-31.08,-56.84,-36.61,74.41,RANDOM_MOVEMENT
19741,0.64,0.46,1.07,1.33,39.97,15.68,-26.95,50.69,RANDOM_MOVEMENT
19800,0.83,1.05,0.12,1.34,-27.72,29.82,-65.59,77.20,RANDOM_MOVEMENT
19860,1.03,0.95,0.23,1.42,-112.49,9.24,-129.78,171.99,RANDOM_MOVEMENT
19920,0.98,0.75,0.36,1.29,-25.13,49.98,-153.09,162.99,RANDOM_MOVEMENT
19979,0.75,0.62,0.32,1.02,47.95,89.11,-150.64,181.47,RANDOM_MOVEMENT
20040,0.51,0.58,0.27,0.82,34.86,62.30,-141.40,158.40,RANDOM_MOVEMENT
20099,0.35,0.41,0.31,0.62,11.27,48.86,-91.49,104.33,RANDOM_MOVEMENT
20159,0.29,0.35,0.29,0.54,14.77,49.35,-18.90,54.87,RANDOM_MOVEMENT
20218,0.25,0.29,-0.02,0.39,17.64,28.00,63.21,71.35,RANDOM_MOVEMENT
20278,0.37,0.55,0.07,0.67,-38.64,-55.58,142.24,157.53,RANDOM_MOVEMENT
20338,0.57,0.77,0.01,0.96,-74.97,-104.02,160.30,205.27,RANDOM_MOVEMENT
20397,0.98,1.17,0.44,1.59,-117.39,-137.76,127.96,221.66,RANDOM_MOVEMENT
20458,0.97,0.83,0.57,1.40,-86.17,-103.32,70.00,151.66,RANDOM_MOVEMENT
20517,0.83,0.21,1.03,1.34,102.62,-33.39,86.03,138.01,RANDOM_MOVEMENT
20577,0.79,0.81,0.47,1.23,29.61,29.54,13.51,43.95,RANDOM_MOVEMENT
20636,0.77,0.56,0.41,1.04,-12.25,20.79,-2.59,24.27,RANDOM_MOVEMENT
20696,0.81,0.65,0.39,1.11,2.17,20.58,-9.24,22.66,RANDOM_MOVEMENT
20756,0.75,0.57,0.34,1.00,-9.10,29.26,-19.81,36.49,RANDOM_MOVEMENT
20816,0.74,0.55,0.38,0.99,14.91,39.20,-12.46,43.75,RANDOM_MOVEMENT
20876,0.74,0.53,0.19,0.93,47.25,51.24,-8.26,70.19,RANDOM_MOVEMENT
20935,0.73,0.62,0.12,0.96,33.95,27.79,-5.74,44.25,RANDOM_MOVEMENT
20995,0.75,0.66,0.11,1.01,26.18,2.03,-9.38,27.88,RANDOM_MOVEMENT
21054,0.79,0.80,0.11,1.13,8.05,-36.61,-23.31,44.14,RANDOM_MOVEMENT
21114,0.81,1.16,0.26,1.44,17.99,-78.61,-70.84,107.34,RANDOM_MOVEMENT
21174,0.74,1.31,0.49,1.58,4.27,-72.73,-155.33,171.57,RANDOM_MOVEMENT
21233,0.51,1.25,0.45,1.42,-1.05,-51.03,-206.50,212.71,RANDOM_MOVEMENT
21293,0.38,0.95,0.41,1.10,-17.36,-32.20,-205.10,208.34,RANDOM_MOVEMENT
21352,0.36,0.86,0.27,0.98,-53.62,-9.24,-185.99,193.79,RANDOM_MOVEMENT
21412,0.14,0.63,0.14,0.66,45.64,-16.03,-132.72,141.26,RANDOM_MOVEMENT
21471,0.15,1.41,0.22,1.44,41.09,-26.95,-138.60,147.05,RANDOM_MOVEMENT
21531,-0.18,1.07,-0.33,1.14,-21.42,-65.03,-164.92,178.57,RANDOM_MOVEMENT
21591,-0.31,0.47,-0.00,0.57,-133.70,-98.77,-163.17,232.93,RANDOM_MOVEMENT
21652,-0.40,0.41,0.30,0.65,-90.16,-112.70,-127.82,192.79,RANDOM_MOVEMENT
21713,-0.39,0.32,0.71,0.87,18.83,-98.42,-66.71,120.38,RANDOM_MOVEMENT
21772,-0.54,0.60,0.65,1.03,-2.38,-39.90,-48.30,62.69,RANDOM_MOVEMENT
21832,-0.61,0.62,0.55,1.03,15.40,-49.14,-40.04,65.23,RANDOM_MOVEMENT
21891,-0.58,0.73,0.58,1.10,30.66,-32.62,-29.82,53.79,RANDOM_MOVEMENT
21951,-0.46,0.65,0.56,0.97,43.47,-11.97,-23.03,50.63,RANDOM_MOVEMENT
22010,-0.59,0.61,-0.05,0.84,3.64,-29.54,-13.93,32.86,RANDOM_MOVEMENT
22070,-0.35,0.66,0.53,0.92,34.93,-42.21,-7.35,55.28,RANDOM_MOVEMENT
22130,-0.38,0.62,0.73,1.03,-14.56,-32.34,20.44,40.93,RANDOM_MOVEMENT
22189,-0.36,0.81,0.78,1.18,47.88,15.40,33.32,60.33,RANDOM_MOVEMENT
22249,-0.39,0.81,0.45,1.01,84.63,39.13,45.71,103.84,RANDOM_MOVEMENT
22308,-0.48,0.68,0.48,0.96,24.08,35.84,56.49,71.10,RANDOM_MOVEMENT
22369,-0.38,0.76,0.33,0.91,21.91,46.69,75.18,91.17,RANDOM_MOVEMENT
22428,-0.35,0.93,0.31,1.05,9.10,29.96,66.78,73.76,RANDOM_MOVEMENT
22488,-0.23,1.02,0.36,1.11,52.36,60.27,67.41,104.49,RANDOM_MOVEMENT
22548,-0.19,1.03,0.41,1.12,48.65,64.96,72.03,108.51,RANDOM_MOVEMENT
22607,-0.18,1.11,0.27,1.16,18.27,83.16,65.66,107.52,RANDOM_MOVEMENT
22667,-0.15,1.10,0.25,1.13,-4.83,78.47,45.92,91.05,RANDOM_MOVEMENT
22726,-0.16,0.94,0.19,0.97,-18.76,76.44,34.30,85.86,RANDOM_MOVEMENT
22786,-0.08,0.84,0.47,0.97,-17.85,104.44,41.09,113.64,RANDOM_MOVEMENT
22845,-0.14,0.87,0.05,0.88,9.52,88.55,45.22,99.88,RANDOM_MOVEMENT
22905,-0.12,1.07,0.05,1.08,65.94,41.30,28.63,82.91,RANDOM_MOVEMENT
22965,-0.05,1.07,0.24,1.10,-5.39,36.12,-1.33,36.54,RANDOM_MOVEMENT
23024,-0.15,0.98,0.11,0.99,38.64,17.29,-3.36,42.47,RANDOM_MOVEMENT
23084,-0.28,0.52,-0.18,0.62,0.14,-22.33,17.57,28.41,RANDOM_MOVEMENT
23144,-0.24,1.02,0.29,1.09,54.11,-8.75,-13.16,56.37,RANDOM_MOVEMENT
23204,-0.19,1.16,-0.01,1.18,21.49,-14.07,-30.38,39.78,RANDOM_MOVEMENT
23263,-0.12,1.04,0.06,1.05,11.27,-21.77,-34.09,41.99,RANDOM_MOVEMENT
23323,-0.05,0.86,0.17,0.88,-17.08,-17.92,-12.25,27.62,RANDOM_MOVEMENT
23382,-0.18,0.92,0.07,0.94,-52.36,-19.32,2.10,55.85,RANDOM_MOVEMENT
23442,-0.19,1.11,-0.00,1.13,-48.37,-24.57,-1.75,54.28,RANDOM_MOVEMENT
23502,0.00,1.05,0.14,1.06,-87.92,-0.70,-2.94,87.97,RANDOM_MOVEMENT
23561,0.01,0.95,0.25,0.99,-66.78,30.38,12.88,74.49,RANDOM_MOVEMENT
23621,-0.08,1.03,0.33,1.08,-7.28,47.18,40.95,62.90,RANDOM_MOVEMENT
23680,-0.57,0.87,0.26,1.07,-28.56,61.32,41.09,79.15,RANDOM_MOVEMENT
23740,-0.88,1.14,0.36,1.48,0.07,25.06,-3.15,25.26,RANDOM_MOVEMENT
23799,-0.89,0.76,0.24,1.20,-34.79,8.33,-44.73,57.28,RANDOM_MOVEMENT
23859,-0.74,0.61,0.17,0.97,-79.87,-14.14,10.50,81.79,RANDOM_MOVEMENT
23920,-0.09,0.58,0.24,0.64,-87.85,-10.50,113.47,143.89,RANDOM_MOVEMENT
23979,0.87,0.66,0.34,1.14,-111.65,-18.90,200.34,230.13,RANDOM_MOVEMENT
24039,1.60,1.19,0.71,2.12,-61.25,-21.00,145.39,159.16,RANDOM_MOVEMENT
24098,1.03,0.98,0.63,1.56,30.17,-12.88,-92.96,98.58,RANDOM_MOVEMENT
24158,0.83,0.82,0.74,1.38,32.20,17.99,-159.11,163.33,RANDOM_MOVEMENT
24217,0.37,0.75,0.52,0.98,89.74,16.38,-112.14,144.56,RANDOM_MOVEMENT
24277,-0.27,0.66,0.47,0.85,10.85,-0.70,-17.99,21.02,RANDOM_MOVEMENT
24337,-0.59,0.72,0.49,1.05,40.25,1.75,86.24,95.19,RANDOM_MOVEMENT
24396,-0.89,0.94,0.62,1.44,60.69,-6.02,77.56,98.67,RANDOM_MOVEMENT
24456,-0.96,1.18,0.55,1.62,-13.93,-4.69,-19.04,24.05,RANDOM_MOVEMENT
24515,-0.78,0.78,0.39,1.17,-3.64,-6.16,-43.12,43.71,RANDOM_MOVEMENT
24575,-0.22,0.92,0.27,0.99,-42.07,-0.35,-4.27,42.29,RANDOM_MOVEMENT
24634,0.37,0.46,0.49,0.77,-57.68,-9.24,107.45,122.30,RANDOM_MOVEMENT
24695,1.14,0.72,0.32,1.39,25.34,-20.23,187.95,190.73,RANDOM_MOVEMENT
24755,1.26,0.87,0.48,1.60,-67.55,1.47,95.27,116.80,RANDOM_MOVEMENT
24814,1.05,0.94,0.15,1.42,-12.53,-35.07,-83.23,91.18,RANDOM_MOVEMENT
24874,1.10,0.94,0.49,1.53,51.24,4.62,-175.14,182.54,RANDOM_MOVEMENT
24933,0.38,0.50,0.25,0.68,-28.49,-3.08,-114.10,117.64,RANDOM_MOVEMENT
24993,-0.14,0.45,0.43,0.64,23.10,-19.74,22.82,38.00,RANDOM_MOVEMENT
25052,-0.26,0.89,0.53,1.07,104.72,-34.30,103.18,150.96,RANDOM_MOVEMENT
25112,-0.54,1.24,0.57,1.47,25.48,-48.72,81.48,98.29,RANDOM_MOVEMENT
25172,-0.47,1.34,0.66,1.56,26.74,-47.25,10.92,55.38,RANDOM_MOVEMENT
25231,-0.36,1.09,0.47,1.24,-41.79,-15.89,-54.88,70.79,RANDOM_MOVEMENT
25291,-0.27,0.61,0.28,0.73,-48.09,9.17,-18.55,52.35,RANDOM_MOVEMENT
25350,0.18,0.48,0.28,0.59,-87.43,18.83,91.28,127.79,RANDOM_MOVEMENT
25410,1.38,0.66,0.50,1.61,-46.34,25.69,198.24,205.20,RANDOM_MOVEMENT
25470,1.51,1.16,0.46,1.96,-73.08,-4.48,85.47,112.54,RANDOM_MOVEMENT
25530,1.07,0.68,0.56,1.39,-21.21,-6.16,-140.70,142.42,RANDOM_MOVEMENT
25590,0.94,0.50,0.06,1.07,-17.92,-4.69,-200.55,201.40,RANDOM_MOVEMENT
25649,0.46,0.37,0.35,0.68,58.73,33.60,-111.86,130.73,RANDOM_MOVEMENT
25709,0.06,0.37,0.28,0.47,31.22,19.32,10.57,38.21,RANDOM_MOVEMENT
25768,0.05,0.69,0.37,0.78,40.11,-9.24,91.98,100.77,RANDOM_MOVEMENT
25828,-0.03,0.82,0.44,0.93,25.27,-44.52,122.01,132.31,RANDOM_MOVEMENT
25887,-0.04,0.73,0.42,0.85,-27.72,-77.00,124.60,149.07,RANDOM_MOVEMENT
25947,0.35,0.66,0.47,0.89,-58.73,-114.59,147.28,195.63,RANDOM_MOVEMENT
26007,0.81,0.92,0.64,1.39,-87.29,-80.57,139.16,182.97,RANDOM_MOVEMENT
26066,1.07,0.64,0.46,1.33,-41.86,-29.12,125.02,135.02,RANDOM_MOVEMENT
26126,1.13,0.79,0.48,1.46,-22.05,1.96,54.11,58.46,RANDOM_MOVEMENT
26185,1.06,0.60,0.43,1.29,19.32,17.01,-44.73,51.61,RANDOM_MOVEMENT
26246,0.95,0.54,0.45,1.18,70.42,30.45,-89.60,117.96,RANDOM_MOVEMENT
26305,0.84,0.52,0.42,1.07,58.59,44.03,-96.95,121.53,RANDOM_MOVEMENT
26365,0.75,0.38,0.36,0.92,77.28,63.56,-78.54,127.20,RANDOM_MOVEMENT
26424,0.69,0.35,0.28,0.82,108.92,74.41,-32.69,135.90,RANDOM_MOVEMENT
26484,0.62,0.38,0.34,0.80,129.78,80.36,27.58,155.12,RANDOM_MOVEMENT
26544,0.58,0.50,0.09,0.77,154.91,64.12,77.84,184.84,RANDOM_MOVEMENT
26603,0.63,0.73,0.21,0.99,-0.14,7.49,93.94,94.24,RANDOM_MOVEMENT
26663,0.81,0.76,0.22,1.13,-167.16,-40.88,93.80,195.99,RANDOM_MOVEMENT
26722,1.00,0.89,0.36,1.39,-227.43,-67.62,45.36,241.57,RANDOM_MOVEMENT
26782,0.93,0.65,0.46,1.23,-184.52,-63.91,-8.96,195.48,RANDOM_MOVEMENT
26841,0.77,0.51,0.58,1.09,-61.04,-25.90,-14.35,67.84,RANDOM_MOVEMENT
26901,0.59,0.52,0.47,0.92,14.56,6.30,-1.05,15.90,RANDOM_MOVEMENT
26961,0.55,0.52,0.41,0.86,15.05,3.85,2.10,15.68,RANDOM_MOVEMENT
27020,0.57,0.50,0.35,0.83,24.22,10.64,5.74,27.07,RANDOM_MOVEMENT
27080,0.57,0.57,0.26,0.84,39.62,10.99,1.68,41.15,RANDOM_MOVEMENT
27139,1.04,0.68,0.21,1.26,-5.11,-6.30,-12.11,14.58,RANDOM_MOVEMENT
27199,1.13,0.55,0.22,1.28,-2.24,-10.64,-31.78,33.59,RANDOM_MOVEMENT
27258,1.03,0.59,0.24,1.21,-9.73,-35.00,-62.79,72.54,RANDOM_MOVEMENT
27318,0.89,0.48,0.27,1.05,-43.40,-54.81,-87.01,111.62,RANDOM_MOVEMENT
27378,0.75,0.43,0.31,0.91,-48.16,-58.52,-72.24,104.70,RANDOM_MOVEMENT
27437,0.82,0.87,0.32,1.24,-67.06,-68.74,-81.41,125.90,RANDOM_MOVEMENT
27497,0.97,1.07,0.44,1.51,-80.92,-57.26,-141.96,173.15,RANDOM_MOVEMENT
27556,0.88,1.00,0.48,1.42,-27.37,-38.64,-189.91,195.72,RANDOM_MOVEMENT
27616,0.64,0.61,0.30,0.93,9.66,-28.21,-177.87,180.35,RANDOM_MOVEMENT
27675,0.56,0.15,0.26,0.64,25.69,-22.05,-150.01,153.78,RANDOM_MOVEMENT
27735,0.09,-0.17,-0.51,0.54,223.30,182.28,16.87,288.74,RANDOM_MOVEMENT
27796,0.62,0.48,0.66,1.02,-33.32,-89.46,75.46,121.69,RANDOM_MOVEMENT
27855,0.74,0.32,0.61,1.01,19.18,100.17,115.57,154.14,RANDOM_MOVEMENT
27915,0.72,0.88,0.48,1.23,70.21,117.04,113.54,177.54,RANDOM_MOVEMENT
27974,0.60,1.11,0.46,1.34,78.89,129.85,105.56,185.01,RANDOM_MOVEMENT
28034,0.51,1.08,0.38,1.26,48.02,103.32,86.66,143.15,RANDOM_MOVEMENT
28093,0.39,0.89,0.31,1.02,3.15,49.84,50.12,70.75,RANDOM_MOVEMENT
28153,0.47,0.70,0.34,0.91,-18.06,25.27,49.28,58.25,RANDOM_MOVEMENT
28213,0.64,0.61,0.47,1.01,-13.37,17.08,53.97,58.17,RANDOM_MOVEMENT
28272,0.66,0.50,0.50,0.97,13.65,34.65,65.87,75.67,RANDOM_MOVEMENT
28332,0.71,0.55,0.52,1.03,30.24,36.33,74.27,88.04,RANDOM_MOVEMENT
28391,0.62,0.57,0.44,0.95,18.90,25.83,73.64,80.29,RANDOM_MOVEMENT
28451,0.61,0.79,0.50,1.11,-11.62,14.35,55.37,58.37,RANDOM_MOVEMENT
28510,0.57,0.87,0.56,1.18,-13.72,8.26,7.28,17.59,RANDOM_MOVEMENT
28570,0.57,0.76,0.65,1.15,-3.29,5.60,-38.08,38.63,RANDOM_MOVEMENT
28630,0.55,0.56,0.61,0.99,7.56,13.65,-59.29,61.31,RANDOM_MOVEMENT
28689,0.57,0.56,0.60,1.00,17.50,8.61,-62.65,65.62,RANDOM_MOVEMENT
28749,0.55,0.67,0.59,1.05,-0.28,-0.21,-66.29,66.29,RANDOM_MOVEMENT
28808,0.54,0.87,0.58,1.18,-51.03,-16.94,-87.57,102.76,RANDOM_MOVEMENT
28868,0.55,0.63,0.61,1.04,-60.20,-17.15,-104.72,122.00,RANDOM_MOVEMENT
28927,0.48,0.49,0.59,0.90,-34.44,-25.41,-93.52,102.85,RANDOM_MOVEMENT
28987,0.37,0.47,0.59,0.84,-14.21,-24.01,-56.21,62.75,RANDOM_MOVEMENT
29047,0.31,0.61,0.58,0.89,-7.56,-27.16,-24.78,37.53,RANDOM_MOVEMENT
29106,0.33,0.69,0.67,1.01,-6.09,-20.93,-8.12,23.26,RANDOM_MOVEMENT
29166,0.29,0.75,0.66,1.04,4.13,-10.08,-0.07,10.89,RANDOM_MOVEMENT
29225,0.23,0.84,-0.09,0.87,22.05,-13.86,-11.62,28.52,RANDOM_MOVEMENT
29285,0.18,0.79,0.55,0.98,-10.29,-2.73,-15.54,18.84,RANDOM_MOVEMENT
29345,0.49,0.79,0.70,1.17,-13.72,-1.96,-16.38,21.46,RANDOM_MOVEMENT
29405,0.24,0.70,0.64,0.98,-3.92,6.30,-5.95,9.51,RANDOM_MOVEMENT
29465,0.33,0.34,0.59,0.76,19.46,24.08,11.90,33.17,RANDOM_MOVEMENT
29524,0.24,0.77,0.60,1.01,52.43,3.43,-17.78,55.47,RANDOM_MOVEMENT
29584,0.23,0.79,0.53,0.97,-9.17,18.20,22.19,30.13,RANDOM_MOVEMENT
29643,0.21,0.62,0.62,0.90,7.21,4.76,29.05,30.31,RANDOM_MOVEMENT
29703,0.14,0.67,0.61,0.92,22.12,-22.26,20.23,37.34,RANDOM_MOVEMENT
29762,0.41,0.53,0.79,1.04,-7.77,-37.31,27.23,46.84,RANDOM_MOVEMENT
29822,0.38,1.09,0.56,1.29,11.48,-27.93,40.18,50.26,RANDOM_MOVEMENT
29882,0.59,0.55,0.51,0.95,20.44,-12.32,100.03,102.84,RANDOM_MOVEMENT
29941,0.65,0.62,0.58,1.07,18.76,-13.02,111.37,113.69,RANDOM_MOVEMENT
30001,0.87,0.56,0.56,1.18,46.13,-10.92,129.92,138.30,RANDOM_MOVEMENT
30060,0.88,0.62,0.51,1.19,69.65,-2.38,141.89,158.08,RANDOM_MOVEMENT
30121,0.92,0.49,0.47,1.15,105.63,8.05,142.73,177.75,RANDOM_MOVEMENT
30180,0.88,0.56,0.38,1.11,134.68,26.46,134.96,192.49,RANDOM_MOVEMENT
30240,0.89,0.58,0.33,1.11,72.24,30.73,106.47,132.28,RANDOM_MOVEMENT
30299,0.85,0.51,0.29,1.03,29.61,16.87,76.30,83.56,RANDOM_MOVEMENT
30359,0.84,0.47,0.36,1.03,3.71,-4.06,37.66,38.06,RANDOM_MOVEMENT
30419,0.84,0.42,0.37,1.01,-11.55,-18.69,-5.04,22.54,RANDOM_MOVEMENT
30478,0.88,0.35,0.40,1.03,-13.65,-18.90,-36.96,43.70,RANDOM_MOVEMENT
30538,0.90,0.31,0.43,1.04,-0.77,-19.25,-56.56,59.75,RANDOM_MOVEMENT
30597,0.90,0.28,0.44,1.04,-2.94,-15.12,-68.95,70.65,RANDOM_MOVEMENT
30657,0.90,0.23,0.44,1.03,-6.51,-9.59,-68.11,69.09,RANDOM_MOVEMENT
30716,0.88,0.20,0.43,1.00,-4.97,-4.06,-50.75,51.15,RANDOM_MOVEMENT
30776,0.86,0.19,0.42,0.98,-3.36,-2.17,-22.89,23.24,RANDOM_MOVEMENT
30836,0.85,0.23,0.40,0.96,-1.68,1.47,5.11,5.58,RANDOM_MOVEMENT
30895,0.85,0.28,0.37,0.97,-8.96,-1.54,23.38,25.09,RANDOM_MOVEMENT
30955,0.86,0.32,0.36,0.98,-12.88,-6.02,34.37,37.19,RANDOM_MOVEMENT
31014,0.88,0.36,0.34,1.01,-12.11,-3.29,41.09,42.96,RANDOM_MOVEMENT
31074,0.93,0.47,0.35,1.10,-32.34,-7.91,24.57,41.38,RANDOM_MOVEMENT
31133,0.92,0.40,0.38,1.08,-34.58,-3.08,-0.14,34.72,RANDOM_MOVEMENT
31193,0.86,0.37,0.40,1.02,12.60,-0.07,-12.88,18.02,RANDOM_MOVEMENT
31253,0.82,0.33,0.41,0.98,8.40,6.30,-18.69,21.44,RANDOM_MOVEMENT
31312,0.81,0.26,0.41,0.95,19.67,10.01,-10.99,24.66,RANDOM_MOVEMENT
31372,0.85,0.27,0.44,1.00,13.86,9.66,-3.36,17.23,RANDOM_MOVEMENT
31431,0.87,0.27,0.42,1.01,10.92,11.27,5.39,16.59,RANDOM_MOVEMENT
31491,0.89,0.31,0.40,1.03,16.87,11.27,10.15,22.69,RANDOM_MOVEMENT
Recording stopped
