Recording started
time,accelX,accelY,accelZ,accelMagnitude,gyroX,gyroY,gyroZ,gyroMagnitude,activity
8,0.76,0.43,0.49,1.00,9.31,9.80,-3.01,13.85,RANDOM_MOVEMENT
68,0.73,0.44,0.58,1.03,0.98,9.38,-21.49,23.47,RANDOM_MOVEMENT
127,0.72,0.40,0.56,1.00,-2.87,7.77,-40.18,41.02,RANDOM_MOVEMENT
187,0.69,0.41,0.55,0.97,0.07,-0.98,-48.09,48.10,RANDOM_MOVEMENT
246,0.68,0.58,0.53,1.04,-7.28,-10.29,-60.27,61.57,RANDOM_MOVEMENT
306,0.68,0.96,0.58,1.31,-9.87,-20.02,-107.66,109.95,RANDOM_MOVEMENT
365,0.65,1.01,0.50,1.30,-36.61,-9.10,-151.90,156.51,RANDOM_MOVEMENT
425,0.64,0.87,0.43,1.17,-32.62,11.27,-165.55,169.11,RANDOM_MOVEMENT
484,0.62,0.65,0.29,0.95,-19.60,17.71,-137.55,140.06,RANDOM_MOVEMENT
544,0.62,0.51,0.19,0.82,9.17,9.45,-85.89,86.89,RANDOM_MOVEMENT
604,0.51,0.39,0.13,0.65,10.01,-24.92,-24.92,36.64,RANDOM_MOVEMENT
663,0.55,0.34,0.24,0.69,2.17,-54.81,51.59,75.30,RANDOM_MOVEMENT
723,0.66,0.47,0.28,0.86,-38.85,-83.65,103.67,138.76,RANDOM_MOVEMENT
782,0.95,0.84,0.58,1.39,-56.70,-84.84,113.75,152.81,RANDOM_MOVEMENT
842,0.72,0.89,0.58,1.29,6.72,-42.35,97.30,106.33,RANDOM_MOVEMENT
901,0.43,0.96,0.74,1.29,26.60,-35.98,103.32,112.59,RANDOM_MOVEMENT
961,0.39,0.87,0.69,1.18,-36.40,-18.55,71.54,82.38,RANDOM_MOVEMENT
1021,0.57,0.77,0.66,1.16,-26.18,15.26,61.46,68.52,RANDOM_MOVEMENT
1080,0.71,0.86,0.48,1.21,9.03,49.07,34.93,60.91,RANDOM_MOVEMENT
1140,0.76,0.76,0.43,1.16,7.63,64.89,2.52,65.39,RANDOM_MOVEMENT
1199,0.88,0.85,0.44,1.31,39.06,84.00,-47.95,104.31,RANDOM_MOVEMENT
1259,0.83,0.76,0.35,1.18,91.14,75.18,-95.13,151.68,RANDOM_MOVEMENT
1318,0.60,0.73,0.28,0.99,91.84,47.04,-126.42,163.19,RANDOM_MOVEMENT
1378,0.46,0.58,0.31,0.80,23.03,-5.88,-122.08,124.37,RANDOM_MOVEMENT
1438,0.48,0.45,0.44,0.79,1.75,-45.64,-89.53,100.51,RANDOM_MOVEMENT
1497,0.50,0.36,0.59,0.86,-26.81,-65.80,-41.79,82.43,RANDOM_MOVEMENT
1557,0.43,0.32,0.80,0.97,2.52,-57.68,5.74,58.02,RANDOM_MOVEMENT
1616,0.33,0.49,0.80,1.00,-25.41,-37.03,40.11,60.21,RANDOM_MOVEMENT
1676,0.39,0.68,0.71,1.06,3.71,-28.21,61.74,67.98,RANDOM_MOVEMENT
1735,0.44,0.89,0.53,1.12,-5.11,-40.88,59.36,72.26,RANDOM_MOVEMENT
1795,0.55,0.87,0.53,1.15,-41.72,-39.27,36.68,68.03,RANDOM_MOVEMENT
1855,0.56,0.71,0.39,0.99,-53.97,-32.97,14.00,64.77,RANDOM_MOVEMENT
1914,0.56,0.58,0.51,0.95,-65.10,-31.99,15.12,74.09,RANDOM_MOVEMENT
1974,0.64,0.57,0.46,0.97,-31.50,-26.39,18.62,45.12,RANDOM_MOVEMENT
2033,0.75,0.66,0.41,1.08,-42.07,-27.72,3.43,50.50,RANDOM_MOVEMENT
2093,0.77,0.58,0.38,1.04,-30.38,-31.99,3.85,44.28,RANDOM_MOVEMENT
2152,0.76,0.66,0.50,1.12,-8.54,-38.57,7.35,40.18,RANDOM_MOVEMENT
2212,0.78,0.55,0.48,1.07,59.92,-31.78,-9.80,68.53,RANDOM_MOVEMENT
2272,0.79,0.60,0.42,1.08,14.07,-22.19,-37.31,45.63,RANDOM_MOVEMENT
2331,0.70,0.71,0.33,1.05,14.14,-25.62,-23.38,37.46,RANDOM_MOVEMENT
2391,0.74,0.65,0.54,1.12,-8.96,-28.42,-23.94,38.22,RANDOM_MOVEMENT
2450,0.75,0.66,0.44,1.09,41.30,-10.85,-25.20,49.58,RANDOM_MOVEMENT
2510,0.78,0.70,0.30,1.10,-14.14,-8.96,-26.04,30.96,RANDOM_MOVEMENT
2569,0.77,0.58,0.38,1.04,6.93,-24.43,-17.57,30.88,RANDOM_MOVEMENT
2629,0.72,0.63,0.34,1.02,-10.43,-23.31,-32.13,41.04,RANDOM_MOVEMENT
2689,0.55,0.57,0.34,0.86,-39.97,-24.92,-10.99,48.37,RANDOM_MOVEMENT
2748,0.51,0.69,0.28,0.91,-20.37,-23.31,19.95,36.83,RANDOM_MOVEMENT
2808,0.53,0.71,0.28,0.93,-41.23,-32.48,29.68,60.30,RANDOM_MOVEMENT
2867,0.59,0.75,0.32,1.00,-27.65,-30.73,23.80,47.70,RANDOM_MOVEMENT
2927,0.66,0.72,0.34,1.03,-30.73,-28.70,17.85,45.68,RANDOM_MOVEMENT
2986,0.72,0.67,0.37,1.05,-15.19,-18.27,17.57,29.55,RANDOM_MOVEMENT
3046,0.74,0.67,0.36,1.07,-0.35,-10.50,12.39,16.24,RANDOM_MOVEMENT
3106,0.77,0.69,0.36,1.09,-2.03,-6.09,-1.54,6.60,RANDOM_MOVEMENT
3165,0.77,0.65,0.39,1.08,1.68,3.01,-12.81,13.27,RANDOM_MOVEMENT
3225,0.74,0.63,0.45,1.08,7.77,17.08,-16.52,25.00,RANDOM_MOVEMENT
3284,0.73,0.62,0.38,1.03,18.48,29.05,-17.29,38.53,RANDOM_MOVEMENT
3344,0.69,0.60,0.34,0.97,6.86,27.30,-19.04,33.98,RANDOM_MOVEMENT
3403,0.68,0.58,0.33,0.95,-6.09,20.09,-7.07,22.15,RANDOM_MOVEMENT
3463,0.70,0.61,0.50,1.06,-10.57,23.10,9.73,27.20,RANDOM_MOVEMENT
3523,0.71,0.62,0.17,0.96,2.10,13.93,7.28,15.86,RANDOM_MOVEMENT
3582,0.72,0.54,0.28,0.94,-49.35,-3.15,14.21,51.45,RANDOM_MOVEMENT
3642,0.72,0.50,0.49,1.00,7.98,6.44,36.96,38.36,RANDOM_MOVEMENT
3701,0.80,0.50,0.42,1.03,33.74,16.17,55.37,66.83,RANDOM_MOVEMENT
3761,0.87,0.45,0.47,1.09,28.21,25.20,63.00,73.48,RANDOM_MOVEMENT
3820,0.89,0.53,0.53,1.16,40.67,40.46,57.26,81.05,RANDOM_MOVEMENT
3880,0.83,0.50,0.48,1.08,43.33,49.63,58.24,87.93,RANDOM_MOVEMENT
3940,0.73,0.57,0.49,1.04,59.50,53.76,74.20,109.25,RANDOM_MOVEMENT
3999,0.58,0.63,0.47,0.98,35.14,48.37,58.45,83.61,RANDOM_MOVEMENT
4059,0.56,0.59,0.51,0.96,10.08,45.43,36.89,59.38,RANDOM_MOVEMENT
4118,0.54,0.60,0.49,0.94,38.29,45.22,19.88,62.50,RANDOM_MOVEMENT
4178,0.45,0.65,0.35,0.86,58.45,32.34,4.55,66.96,RANDOM_MOVEMENT
4237,0.51,0.71,0.37,0.94,64.19,21.28,-15.75,69.44,RANDOM_MOVEMENT
4297,0.70,0.83,0.21,1.11,60.13,-7.00,-30.52,67.79,RANDOM_MOVEMENT
4357,0.89,0.87,0.33,1.29,15.54,-52.99,-65.45,85.63,RANDOM_MOVEMENT
4416,0.97,0.75,0.40,1.29,-48.58,-93.73,-95.97,142.67,RANDOM_MOVEMENT
4476,0.97,0.58,0.43,1.21,-120.68,-113.82,-132.86,212.53,RANDOM_MOVEMENT
4536,0.89,0.25,0.60,1.10,-117.81,-86.59,-121.31,189.98,RANDOM_MOVEMENT
4596,0.80,0.09,0.56,0.98,-75.74,-79.03,-66.99,128.34,RANDOM_MOVEMENT
4655,0.84,0.14,0.61,1.04,-85.40,-65.38,-27.16,110.93,RANDOM_MOVEMENT
4715,0.81,-0.07,0.69,1.07,-24.15,-23.31,28.35,43.94,RANDOM_MOVEMENT
4775,0.91,0.25,0.56,1.10,61.11,1.68,79.66,100.41,RANDOM_MOVEMENT
4834,0.96,0.18,0.48,1.09,40.81,9.66,116.06,123.40,RANDOM_MOVEMENT
4894,0.97,0.26,0.35,1.06,78.40,3.29,146.02,165.77,RANDOM_MOVEMENT
4953,0.96,0.53,0.58,1.24,78.82,36.12,124.46,151.68,RANDOM_MOVEMENT
5013,0.89,0.47,0.36,1.07,61.39,30.31,122.15,140.03,RANDOM_MOVEMENT
5072,0.87,0.54,0.36,1.09,35.77,29.12,102.69,112.57,RANDOM_MOVEMENT
5132,0.85,0.55,0.36,1.07,45.43,25.69,69.72,87.09,RANDOM_MOVEMENT
5192,0.73,0.60,0.36,1.01,33.25,10.85,28.14,44.89,RANDOM_MOVEMENT
5251,0.65,0.61,0.38,0.97,24.22,-5.81,-15.33,29.25,RANDOM_MOVEMENT
5311,0.72,0.69,0.48,1.11,-5.67,-18.48,-58.38,61.50,RANDOM_MOVEMENT
5370,0.88,0.67,0.44,1.19,-8.05,-18.83,-106.12,108.08,RANDOM_MOVEMENT
5430,1.11,0.77,0.53,1.45,-15.19,-15.82,-145.74,147.38,RANDOM_MOVEMENT
5489,1.28,0.69,0.53,1.55,19.11,7.21,-194.46,195.53,RANDOM_MOVEMENT
5549,1.09,0.70,0.50,1.39,66.08,8.33,-208.95,219.31,RANDOM_MOVEMENT
5609,0.82,0.73,0.42,1.18,34.44,2.38,-206.85,209.71,RANDOM_MOVEMENT
5668,0.68,0.70,0.44,1.07,34.02,-10.43,-178.57,182.08,RANDOM_MOVEMENT
5728,0.61,0.71,0.40,1.01,-18.69,-16.03,-170.59,172.36,RANDOM_MOVEMENT
5787,0.25,0.39,0.43,0.63,4.90,-20.44,-112.49,114.44,RANDOM_MOVEMENT
5847,0.01,0.38,0.55,0.67,-5.95,-5.46,-43.82,44.56,RANDOM_MOVEMENT
5906,-0.17,0.42,0.27,0.53,-98.56,-15.33,4.27,99.84,RANDOM_MOVEMENT
5966,-0.21,0.43,0.34,0.59,-85.89,-17.99,75.88,116.01,RANDOM_MOVEMENT
6026,0.05,1.05,0.44,1.14,-46.76,-51.10,81.13,106.68,RANDOM_MOVEMENT
6085,0.17,0.75,0.76,1.08,-17.99,-58.73,68.74,92.18,RANDOM_MOVEMENT
6145,0.22,1.29,0.87,1.57,-7.21,-14.00,21.84,26.93,RANDOM_MOVEMENT
6204,0.16,0.78,0.49,0.93,24.57,33.95,30.59,51.88,RANDOM_MOVEMENT
6264,0.11,0.71,0.45,0.85,29.19,13.16,35.42,47.75,RANDOM_MOVEMENT
6323,0.09,0.93,0.50,1.06,50.96,0.91,34.16,61.36,RANDOM_MOVEMENT
6383,0.11,0.95,0.53,1.10,40.67,-5.74,30.38,51.09,RANDOM_MOVEMENT
6442,0.15,1.05,0.61,1.23,28.07,14.84,9.59,33.17,RANDOM_MOVEMENT
6502,0.38,0.73,0.66,1.05,-37.24,7.91,3.08,38.20,RANDOM_MOVEMENT
6562,0.50,0.80,0.33,1.00,32.48,-2.45,13.44,35.24,RANDOM_MOVEMENT
6621,0.41,0.80,0.45,1.00,30.10,-22.26,29.40,47.60,RANDOM_MOVEMENT
6681,0.36,1.08,0.45,1.23,51.45,-19.95,40.18,68.26,RANDOM_MOVEMENT
6740,0.40,1.00,0.35,1.14,-21.00,-36.47,26.60,49.79,RANDOM_MOVEMENT
6800,0.40,0.91,0.42,1.08,-31.01,-29.19,23.87,48.82,RANDOM_MOVEMENT
6859,0.38,0.79,0.31,0.93,-50.47,-44.24,28.70,72.99,RANDOM_MOVEMENT
6919,0.45,0.86,0.47,1.08,-46.06,-43.26,27.37,68.86,RANDOM_MOVEMENT
6979,0.42,0.75,0.33,0.93,-66.99,-43.05,21.49,82.48,RANDOM_MOVEMENT
7038,0.47,0.92,0.34,1.09,-55.37,-45.57,7.77,72.13,RANDOM_MOVEMENT
7098,0.37,0.81,0.49,1.02,-48.58,-41.16,-1.26,63.68,RANDOM_MOVEMENT
7157,0.31,0.69,0.57,0.95,-28.00,-55.30,-29.40,68.60,RANDOM_MOVEMENT
7217,0.43,0.61,0.52,0.91,-9.73,-50.54,-44.45,68.01,RANDOM_MOVEMENT
7276,0.46,0.53,0.31,0.77,-19.04,-35.84,-31.01,51.07,RANDOM_MOVEMENT
7336,0.49,0.67,0.33,0.89,-9.45,-40.11,-13.16,43.26,RANDOM_MOVEMENT
7396,0.78,0.72,0.52,1.18,-7.07,-13.65,1.68,15.46,RANDOM_MOVEMENT
7455,0.84,0.70,0.33,1.14,-26.18,-33.11,1.33,42.23,RANDOM_MOVEMENT
7515,0.74,0.65,0.45,1.08,-25.06,-49.56,4.62,55.73,RANDOM_MOVEMENT
7574,0.61,0.52,0.48,0.93,-1.68,-49.77,8.54,50.53,RANDOM_MOVEMENT
7634,0.65,0.52,0.30,0.89,16.73,-56.21,19.88,61.92,RANDOM_MOVEMENT
7693,0.96,0.73,0.45,1.29,20.51,-39.20,15.40,46.85,RANDOM_MOVEMENT
7753,0.73,0.58,0.35,1.00,10.01,-33.60,16.87,38.91,RANDOM_MOVEMENT
7813,0.64,0.57,0.38,0.94,-1.40,-12.95,19.81,23.71,RANDOM_MOVEMENT
7872,0.76,0.53,0.26,0.96,-9.52,-14.00,15.75,23.12,RANDOM_MOVEMENT
7932,0.84,0.58,0.23,1.05,-11.55,-12.88,8.05,19.08,RANDOM_MOVEMENT
7991,0.77,0.53,0.23,0.96,3.29,-5.81,7.35,9.93,RANDOM_MOVEMENT
8051,0.70,0.46,0.30,0.89,17.01,6.44,4.06,18.64,RANDOM_MOVEMENT
8110,0.76,0.61,0.28,1.02,29.82,15.61,-11.90,35.70,RANDOM_MOVEMENT
8170,0.80,0.60,0.29,1.04,12.18,16.17,-22.33,30.14,RANDOM_MOVEMENT
8230,0.76,0.55,0.25,0.97,4.62,21.49,-26.11,34.13,RANDOM_MOVEMENT
8289,0.82,0.61,0.24,1.05,-2.38,11.13,-19.18,22.30,RANDOM_MOVEMENT
8349,0.79,0.65,0.25,1.05,0.28,9.87,-19.04,21.45,RANDOM_MOVEMENT
8408,0.68,0.63,0.27,0.96,-12.74,8.05,-15.89,21.90,RANDOM_MOVEMENT
8468,0.65,0.63,0.29,0.95,-7.91,16.45,-13.86,22.92,RANDOM_MOVEMENT
8527,0.68,0.70,0.36,1.04,16.24,26.60,-7.28,32.00,RANDOM_MOVEMENT
8587,0.66,0.76,0.27,1.04,9.52,13.93,-7.56,18.49,RANDOM_MOVEMENT
8647,0.61,0.78,0.35,1.06,2.73,1.05,-8.12,8.63,RANDOM_MOVEMENT
8706,0.41,0.75,0.37,0.93,-2.24,9.59,-6.30,11.69,RANDOM_MOVEMENT
8766,0.42,0.84,0.77,1.22,-9.52,49.63,-2.52,50.60,RANDOM_MOVEMENT
8825,0.34,1.02,0.67,1.27,-17.08,91.49,-17.99,94.79,RANDOM_MOVEMENT
8885,0.42,0.89,0.21,1.00,-107.03,68.81,-50.82,137.01,RANDOM_MOVEMENT
8944,0.29,0.55,-0.04,0.62,-72.87,7.07,-29.12,78.79,RANDOM_MOVEMENT
9004,0.40,0.70,0.63,1.03,16.45,-12.46,39.83,44.86,RANDOM_MOVEMENT
9064,0.55,1.03,0.57,1.30,53.83,-6.16,31.36,62.60,RANDOM_MOVEMENT
9123,0.52,0.85,0.58,1.15,51.59,2.17,-0.63,51.64,RANDOM_MOVEMENT
9183,0.49,0.51,0.32,0.77,16.94,-57.96,23.38,64.75,RANDOM_MOVEMENT
9242,0.69,0.63,0.33,0.99,74.06,-74.34,67.27,124.65,RANDOM_MOVEMENT
9302,0.94,0.66,0.43,1.22,-36.61,-83.09,72.03,115.90,RANDOM_MOVEMENT
9361,1.06,0.54,0.49,1.29,-52.85,-67.48,55.93,102.35,RANDOM_MOVEMENT
9421,1.02,0.52,0.46,1.24,-43.61,-50.75,26.67,72.03,RANDOM_MOVEMENT
9481,0.92,0.50,0.48,1.15,-42.56,-32.69,11.34,54.85,RANDOM_MOVEMENT
9540,0.82,0.42,0.46,1.03,-10.43,-11.62,18.27,24.03,RANDOM_MOVEMENT
9600,0.81,0.45,0.39,1.00,7.42,1.96,25.83,26.95,RANDOM_MOVEMENT
9659,0.78,0.49,0.33,0.98,-13.16,0.07,29.68,32.47,RANDOM_MOVEMENT
9719,0.79,0.46,0.32,0.97,-27.51,-4.20,32.62,42.88,RANDOM_MOVEMENT
9778,0.83,0.46,0.34,1.01,-28.14,-7.00,30.80,42.30,RANDOM_MOVEMENT
9838,0.83,0.53,0.33,1.04,-25.20,-7.07,8.75,27.60,RANDOM_MOVEMENT
9898,0.86,0.48,0.42,1.08,-31.22,-2.87,-12.81,33.87,RANDOM_MOVEMENT
9957,0.87,0.49,0.49,1.11,-8.61,6.86,-28.42,30.48,RANDOM_MOVEMENT
10017,0.82,0.63,0.34,1.09,-34.58,5.04,-70.28,78.49,RANDOM_MOVEMENT
10076,0.77,0.23,0.34,0.88,-68.04,-12.81,-83.30,108.32,RANDOM_MOVEMENT
10136,0.77,0.47,0.50,1.03,48.02,-12.60,-66.15,82.71,RANDOM_MOVEMENT
10195,0.77,0.58,0.31,1.01,5.95,-19.67,-75.39,78.14,RANDOM_MOVEMENT
10255,0.75,0.39,0.39,0.93,-35.56,-35.00,-73.57,88.89,RANDOM_MOVEMENT
10315,0.78,0.32,0.49,0.97,-9.73,-19.25,-54.25,58.38,RANDOM_MOVEMENT
10374,0.84,0.33,0.42,1.00,28.21,5.60,-17.15,33.49,RANDOM_MOVEMENT
10434,0.83,0.40,0.35,0.99,40.60,11.20,12.46,43.92,RANDOM_MOVEMENT
10493,0.91,0.56,0.44,1.15,41.51,13.72,32.76,54.63,RANDOM_MOVEMENT
10553,0.86,0.65,0.35,1.14,40.25,17.64,23.94,50.04,RANDOM_MOVEMENT
10612,0.75,0.59,0.30,1.00,22.96,25.20,14.56,37.07,RANDOM_MOVEMENT
10672,0.73,0.64,0.28,1.01,17.50,42.35,11.62,47.27,RANDOM_MOVEMENT
10732,0.74,0.66,0.24,1.02,31.85,55.65,11.62,65.16,RANDOM_MOVEMENT
10791,0.75,0.78,0.21,1.10,58.45,62.09,11.83,86.09,RANDOM_MOVEMENT
10851,0.73,0.78,0.18,1.08,54.74,60.69,10.43,82.39,RANDOM_MOVEMENT
10910,0.69,0.91,0.23,1.17,59.01,51.31,4.69,78.34,RANDOM_MOVEMENT
10970,0.63,0.71,0.27,0.98,48.30,45.01,-10.08,66.79,RANDOM_MOVEMENT
11029,0.63,0.70,0.33,1.00,58.38,56.35,-4.97,81.29,RANDOM_MOVEMENT
11089,0.62,0.75,0.28,1.01,57.75,61.67,-0.07,84.49,RANDOM_MOVEMENT
11149,0.58,0.79,0.30,1.03,47.18,61.46,-0.98,77.49,RANDOM_MOVEMENT
11208,0.56,0.55,0.47,0.91,38.29,65.52,22.82,79.24,RANDOM_MOVEMENT
11268,0.64,0.79,0.39,1.09,36.26,88.27,39.90,103.43,RANDOM_MOVEMENT
11327,0.61,0.83,0.31,1.07,25.90,79.24,29.75,88.51,RANDOM_MOVEMENT
11387,0.50,0.73,0.31,0.94,24.08,58.38,24.36,67.69,RANDOM_MOVEMENT
11446,0.54,0.71,0.40,0.98,7.98,44.31,18.69,48.75,RANDOM_MOVEMENT
11506,0.57,0.76,0.43,1.05,12.67,49.28,11.55,52.18,RANDOM_MOVEMENT
11566,0.48,0.86,0.40,1.07,-49.21,45.64,-18.20,69.54,RANDOM_MOVEMENT
11625,0.33,0.67,0.49,0.89,-41.30,17.71,-26.95,52.40,RANDOM_MOVEMENT
11685,0.46,0.46,0.46,0.79,-19.60,-17.85,-11.97,29.09,RANDOM_MOVEMENT
11744,0.40,0.57,0.60,0.92,-6.30,-25.20,-12.88,28.99,RANDOM_MOVEMENT
11804,0.35,0.80,0.83,1.20,26.60,7.42,-18.97,33.50,RANDOM_MOVEMENT
11863,0.28,0.72,0.80,1.11,23.38,37.94,-21.98,49.69,RANDOM_MOVEMENT
11923,0.29,0.81,0.71,1.12,15.54,43.47,-37.73,59.62,RANDOM_MOVEMENT
11983,0.24,0.82,0.59,1.04,-18.20,51.10,-58.94,80.10,RANDOM_MOVEMENT
12042,0.24,0.95,0.84,1.29,16.66,61.74,-79.52,102.04,RANDOM_MOVEMENT
12102,0.30,0.99,0.77,1.29,-4.69,82.11,-115.78,142.02,RANDOM_MOVEMENT
12161,0.17,0.93,0.60,1.11,-6.86,94.99,-118.16,151.76,RANDOM_MOVEMENT
12221,0.13,0.80,0.57,1.00,2.24,87.01,-115.50,144.62,RANDOM_MOVEMENT
12280,-0.11,0.63,0.39,0.75,-7.35,63.98,-110.81,128.17,RANDOM_MOVEMENT
12340,-0.33,0.31,0.24,0.51,2.94,30.73,-54.95,63.03,RANDOM_MOVEMENT
12400,-0.50,-0.23,0.21,0.59,15.89,-6.37,58.03,60.50,RANDOM_MOVEMENT
12459,-0.03,0.43,0.19,0.47,28.56,-64.75,157.29,172.48,RANDOM_MOVEMENT
12519,0.51,1.32,0.37,1.47,86.66,-76.23,143.50,184.16,RANDOM_MOVEMENT
12578,0.33,1.46,0.53,1.59,-6.16,-64.33,62.93,90.20,RANDOM_MOVEMENT
12638,0.26,1.40,0.45,1.49,9.38,-87.43,1.26,87.94,RANDOM_MOVEMENT
12697,0.17,0.99,0.55,1.15,0.42,-88.90,-34.72,95.44,RANDOM_MOVEMENT
12757,-0.10,0.91,0.66,1.13,35.00,-70.70,-9.94,79.51,RANDOM_MOVEMENT
12817,-0.24,1.04,0.62,1.24,48.44,-32.06,4.48,58.26,RANDOM_MOVEMENT
12876,-0.44,0.90,0.76,1.26,31.78,15.05,-1.26,35.19,RANDOM_MOVEMENT
12936,-0.54,0.92,0.45,1.16,38.57,21.00,-6.44,44.39,RANDOM_MOVEMENT
12995,-0.43,0.65,0.39,0.88,-39.06,31.01,3.78,50.02,RANDOM_MOVEMENT
13055,-0.12,0.51,0.30,0.61,-30.73,29.40,64.82,77.53,RANDOM_MOVEMENT
13114,0.57,0.95,0.20,1.12,-74.13,-4.34,112.21,134.56,RANDOM_MOVEMENT
13174,1.27,1.43,0.40,1.95,-24.15,-20.72,61.25,69.02,RANDOM_MOVEMENT
13234,0.99,0.97,0.43,1.45,-37.24,-5.95,-46.41,59.80,RANDOM_MOVEMENT
13293,0.71,0.83,0.06,1.09,-37.24,-10.64,-90.86,98.77,RANDOM_MOVEMENT
13353,0.44,0.68,0.32,0.87,72.45,15.40,-51.38,90.14,RANDOM_MOVEMENT
13412,0.00,0.69,0.34,0.77,43.82,-11.55,15.33,47.84,RANDOM_MOVEMENT
13472,-0.21,0.92,0.44,1.04,27.79,-26.95,46.62,60.60,RANDOM_MOVEMENT
13531,-0.39,0.99,0.52,1.18,36.47,-18.06,52.43,66.37,RANDOM_MOVEMENT
13591,-0.53,1.06,0.54,1.30,54.81,-17.92,28.63,64.38,RANDOM_MOVEMENT
13651,-0.37,0.93,0.46,1.10,-19.74,-9.03,-12.60,25.10,RANDOM_MOVEMENT
13710,-0.12,0.71,0.31,0.78,-8.54,-0.63,14.07,16.47,RANDOM_MOVEMENT
13770,0.38,0.68,0.28,0.83,-64.54,2.45,79.66,102.55,RANDOM_MOVEMENT
13829,0.96,0.95,0.19,1.36,-19.46,19.95,104.16,107.82,RANDOM_MOVEMENT
13889,1.18,0.71,0.43,1.44,-31.08,17.36,88.97,95.83,RANDOM_MOVEMENT
13948,1.02,0.77,0.31,1.31,19.74,13.23,24.64,34.23,RANDOM_MOVEMENT
14008,0.86,0.58,0.06,1.04,-84.84,-22.96,-25.62,91.55,RANDOM_MOVEMENT
14067,0.68,0.41,0.26,0.84,0.56,-12.88,21.14,24.76,RANDOM_MOVEMENT
14127,0.60,0.43,0.44,0.86,-38.08,-31.64,81.55,95.40,RANDOM_MOVEMENT
14187,0.54,0.56,0.39,0.87,8.54,-30.94,140.14,143.77,RANDOM_MOVEMENT
14246,0.57,0.69,0.45,1.00,31.78,-35.63,159.18,166.19,RANDOM_MOVEMENT
14306,0.68,0.67,0.46,1.06,21.42,-33.67,160.79,165.67,RANDOM_MOVEMENT
14365,0.98,0.86,0.55,1.42,-36.54,-15.40,105.21,112.43,RANDOM_MOVEMENT
14425,1.06,0.71,0.58,1.40,23.73,6.02,3.01,24.67,RANDOM_MOVEMENT
14484,0.95,0.67,0.51,1.27,16.59,11.76,-73.15,75.92,RANDOM_MOVEMENT
14544,0.89,0.52,0.51,1.15,-25.48,21.91,-111.79,116.73,RANDOM_MOVEMENT
14604,0.88,0.54,0.48,1.14,1.12,34.65,-131.25,135.75,RANDOM_MOVEMENT
14663,0.88,0.69,0.41,1.20,5.60,45.15,-152.88,159.51,RANDOM_MOVEMENT
14723,0.80,0.70,0.48,1.17,-10.57,39.97,-171.43,176.35,RANDOM_MOVEMENT
14782,0.59,0.60,0.40,0.93,6.93,35.84,-163.73,167.75,RANDOM_MOVEMENT
14842,0.44,0.50,0.27,0.72,2.03,14.42,-128.94,129.76,RANDOM_MOVEMENT
14901,0.43,0.50,0.24,0.70,-108.36,-21.70,-71.40,131.57,RANDOM_MOVEMENT
14961,0.41,0.42,0.40,0.71,-42.35,-47.95,-30.66,70.94,RANDOM_MOVEMENT
15021,0.48,0.60,0.43,0.88,-20.09,-67.06,-11.06,70.87,RANDOM_MOVEMENT
15080,0.47,0.28,1.04,1.18,35.35,-28.63,38.43,59.55,RANDOM_MOVEMENT
15140,0.36,0.63,0.28,0.78,-27.37,-17.57,18.90,37.62,RANDOM_MOVEMENT
15199,0.34,0.65,0.55,0.92,-53.20,-61.60,12.81,82.39,RANDOM_MOVEMENT
15259,0.30,0.51,0.71,0.92,10.71,-48.51,41.72,64.87,RANDOM_MOVEMENT
15318,0.29,0.40,0.61,0.78,66.08,-11.20,86.03,109.06,RANDOM_MOVEMENT
15378,0.38,0.47,0.44,0.75,50.40,-4.97,132.58,141.92,RANDOM_MOVEMENT
15438,0.74,0.69,0.71,1.23,173.32,21.21,164.99,240.23,RANDOM_MOVEMENT
15497,0.84,0.82,0.45,1.26,177.73,44.80,135.10,227.70,RANDOM_MOVEMENT
15557,0.83,0.63,0.40,1.11,111.16,34.72,109.41,159.79,RANDOM_MOVEMENT
15616,0.82,0.59,0.31,1.06,62.37,29.47,74.27,101.36,RANDOM_MOVEMENT
15676,0.88,0.60,0.36,1.13,35.21,19.39,38.57,55.71,RANDOM_MOVEMENT
15735,0.87,0.63,0.32,1.12,-35.49,12.18,-8.61,38.50,RANDOM_MOVEMENT
15795,0.80,0.58,0.34,1.05,3.36,11.76,-25.34,28.14,RANDOM_MOVEMENT
15855,0.74,0.56,0.36,0.99,3.29,7.28,-27.51,28.65,RANDOM_MOVEMENT
15914,0.73,0.66,0.20,1.00,-34.02,-26.32,-28.42,51.55,RANDOM_MOVEMENT
15974,0.78,0.75,0.12,1.09,-91.84,-66.29,-44.73,121.78,RANDOM_MOVEMENT
16033,0.81,0.72,0.12,1.09,-109.13,-83.79,-66.85,152.97,RANDOM_MOVEMENT
16093,0.72,0.72,0.22,1.04,-47.81,-87.29,-68.32,120.72,RANDOM_MOVEMENT
16152,0.68,0.73,0.29,1.04,-44.80,-79.80,-76.30,119.15,RANDOM_MOVEMENT
16212,0.68,0.77,0.19,1.04,-59.78,-80.71,-79.73,128.24,RANDOM_MOVEMENT
16272,0.73,0.71,0.34,1.07,-117.88,-73.99,-94.92,168.46,RANDOM_MOVEMENT
16331,0.70,0.59,0.40,1.00,-64.26,-33.53,-72.94,102.83,RANDOM_MOVEMENT
16391,0.73,0.67,0.41,1.07,1.68,-7.00,-28.56,29.45,RANDOM_MOVEMENT
16450,0.65,0.64,0.41,1.00,42.98,23.59,-3.64,49.16,RANDOM_MOVEMENT
16510,0.60,0.72,0.36,1.00,36.33,41.51,5.39,55.43,RANDOM_MOVEMENT
16569,0.58,0.69,0.30,0.95,16.52,49.14,15.75,54.18,RANDOM_MOVEMENT
16629,0.53,0.70,0.23,0.91,19.74,47.32,40.18,65.14,RANDOM_MOVEMENT
16689,0.52,0.80,0.28,1.00,28.56,34.51,56.07,71.77,RANDOM_MOVEMENT
16748,0.52,0.83,0.29,1.02,13.23,21.49,44.52,51.18,RANDOM_MOVEMENT
16808,0.52,0.71,0.33,0.94,1.96,8.96,35.14,36.32,RANDOM_MOVEMENT
16867,0.56,0.64,0.27,0.89,45.36,14.42,44.80,65.36,RANDOM_MOVEMENT
16927,0.65,0.66,0.44,1.03,31.64,13.86,39.34,52.35,RANDOM_MOVEMENT
16986,0.79,0.71,0.34,1.12,18.76,7.70,24.50,31.80,RANDOM_MOVEMENT
17046,0.83,0.62,0.31,1.08,-25.62,-13.23,2.87,28.98,RANDOM_MOVEMENT
17106,0.80,0.58,0.26,1.02,-77.14,-64.61,-9.38,101.06,RANDOM_MOVEMENT
17165,0.78,0.53,0.51,1.07,-59.50,-38.71,4.13,71.10,RANDOM_MOVEMENT
17225,0.73,0.57,0.35,0.99,-42.14,-36.26,15.54,57.72,RANDOM_MOVEMENT
17284,0.71,0.58,0.36,0.98,-55.44,-39.48,5.74,68.30,RANDOM_MOVEMENT
17344,0.69,0.70,0.35,1.04,-55.65,-33.11,-20.86,68.03,RANDOM_MOVEMENT
17403,0.67,0.60,0.39,0.97,-42.42,-36.89,-32.27,64.82,RANDOM_MOVEMENT
17463,0.69,0.54,0.35,0.94,-20.93,-25.20,-31.22,45.25,RANDOM_MOVEMENT
17523,0.75,0.49,0.40,0.98,-17.36,-23.17,-22.54,36.69,RANDOM_MOVEMENT
17582,0.85,0.46,0.41,1.05,27.09,-4.06,-11.34,29.65,RANDOM_MOVEMENT
17642,0.89,0.44,0.31,1.04,8.47,2.31,-8.75,12.40,RANDOM_MOVEMENT
17701,0.86,0.38,0.39,1.02,25.55,6.86,0.49,26.46,RANDOM_MOVEMENT
17761,0.80,0.38,0.36,0.96,47.11,14.70,16.87,52.15,RANDOM_MOVEMENT
17820,0.77,0.40,0.33,0.92,61.11,20.58,33.46,72.65,RANDOM_MOVEMENT
17880,0.77,0.46,0.32,0.95,98.28,18.06,45.01,109.59,RANDOM_MOVEMENT
17940,0.80,0.63,0.22,1.04,58.45,8.19,28.28,65.45,RANDOM_MOVEMENT
17999,0.83,0.68,0.21,1.10,5.67,4.48,13.93,15.69,RANDOM_MOVEMENT
18059,0.81,0.66,0.29,1.09,2.17,14.42,2.17,14.74,RANDOM_MOVEMENT
18118,0.79,0.64,0.23,1.04,20.23,27.16,-6.72,34.53,RANDOM_MOVEMENT
18178,0.71,0.68,0.14,1.00,54.32,24.15,-11.48,60.54,RANDOM_MOVEMENT
18237,0.70,0.70,0.16,1.00,17.01,13.51,-22.61,31.35,RANDOM_MOVEMENT
18297,0.71,0.70,0.15,1.01,19.88,7.07,-26.60,33.95,RANDOM_MOVEMENT
18357,0.78,0.66,0.08,1.02,2.87,-2.24,-21.49,21.80,RANDOM_MOVEMENT
18416,0.78,0.60,0.08,0.98,7.91,-6.09,-8.33,13.00,RANDOM_MOVEMENT
18476,0.82,0.52,0.22,0.99,14.35,-2.10,4.41,15.16,RANDOM_MOVEMENT
18535,0.82,0.62,0.11,1.03,-3.22,-19.67,-1.33,19.98,RANDOM_MOVEMENT
18595,0.78,0.63,0.12,1.01,-31.85,-27.16,-5.18,42.18,RANDOM_MOVEMENT
18654,0.70,0.62,0.18,0.96,-20.79,-26.74,1.89,33.92,RANDOM_MOVEMENT
18714,0.54,0.55,0.10,0.78,71.54,-25.83,31.43,82.30,RANDOM_MOVEMENT
18774,0.63,0.70,0.10,0.95,92.40,-6.79,37.17,99.83,RANDOM_MOVEMENT
18833,1.02,0.79,0.41,1.35,-52.99,-13.51,-8.12,55.28,RANDOM_MOVEMENT
18893,0.93,0.61,0.13,1.12,29.33,-4.20,-20.51,36.04,RANDOM_MOVEMENT
18952,0.82,0.52,0.09,0.98,-23.45,5.04,-21.35,32.11,RANDOM_MOVEMENT
19012,0.80,0.74,0.09,1.10,-34.86,-0.42,-7.28,35.61,RANDOM_MOVEMENT
19071,0.81,0.59,0.10,1.01,-18.62,6.79,16.10,25.53,RANDOM_MOVEMENT
19131,0.88,0.66,0.10,1.10,-52.85,2.52,13.58,54.62,RANDOM_MOVEMENT
19191,0.85,0.67,0.09,1.08,-46.34,-2.87,3.57,46.57,RANDOM_MOVEMENT
19250,0.78,0.70,0.16,1.06,-47.67,2.24,-6.93,48.22,RANDOM_MOVEMENT
19310,0.70,0.64,0.18,0.96,-21.14,2.87,-9.73,23.45,RANDOM_MOVEMENT
19369,0.69,0.75,0.16,1.03,-32.20,-5.04,-16.17,36.38,RANDOM_MOVEMENT
19429,0.67,0.60,0.27,0.94,-55.86,-11.62,-20.93,60.77,RANDOM_MOVEMENT
19488,0.67,0.61,0.31,0.96,-32.97,-11.90,-19.88,40.30,RANDOM_MOVEMENT
19548,0.68,0.56,0.38,0.95,-23.03,-12.74,-23.17,35.06,RANDOM_MOVEMENT
19608,0.67,0.59,0.41,0.98,14.49,2.17,-14.42,20.56,RANDOM_MOVEMENT
19667,0.66,0.62,0.35,0.97,5.53,12.25,-8.68,16.00,RANDOM_MOVEMENT
19727,0.72,0.61,0.32,1.00,-7.35,6.79,2.38,10.29,RANDOM_MOVEMENT
19786,0.76,0.63,0.32,1.04,-21.21,-3.85,5.04,22.14,RANDOM_MOVEMENT
19846,0.75,0.61,0.35,1.03,-24.99,-5.53,2.17,25.69,RANDOM_MOVEMENT
19905,0.69,0.55,0.33,0.94,-12.39,3.64,-0.63,12.93,RANDOM_MOVEMENT
19965,0.66,0.57,0.28,0.91,-2.94,0.98,1.54,3.46,RANDOM_MOVEMENT
20025,0.72,0.63,0.31,1.01,-7.77,-8.33,7.98,13.91,RANDOM_MOVEMENT
20084,0.75,0.65,0.32,1.04,-9.66,-17.36,0.07,19.87,RANDOM_MOVEMENT
20144,0.74,0.61,0.35,1.02,-13.02,-21.49,-0.98,25.15,RANDOM_MOVEMENT
20203,0.74,0.59,0.38,1.02,-12.32,-21.35,-1.96,24.73,RANDOM_MOVEMENT
20263,0.70,0.58,0.37,0.98,-9.66,-17.29,-2.80,20.00,RANDOM_MOVEMENT
20322,0.70,0.59,0.38,1.00,-7.77,-11.27,-2.52,13.92,RANDOM_MOVEMENT
20382,0.78,0.81,0.38,1.19,-56.35,3.29,-29.12,63.51,RANDOM_MOVEMENT
20442,0.69,0.57,0.44,1.00,-40.74,6.51,-36.33,54.97,RANDOM_MOVEMENT
20501,0.68,0.64,0.42,1.03,-20.09,10.01,-32.69,39.65,RANDOM_MOVEMENT
20561,0.66,0.52,0.44,0.94,-0.28,14.42,-19.88,24.56,RANDOM_MOVEMENT
20620,0.66,0.58,0.40,0.97,33.74,17.36,-6.16,38.44,RANDOM_MOVEMENT
20680,0.65,0.61,0.39,0.97,32.41,5.60,-0.42,32.89,RANDOM_MOVEMENT
20739,0.69,0.78,0.38,1.11,-2.80,14.35,-17.92,23.13,RANDOM_MOVEMENT
20799,0.67,0.69,0.47,1.07,-67.55,16.73,-35.07,77.93,RANDOM_MOVEMENT
20859,0.60,0.73,0.57,1.11,-44.10,17.85,-29.54,56.00,RANDOM_MOVEMENT
20918,0.53,0.61,0.45,0.92,-10.43,16.66,-22.68,30.01,RANDOM_MOVEMENT
20978,0.53,0.56,0.40,0.87,-0.56,-12.46,-18.90,22.64,RANDOM_MOVEMENT
21037,0.64,0.54,0.60,1.03,65.31,12.46,8.05,66.97,RANDOM_MOVEMENT
21097,0.52,0.75,0.33,0.97,-10.85,-1.96,7.56,13.37,RANDOM_MOVEMENT
21156,0.52,0.45,0.46,0.83,45.50,-21.35,32.48,59.84,RANDOM_MOVEMENT
21216,0.64,0.85,0.27,1.10,66.36,-4.27,20.37,69.55,RANDOM_MOVEMENT
21276,0.60,0.75,0.48,1.07,-17.43,-12.04,-4.20,21.60,RANDOM_MOVEMENT
21335,0.58,0.77,0.44,1.06,-1.82,-3.50,-18.76,19.17,RANDOM_MOVEMENT
21395,0.58,0.67,0.51,1.02,7.07,8.89,-10.43,15.42,RANDOM_MOVEMENT
21454,0.56,0.78,0.42,1.05,35.77,12.46,-8.75,38.88,RANDOM_MOVEMENT
21514,0.54,0.74,0.38,0.99,-12.60,5.67,-19.25,23.70,RANDOM_MOVEMENT
21573,0.45,0.67,0.50,0.95,-3.01,5.81,-18.13,19.27,RANDOM_MOVEMENT
21633,0.49,0.73,0.40,0.97,0.98,7.14,-13.16,15.00,RANDOM_MOVEMENT
21692,0.57,0.74,0.55,1.08,14.70,18.06,-14.49,27.43,RANDOM_MOVEMENT
21752,0.52,0.92,0.28,1.09,14.56,28.63,-17.64,36.64,RANDOM_MOVEMENT
21812,0.40,0.63,0.42,0.86,3.85,15.26,-9.17,18.21,RANDOM_MOVEMENT
21871,0.46,1.07,0.36,1.22,43.61,13.02,-3.64,45.66,RANDOM_MOVEMENT
21931,0.39,0.79,0.42,0.98,41.37,5.18,6.93,42.27,RANDOM_MOVEMENT
21990,0.39,1.05,0.40,1.19,-4.55,7.21,-9.31,12.62,RANDOM_MOVEMENT
22050,0.31,0.86,0.38,0.99,16.10,4.41,-6.58,17.94,RANDOM_MOVEMENT
22109,0.26,0.93,0.30,1.01,15.47,0.91,-20.51,25.71,RANDOM_MOVEMENT
22169,0.25,0.83,0.29,0.91,8.61,-5.95,-24.36,26.51,RANDOM_MOVEMENT
22229,0.29,0.84,0.20,0.91,-19.32,-14.63,-15.68,28.86,RANDOM_MOVEMENT
22288,0.31,0.94,0.30,1.04,9.31,-9.94,-18.13,22.68,RANDOM_MOVEMENT
22348,0.33,0.91,0.33,1.03,5.18,-7.49,-25.76,27.32,RANDOM_MOVEMENT
22407,0.32,0.92,0.35,1.03,2.66,-12.32,-22.05,25.40,RANDOM_MOVEMENT
22467,0.30,0.90,0.31,1.00,-13.79,-17.22,-21.49,30.80,RANDOM_MOVEMENT
22526,0.28,0.90,0.38,1.02,-6.09,-10.22,-15.96,19.91,RANDOM_MOVEMENT
22586,0.30,0.87,0.41,1.01,-16.24,-4.34,-12.67,21.05,RANDOM_MOVEMENT
22646,0.25,0.91,0.39,1.02,-10.01,-12.74,-12.39,20.40,RANDOM_MOVEMENT
22705,0.22,0.89,0.39,1.00,-10.50,-11.13,-13.23,20.23,RANDOM_MOVEMENT
22765,0.20,0.86,0.40,0.97,-4.20,-7.14,-8.68,12.00,RANDOM_MOVEMENT
22824,0.21,0.90,0.40,1.00,-1.05,-4.76,-3.99,6.30,RANDOM_MOVEMENT
22884,0.25,0.89,0.45,1.03,0.00,-4.20,-4.62,6.24,RANDOM_MOVEMENT
22943,0.24,0.91,0.42,1.03,-2.24,-4.83,-6.44,8.36,RANDOM_MOVEMENT
23003,0.23,0.86,0.40,0.98,-0.70,-2.66,-3.08,4.13,RANDOM_MOVEMENT
23063,0.20,0.88,0.38,0.98,-1.33,-6.93,-1.82,7.29,RANDOM_MOVEMENT
23122,0.23,0.90,0.39,1.01,-2.66,-10.15,-1.26,10.57,RANDOM_MOVEMENT
23182,0.24,0.93,0.42,1.04,1.68,-8.54,-2.45,9.04,RANDOM_MOVEMENT
23241,0.26,0.90,0.37,1.01,0.14,-2.03,-2.31,3.08,RANDOM_MOVEMENT
23301,0.26,0.86,0.38,0.97,-1.19,-7.56,3.64,8.47,RANDOM_MOVEMENT
23360,0.24,0.89,0.39,1.01,1.33,-6.51,4.41,7.97,RANDOM_MOVEMENT
23420,0.21,1.02,0.40,1.12,15.82,4.41,-0.21,16.42,RANDOM_MOVEMENT
23480,0.25,0.85,0.36,0.95,-17.64,4.34,-4.34,18.68,RANDOM_MOVEMENT
23539,0.28,0.85,0.39,0.97,2.87,-0.42,5.04,5.82,RANDOM_MOVEMENT
23599,0.26,0.91,0.40,1.03,2.52,-1.68,2.66,4.03,RANDOM_MOVEMENT
23658,0.23,0.93,0.35,1.02,2.45,-7.42,-0.63,7.84,RANDOM_MOVEMENT
23718,0.27,0.81,0.50,0.99,22.54,-8.54,9.94,26.07,RANDOM_MOVEMENT
23777,0.25,0.88,0.42,1.01,10.08,-1.05,4.13,10.94,RANDOM_MOVEMENT
23837,0.26,0.87,0.44,1.01,10.29,8.96,1.05,13.68,RANDOM_MOVEMENT
23897,0.24,0.99,0.39,1.09,18.13,17.85,-1.40,25.48,RANDOM_MOVEMENT
23956,0.31,0.85,0.32,0.96,-21.91,-0.28,-8.12,23.37,RANDOM_MOVEMENT
24016,0.31,0.78,0.34,0.90,-5.53,-1.26,3.85,6.85,RANDOM_MOVEMENT
24075,0.30,0.99,0.31,1.08,-6.02,-11.48,4.62,13.76,RANDOM_MOVEMENT
24135,0.20,0.92,0.41,1.03,-4.97,-13.86,-0.56,14.73,RANDOM_MOVEMENT
24194,0.25,0.84,0.58,1.05,11.27,3.15,3.08,12.10,RANDOM_MOVEMENT
24254,0.19,0.63,0.06,0.66,-0.84,-6.09,6.16,8.70,RANDOM_MOVEMENT
24314,0.33,0.83,0.37,0.97,10.78,-10.36,7.91,16.91,RANDOM_MOVEMENT
24373,0.29,0.91,0.40,1.03,4.62,-5.46,15.26,16.85,RANDOM_MOVEMENT
24433,0.28,0.95,0.51,1.11,14.42,6.58,14.98,21.81,RANDOM_MOVEMENT
24492,0.27,0.97,0.34,1.06,19.46,9.94,7.91,23.24,RANDOM_MOVEMENT
24552,0.30,0.87,0.19,0.94,-5.32,-2.87,2.38,6.50,RANDOM_MOVEMENT
24611,0.31,0.71,0.40,0.87,13.51,3.92,13.09,19.22,RANDOM_MOVEMENT
24671,0.37,0.96,0.29,1.07,13.16,4.69,3.71,14.45,RANDOM_MOVEMENT
24731,0.32,1.18,0.26,1.25,-2.73,7.91,-5.81,10.19,RANDOM_MOVEMENT
24790,0.26,0.94,0.28,1.01,-2.59,0.84,-4.83,5.54,RANDOM_MOVEMENT
24850,0.28,0.91,0.18,0.97,-8.33,-21.63,-11.55,25.90,RANDOM_MOVEMENT
24909,0.32,0.91,0.30,1.01,-30.17,-31.64,-15.26,46.31,RANDOM_MOVEMENT
24969,0.32,0.90,0.27,0.99,-90.23,-35.28,-24.15,99.85,RANDOM_MOVEMENT
25028,0.22,0.76,0.40,0.89,-96.25,-35.14,-19.81,104.36,RANDOM_MOVEMENT
25088,0.24,0.74,0.44,0.90,-76.79,-40.11,-2.59,86.67,RANDOM_MOVEMENT
25148,0.33,0.69,0.71,1.04,33.95,-27.44,16.87,46.80,RANDOM_MOVEMENT
25207,0.32,0.87,0.57,1.09,5.46,-6.02,21.91,23.37,RANDOM_MOVEMENT
25267,0.33,0.66,0.59,0.95,21.35,8.89,40.53,46.66,RANDOM_MOVEMENT
25326,0.40,0.73,0.48,0.96,22.26,8.68,60.34,64.90,RANDOM_MOVEMENT
25386,0.45,0.62,0.46,0.89,23.59,-2.80,79.10,82.59,RANDOM_MOVEMENT
25445,0.54,0.59,0.34,0.87,20.58,-12.32,94.43,97.43,RANDOM_MOVEMENT
25505,0.75,0.77,0.34,1.12,-10.71,-0.21,94.99,95.59,RANDOM_MOVEMENT
25565,0.87,0.73,0.40,1.20,11.34,-7.91,85.33,86.44,RANDOM_MOVEMENT
25624,0.82,0.74,0.35,1.16,21.14,-3.22,65.45,68.85,RANDOM_MOVEMENT
25684,0.77,0.59,0.42,1.06,24.43,1.89,55.16,60.36,RANDOM_MOVEMENT
25743,0.81,0.57,0.39,1.06,23.73,8.54,46.27,52.70,RANDOM_MOVEMENT
25803,0.84,0.50,0.43,1.06,27.44,16.10,38.71,50.11,RANDOM_MOVEMENT
25862,0.82,0.47,0.39,1.02,33.32,20.30,28.91,48.56,RANDOM_MOVEMENT
25922,0.79,0.42,0.40,0.98,20.58,18.76,25.27,37.60,RANDOM_MOVEMENT
25982,0.80,0.43,0.43,1.00,24.08,18.06,23.10,37.94,RANDOM_MOVEMENT
26041,0.80,0.41,0.43,1.00,20.23,18.13,19.60,33.50,RANDOM_MOVEMENT
26101,0.77,0.41,0.43,0.97,0.70,14.49,15.75,21.41,RANDOM_MOVEMENT
26160,0.77,0.40,0.45,0.98,4.76,7.28,12.46,15.20,RANDOM_MOVEMENT
26220,0.76,0.40,0.43,0.96,3.29,3.78,8.33,9.72,RANDOM_MOVEMENT
26279,0.77,0.41,0.46,0.99,-3.78,-3.01,2.66,5.52,RANDOM_MOVEMENT
26339,0.80,0.39,0.48,1.01,-2.24,-2.24,-1.40,3.46,RANDOM_MOVEMENT
26399,0.81,0.39,0.45,1.00,2.94,2.03,-1.05,3.72,RANDOM_MOVEMENT
26458,0.76,0.38,0.43,0.95,3.57,-1.82,-2.94,4.97,RANDOM_MOVEMENT
26518,0.74,0.39,0.40,0.93,-3.71,-12.39,-6.44,14.45,RANDOM_MOVEMENT
26577,0.81,0.41,0.44,1.00,-10.64,-22.61,-6.30,25.77,RANDOM_MOVEMENT
26637,0.85,0.42,0.44,1.04,-17.78,-24.08,-10.08,31.58,RANDOM_MOVEMENT
26696,0.87,0.39,0.44,1.05,-13.86,-17.50,-12.18,25.43,RANDOM_MOVEMENT
26756,0.87,0.37,0.42,1.03,-8.19,-8.68,-10.92,16.18,RANDOM_MOVEMENT
26816,0.83,0.37,0.39,0.99,-9.17,-3.08,-8.19,12.67,RANDOM_MOVEMENT
26875,0.78,0.37,0.38,0.95,-9.52,-3.08,-3.29,10.53,RANDOM_MOVEMENT
26935,0.80,0.39,0.39,0.97,-3.71,-0.14,-2.31,4.37,RANDOM_MOVEMENT
26994,0.80,0.42,0.37,0.98,-11.83,-6.58,-5.81,14.73,RANDOM_MOVEMENT
27054,0.84,0.43,0.33,1.00,-27.44,-27.30,-2.66,38.80,RANDOM_MOVEMENT
27113,0.94,0.46,0.39,1.12,-28.07,-36.68,-4.48,46.40,RANDOM_MOVEMENT
27173,0.88,0.45,0.31,1.04,-68.74,-32.13,-40.53,86.02,RANDOM_MOVEMENT
27233,0.80,0.29,0.41,0.94,-72.80,-30.59,-41.16,89.05,RANDOM_MOVEMENT
27292,0.78,0.26,0.48,0.95,-50.75,-15.19,-25.13,58.63,RANDOM_MOVEMENT
27352,1.02,0.21,0.59,1.20,17.29,27.44,-16.31,36.30,RANDOM_MOVEMENT
27411,1.00,0.18,0.46,1.11,100.24,47.81,15.54,112.14,RANDOM_MOVEMENT
27471,0.82,0.33,0.35,0.95,115.99,52.64,21.28,129.14,RANDOM_MOVEMENT
27530,0.81,0.46,0.29,0.98,50.40,32.97,20.30,63.56,RANDOM_MOVEMENT
27590,0.86,0.54,0.29,1.05,-12.88,13.72,12.60,22.65,RANDOM_MOVEMENT
27650,0.88,0.49,0.36,1.06,6.93,13.02,-4.83,15.52,RANDOM_MOVEMENT
27709,0.81,0.45,0.37,1.00,53.34,17.92,-10.15,57.18,RANDOM_MOVEMENT
27769,0.78,0.44,0.35,0.96,57.82,21.56,-2.10,61.74,RANDOM_MOVEMENT
27828,0.75,0.50,0.35,0.97,71.26,21.70,27.58,79.43,RANDOM_MOVEMENT
27888,0.78,0.65,0.38,1.08,49.70,24.22,34.37,65.10,RANDOM_MOVEMENT
27947,0.69,0.58,0.40,0.99,31.22,9.31,28.70,43.42,RANDOM_MOVEMENT
28007,0.68,0.63,0.43,1.02,26.32,15.82,24.01,38.98,RANDOM_MOVEMENT
28067,0.80,0.61,0.48,1.12,38.36,13.30,23.31,46.82,RANDOM_MOVEMENT
28126,0.63,0.73,0.35,1.03,26.53,24.08,6.30,36.38,RANDOM_MOVEMENT
28186,0.71,0.63,0.35,1.01,13.79,13.51,-0.98,19.33,RANDOM_MOVEMENT
28245,0.63,0.58,0.29,0.90,6.86,10.29,-15.89,20.14,RANDOM_MOVEMENT
28305,0.41,0.40,0.36,0.67,12.32,-2.17,-7.14,14.40,RANDOM_MOVEMENT
28364,0.61,0.48,0.32,0.84,12.11,-25.97,7.28,29.57,RANDOM_MOVEMENT
28424,0.71,0.76,0.35,1.09,-5.04,-6.86,-8.19,11.81,RANDOM_MOVEMENT
28484,0.81,0.50,0.38,1.03,-12.53,-9.87,-15.26,22.07,RANDOM_MOVEMENT
28543,0.65,0.48,0.33,0.87,-19.67,3.85,-16.24,25.80,RANDOM_MOVEMENT
28603,0.62,0.38,0.26,0.77,-3.78,-7.00,-0.35,7.96,RANDOM_MOVEMENT
28662,0.69,0.58,0.26,0.94,0.98,-13.09,7.91,15.33,RANDOM_MOVEMENT
28722,0.75,0.61,0.37,1.03,7.98,-6.65,11.69,15.64,RANDOM_MOVEMENT
28781,0.74,0.57,0.28,0.98,-3.22,-0.98,16.10,16.45,RANDOM_MOVEMENT
28841,0.78,0.51,0.23,0.96,-29.61,20.16,6.86,36.47,RANDOM_MOVEMENT
28901,0.54,0.23,0.18,0.61,7.35,-20.65,34.86,41.18,RANDOM_MOVEMENT
28960,0.78,0.56,0.35,1.03,47.18,-19.11,27.16,57.70,RANDOM_MOVEMENT
29020,0.77,0.46,0.32,0.95,-7.00,-19.39,18.13,27.45,RANDOM_MOVEMENT
29079,0.87,0.43,0.32,1.02,-3.43,-20.02,15.05,25.28,RANDOM_MOVEMENT
29139,0.94,0.41,0.37,1.08,-9.10,-20.93,19.04,29.72,RANDOM_MOVEMENT
29198,0.92,0.39,0.35,1.06,-11.55,-10.92,14.70,21.65,RANDOM_MOVEMENT
29258,0.95,0.36,0.34,1.07,-1.96,-3.85,10.01,10.90,RANDOM_MOVEMENT
29317,0.94,0.35,0.31,1.05,5.53,0.98,15.33,16.33,RANDOM_MOVEMENT
29377,0.98,0.31,0.36,1.08,24.78,11.83,26.74,38.33,RANDOM_MOVEMENT
29437,1.02,0.41,0.40,1.17,103.46,58.59,36.05,124.24,RANDOM_MOVEMENT
29496,0.92,0.33,0.31,1.03,226.66,114.38,47.04,258.21,RANDOM_MOVEMENT
29556,0.86,0.51,0.21,1.02,99.40,76.30,10.43,125.74,RANDOM_MOVEMENT
29615,0.80,0.34,0.22,0.89,-42.49,13.58,-0.07,44.61,RANDOM_MOVEMENT
29675,0.73,0.24,0.25,0.81,-58.52,-10.01,11.69,60.51,RANDOM_MOVEMENT
29734,0.72,0.30,0.27,0.82,-18.20,-25.97,34.65,46.97,RANDOM_MOVEMENT
29794,0.76,0.39,0.35,0.93,-10.22,-35.56,36.40,51.90,RANDOM_MOVEMENT
29854,0.82,0.43,0.43,1.02,-1.12,-40.18,25.55,47.63,RANDOM_MOVEMENT
29913,0.88,0.46,0.46,1.09,-9.80,-39.83,2.87,41.12,RANDOM_MOVEMENT
29973,0.93,0.37,0.45,1.10,-19.39,-31.99,-18.41,41.69,RANDOM_MOVEMENT
30032,0.93,0.34,0.41,1.07,-14.63,-25.69,-27.51,40.38,RANDOM_MOVEMENT
30092,0.92,0.30,0.36,1.03,-26.18,-21.98,-33.25,47.69,RANDOM_MOVEMENT
30151,0.92,0.28,0.30,1.00,-20.30,-11.76,-26.60,35.47,RANDOM_MOVEMENT
30211,0.92,0.29,0.24,0.99,-14.00,-3.92,-12.32,19.06,RANDOM_MOVEMENT
30271,0.94,0.33,0.20,1.01,-7.91,-4.27,0.49,9.00,RANDOM_MOVEMENT
30330,0.93,0.35,0.21,1.01,-10.22,-5.95,3.71,12.39,RANDOM_MOVEMENT
30390,0.93,0.36,0.20,1.02,-10.85,-4.34,4.20,12.42,RANDOM_MOVEMENT
30449,0.93,0.35,0.21,1.01,-2.10,-0.70,4.13,4.69,RANDOM_MOVEMENT
30509,0.90,0.35,0.21,0.99,-3.15,-3.29,2.59,5.24,RANDOM_MOVEMENT
30568,0.90,0.35,0.22,0.99,-3.08,-6.02,-0.28,6.77,RANDOM_MOVEMENT
30628,0.90,0.34,0.23,0.98,-3.92,-6.86,-3.15,8.51,RANDOM_MOVEMENT
30688,0.90,0.33,0.24,0.98,-1.61,-8.47,-2.45,8.96,RANDOM_MOVEMENT
30747,0.91,0.33,0.25,0.99,-0.07,-8.19,-1.68,8.36,RANDOM_MOVEMENT
30807,0.92,0.33,0.25,1.01,0.56,-6.44,-1.33,6.60,RANDOM_MOVEMENT
30866,0.92,0.34,0.25,1.01,-0.63,-4.41,-2.17,4.96,RANDOM_MOVEMENT
30926,0.91,0.33,0.25,1.00,-1.47,-3.08,-2.03,3.97,RANDOM_MOVEMENT
30985,0.91,0.33,0.25,1.00,-1.75,-2.10,-1.75,3.25,RANDOM_MOVEMENT
31045,0.91,0.33,0.24,1.00,0.07,-0.70,-1.26,1.44,RANDOM_MOVEMENT
31105,0.92,0.33,0.23,1.00,-0.35,-0.42,-1.12,1.25,RANDOM_MOVEMENT
Recording stopped
