Recording started
time,accelX,accelY,accelZ,accelMagnitude,gyroX,gyroY,gyroZ,gyroMagnitude,activity
9,-0.37,0.57,0.76,1.02,1.96,2.52,-6.93,7.63,RANDOM_MOVEMENT
67,-0.40,0.55,0.72,0.99,9.31,0.28,-6.23,11.21,RANDOM_MOVEMENT
127,-0.42,0.58,0.73,1.02,7.21,-3.15,-7.70,11.01,RANDOM_MOVEMENT
187,-0.42,0.59,0.74,1.04,11.27,-5.18,-14.35,18.97,RANDOM_MOVEMENT
246,-0.38,0.62,0.81,1.09,6.23,-2.31,-28.42,29.19,RANDOM_MOVEMENT
306,-0.32,0.58,0.81,1.05,24.36,9.31,-25.34,36.36,RANDOM_MOVEMENT
365,-0.42,0.75,0.65,1.08,22.12,-13.86,-19.81,32.77,RANDOM_MOVEMENT
425,-0.23,0.70,0.75,1.05,43.75,-14.84,-27.65,53.84,RANDOM_MOVEMENT
484,-0.11,0.62,0.70,0.94,53.83,-6.02,-33.95,63.93,RANDOM_MOVEMENT
544,-0.13,0.76,0.73,1.06,35.70,-21.70,-55.93,69.81,RANDOM_MOVEMENT
604,-0.21,0.64,0.72,0.99,10.57,-41.09,-55.02,69.48,RANDOM_MOVEMENT
663,-0.34,0.50,0.74,0.95,-7.63,-75.88,-41.09,86.63,RANDOM_MOVEMENT
723,-0.28,0.39,0.72,0.87,-11.34,-83.65,-14.42,85.64,RANDOM_MOVEMENT
782,-0.32,0.27,0.97,1.06,-9.66,-53.06,29.61,61.53,RANDOM_MOVEMENT
842,-0.33,0.34,1.11,1.20,-17.15,-6.72,79.80,81.90,RANDOM_MOVEMENT
901,-0.37,0.44,1.12,1.26,-18.48,65.52,130.06,146.80,RANDOM_MOVEMENT
961,-0.32,0.67,0.88,1.15,-13.58,119.70,158.48,199.07,RANDOM_MOVEMENT
1021,-0.38,0.81,0.53,1.04,-22.68,117.53,157.29,197.66,RANDOM_MOVEMENT
1080,-0.34,0.96,0.40,1.10,-78.54,107.73,107.87,171.49,RANDOM_MOVEMENT
1140,-0.36,1.03,0.47,1.19,-159.74,81.62,39.83,183.75,RANDOM_MOVEMENT
1199,-0.44,0.47,0.74,0.98,-57.96,57.12,45.01,92.99,RANDOM_MOVEMENT
1259,-0.43,0.57,0.70,1.00,4.27,41.23,50.19,65.09,RANDOM_MOVEMENT
1318,-0.49,0.39,0.81,1.02,25.97,33.25,56.91,70.84,RANDOM_MOVEMENT
1378,-0.54,0.46,0.88,1.13,7.63,45.92,68.74,83.02,RANDOM_MOVEMENT
1438,-0.52,0.47,0.67,0.97,-61.46,60.34,61.39,105.77,RANDOM_MOVEMENT
1497,-0.50,0.46,0.79,1.04,-44.03,54.53,68.74,98.17,RANDOM_MOVEMENT
1557,-0.49,0.46,0.62,0.91,-52.50,46.41,62.30,93.76,RANDOM_MOVEMENT
1616,-0.58,0.49,0.59,0.97,-41.09,18.69,57.82,73.35,RANDOM_MOVEMENT
1676,-0.50,0.54,0.74,1.05,-33.39,-2.10,51.87,61.72,RANDOM_MOVEMENT
1735,-0.45,0.58,0.71,1.02,-6.09,-10.50,40.39,42.17,RANDOM_MOVEMENT
1795,-0.38,0.79,0.59,1.06,13.09,-37.24,17.57,43.21,RANDOM_MOVEMENT
1855,-0.53,0.62,0.71,1.08,-25.48,-56.00,-22.75,65.60,RANDOM_MOVEMENT
1914,-0.54,0.59,0.74,1.09,-8.89,-36.75,-45.29,59.00,RANDOM_MOVEMENT
1974,-0.45,0.68,0.75,1.11,44.87,-49.14,-66.29,93.93,RANDOM_MOVEMENT
2033,-0.39,0.87,0.67,1.17,121.66,-42.35,-103.53,165.27,RANDOM_MOVEMENT
2093,-0.31,0.81,0.66,1.09,102.06,-44.80,-145.25,183.09,RANDOM_MOVEMENT
2152,-0.17,0.83,0.67,1.08,96.39,-45.50,-144.97,179.94,RANDOM_MOVEMENT
2212,-0.14,0.77,0.88,1.18,86.73,-40.88,-123.97,156.72,RANDOM_MOVEMENT
2272,-0.20,0.80,0.86,1.19,57.61,-40.60,-109.76,130.44,RANDOM_MOVEMENT
2331,-0.27,0.61,0.82,1.06,-22.05,-43.19,-94.85,106.53,RANDOM_MOVEMENT
2391,-0.31,0.55,0.81,1.03,-24.29,-37.66,-53.34,69.67,RANDOM_MOVEMENT
2450,-0.44,0.52,0.72,0.99,-21.56,-24.85,-38.92,50.96,RANDOM_MOVEMENT
2510,-0.59,0.18,0.62,0.88,-30.45,-34.51,-7.91,46.70,RANDOM_MOVEMENT
2569,-0.41,0.35,0.67,0.86,-10.22,-52.99,12.74,55.45,RANDOM_MOVEMENT
2629,-0.19,0.50,0.84,1.00,-13.02,-30.87,3.29,33.66,RANDOM_MOVEMENT
2689,-0.18,0.43,0.90,1.02,-11.90,-20.02,1.75,23.36,RANDOM_MOVEMENT
2748,-0.24,0.37,0.81,0.93,-13.44,-8.89,10.36,19.16,RANDOM_MOVEMENT
2808,-0.36,0.31,0.84,0.97,-6.86,-7.63,31.43,33.06,RANDOM_MOVEMENT
2867,-0.43,0.50,0.80,1.04,9.24,-2.66,25.27,27.04,RANDOM_MOVEMENT
2927,-0.57,0.45,0.73,1.03,-22.89,-18.90,9.24,31.09,RANDOM_MOVEMENT
2986,-0.44,0.39,0.83,1.02,3.22,-13.44,11.20,17.79,RANDOM_MOVEMENT
3046,-0.25,0.46,0.83,0.99,2.94,-13.65,2.52,14.19,RANDOM_MOVEMENT
3106,-0.22,0.56,1.01,1.18,-16.10,-11.69,-16.66,25.95,RANDOM_MOVEMENT
3165,-0.28,0.49,0.94,1.10,11.62,18.13,-28.98,36.10,RANDOM_MOVEMENT
3225,-0.41,0.40,0.84,1.01,-1.12,23.31,-32.20,39.77,RANDOM_MOVEMENT
3284,-0.34,0.35,0.73,0.88,-10.29,13.65,-28.63,33.34,RANDOM_MOVEMENT
3344,-0.38,0.39,0.75,0.93,-3.85,1.33,-18.06,18.51,RANDOM_MOVEMENT
3403,-0.40,0.35,0.88,1.02,-0.98,-1.82,-5.11,5.51,RANDOM_MOVEMENT
3463,-0.34,0.39,0.94,1.07,-8.68,0.98,0.77,8.77,RANDOM_MOVEMENT
3523,-0.37,0.36,0.84,0.99,-7.07,3.50,2.94,8.42,RANDOM_MOVEMENT
3582,-0.41,0.34,0.87,1.02,-16.87,-3.64,3.71,17.65,RANDOM_MOVEMENT
3642,-0.46,0.27,0.85,1.00,-10.43,-6.09,17.29,21.09,RANDOM_MOVEMENT
3701,-0.46,0.38,0.84,1.04,1.19,-15.05,20.93,25.81,RANDOM_MOVEMENT
3761,-0.50,0.34,1.03,1.20,-23.59,-13.79,10.01,29.10,RANDOM_MOVEMENT
3820,-0.48,0.31,0.97,1.13,-32.83,-8.05,5.74,34.29,RANDOM_MOVEMENT
3880,-0.45,0.29,0.86,1.02,-32.83,-11.06,5.53,35.08,RANDOM_MOVEMENT
3939,-0.41,0.32,0.86,1.01,-40.81,-26.11,-1.89,48.48,RANDOM_MOVEMENT
3999,-0.40,0.22,0.88,0.99,-39.41,-31.85,-9.10,51.48,RANDOM_MOVEMENT
4059,-0.45,0.05,0.97,1.07,-44.80,-27.65,-7.35,53.16,RANDOM_MOVEMENT
4118,-0.35,0.17,0.97,1.05,-33.60,-31.57,-5.67,46.45,RANDOM_MOVEMENT
4178,-0.30,0.06,0.98,1.03,-37.31,-26.11,-1.05,45.55,RANDOM_MOVEMENT
4237,-0.23,0.04,1.02,1.05,-27.30,-16.52,5.95,32.46,RANDOM_MOVEMENT
4297,-0.24,0.02,0.96,0.99,-29.26,-15.19,10.57,34.62,RANDOM_MOVEMENT
4356,-0.24,-0.07,1.02,1.05,-21.77,-16.52,21.77,34.94,RANDOM_MOVEMENT
4416,-0.22,-0.02,1.03,1.05,-20.37,-14.77,36.54,44.37,RANDOM_MOVEMENT
4476,-0.25,0.03,1.09,1.12,-67.62,-7.49,23.10,71.85,RANDOM_MOVEMENT
4535,-0.22,-0.06,1.00,1.03,-27.51,-2.24,37.66,46.69,RANDOM_MOVEMENT
4595,-0.23,-0.23,1.18,1.22,8.47,-4.97,48.23,49.22,RANDOM_MOVEMENT
4654,-0.21,-0.13,1.01,1.04,-14.35,12.18,47.39,50.99,RANDOM_MOVEMENT
4714,-0.21,-0.17,0.88,0.92,-12.60,0.07,62.09,63.36,RANDOM_MOVEMENT
4773,-0.23,0.03,0.89,0.92,-8.12,-6.30,57.26,58.18,RANDOM_MOVEMENT
4833,-0.26,0.02,0.94,0.98,-0.84,-21.49,40.74,46.07,RANDOM_MOVEMENT
4893,-0.16,0.01,0.89,0.90,-12.11,-31.08,21.21,39.53,RANDOM_MOVEMENT
4952,-0.18,0.05,0.98,0.99,12.39,-33.04,2.66,35.39,RANDOM_MOVEMENT
5012,-0.21,-0.23,1.21,1.26,10.29,-14.63,-6.09,18.89,RANDOM_MOVEMENT
5071,-0.21,-0.01,1.17,1.19,39.48,10.01,6.51,41.25,RANDOM_MOVEMENT
5131,-0.30,-0.07,1.19,1.23,-26.25,31.50,-8.47,41.87,RANDOM_MOVEMENT
5190,-0.33,-0.12,1.22,1.27,-7.84,72.66,2.52,73.13,RANDOM_MOVEMENT
5250,-0.35,0.05,0.99,1.05,-35.49,89.60,-11.90,97.10,RANDOM_MOVEMENT
5310,-0.39,-0.03,0.97,1.04,-48.23,90.16,-24.22,105.08,RANDOM_MOVEMENT
5369,-0.46,-0.10,0.82,0.95,-24.01,85.05,-26.04,92.13,RANDOM_MOVEMENT
5429,-0.50,-0.16,0.77,0.93,-5.11,69.16,-28.91,75.13,RANDOM_MOVEMENT
5488,-0.50,-0.12,0.77,0.93,-8.05,51.52,-32.41,61.40,RANDOM_MOVEMENT
5548,-0.51,-0.27,0.79,0.98,3.78,42.00,-26.74,49.93,RANDOM_MOVEMENT
5607,-0.56,-0.34,0.71,0.96,-7.35,26.60,-21.35,34.89,RANDOM_MOVEMENT
5667,-0.68,-0.40,0.70,1.05,-13.02,12.46,-10.22,20.72,RANDOM_MOVEMENT
5727,-0.77,-0.31,0.66,1.06,-17.85,-5.60,-7.28,20.07,RANDOM_MOVEMENT
5786,-0.72,-0.23,0.73,1.05,-27.79,-7.07,-13.09,31.52,RANDOM_MOVEMENT
5846,-0.60,-0.25,0.72,0.97,-21.28,3.08,-13.93,25.62,RANDOM_MOVEMENT
5905,-0.59,-0.32,0.68,0.95,-20.30,5.46,-10.57,23.53,RANDOM_MOVEMENT
5965,-0.62,-0.38,0.64,0.97,-22.12,-2.03,-6.79,23.23,RANDOM_MOVEMENT
6024,-0.64,-0.45,0.66,1.02,-19.67,-14.35,0.28,24.35,RANDOM_MOVEMENT
6084,-0.54,-0.41,0.59,0.90,-9.52,-21.00,11.27,25.66,RANDOM_MOVEMENT
6144,-0.44,-0.26,0.51,0.72,1.82,-35.07,17.50,39.24,RANDOM_MOVEMENT
6203,-0.44,-0.26,0.63,0.81,19.25,-43.26,23.17,52.71,RANDOM_MOVEMENT
6263,-0.43,-0.30,0.62,0.82,47.32,-46.13,32.69,73.73,RANDOM_MOVEMENT
6322,-0.45,-0.18,0.71,0.86,54.88,-34.65,47.53,80.45,RANDOM_MOVEMENT
6382,-0.49,-0.08,0.82,0.96,85.61,-34.65,49.07,104.58,RANDOM_MOVEMENT
6441,-0.60,0.09,0.82,1.02,83.09,-17.22,39.55,93.62,RANDOM_MOVEMENT
6501,-0.61,0.29,0.82,1.06,129.99,-8.96,33.81,134.61,RANDOM_MOVEMENT
6561,-0.60,0.51,0.58,0.97,147.14,-20.86,7.35,148.79,RANDOM_MOVEMENT
6620,-0.65,0.37,0.90,1.17,112.07,-25.83,-34.72,120.13,RANDOM_MOVEMENT
6680,-0.62,0.42,0.87,1.15,125.72,-33.11,-32.55,134.02,RANDOM_MOVEMENT
6739,-0.58,0.55,0.88,1.19,97.37,-31.99,-42.00,110.76,RANDOM_MOVEMENT
6799,-0.56,0.41,1.05,1.26,40.67,-24.50,-44.24,64.90,RANDOM_MOVEMENT
6858,-0.46,0.34,1.03,1.18,-2.94,4.76,-10.22,11.65,RANDOM_MOVEMENT
6918,-0.33,0.40,0.73,0.89,-5.74,-2.10,23.52,24.30,RANDOM_MOVEMENT
6978,-0.31,0.66,0.77,1.06,26.11,-32.69,35.21,54.68,RANDOM_MOVEMENT
7037,-0.39,0.53,0.82,1.05,-1.82,-38.99,21.00,44.32,RANDOM_MOVEMENT
7097,-0.47,0.32,0.89,1.06,-44.31,-16.87,19.04,51.09,RANDOM_MOVEMENT
7156,-0.28,0.58,0.79,1.02,-10.43,-11.20,20.09,25.26,RANDOM_MOVEMENT
7216,-0.30,0.52,0.84,1.03,-13.02,-15.54,11.06,23.09,RANDOM_MOVEMENT
7275,-0.26,0.50,0.83,1.01,6.16,-4.97,14.84,16.82,RANDOM_MOVEMENT
7335,-0.27,0.52,0.74,0.94,-9.94,-12.67,9.38,18.64,RANDOM_MOVEMENT
7395,-0.25,0.57,0.86,1.06,3.22,-11.34,9.94,15.42,RANDOM_MOVEMENT
7454,-0.11,0.81,0.61,1.02,16.73,-14.56,0.63,22.19,RANDOM_MOVEMENT
7514,-0.32,0.68,0.93,1.19,-52.92,-2.17,-56.84,77.69,RANDOM_MOVEMENT
7573,-0.44,0.65,0.68,1.04,-0.91,-25.20,-85.26,88.91,RANDOM_MOVEMENT
7633,-0.46,0.30,0.94,1.08,20.23,-51.31,-98.91,113.25,RANDOM_MOVEMENT
7692,-0.46,0.18,0.95,1.07,24.85,-45.29,-65.31,83.27,RANDOM_MOVEMENT
7752,-0.33,0.24,1.20,1.27,41.09,6.72,-18.97,45.75,RANDOM_MOVEMENT
7812,-0.17,0.28,0.85,0.91,28.28,11.69,1.33,30.63,RANDOM_MOVEMENT
7871,-0.12,0.42,0.68,0.81,11.34,-15.96,9.73,21.86,RANDOM_MOVEMENT
7931,-0.14,0.43,0.89,1.00,-62.23,-29.96,-17.36,71.21,RANDOM_MOVEMENT
7990,-0.22,0.35,0.87,0.96,-13.72,-29.19,-2.59,32.36,RANDOM_MOVEMENT
8050,-0.22,0.36,0.83,0.93,-12.46,-22.96,8.61,27.51,RANDOM_MOVEMENT
8109,-0.15,0.42,0.96,1.06,-18.97,-22.12,-2.73,29.27,RANDOM_MOVEMENT
8169,-0.16,0.31,0.80,0.87,-24.43,-42.63,-6.79,49.60,RANDOM_MOVEMENT
8229,-0.19,0.17,1.18,1.21,-19.32,-21.21,10.92,30.70,RANDOM_MOVEMENT
8288,-0.16,0.31,0.89,0.96,26.18,4.62,37.73,46.16,RANDOM_MOVEMENT
8348,-0.18,0.42,0.94,1.04,15.12,10.85,27.86,33.50,RANDOM_MOVEMENT
8407,-0.22,0.43,0.88,1.01,9.38,-4.13,21.42,23.75,RANDOM_MOVEMENT
8467,-0.25,0.40,0.84,0.96,12.67,4.55,13.79,19.27,RANDOM_MOVEMENT
8526,-0.24,0.63,0.98,1.19,5.32,2.66,-2.10,6.31,RANDOM_MOVEMENT
8586,-0.28,0.50,0.90,1.07,6.44,12.95,-13.37,19.70,RANDOM_MOVEMENT
8646,-0.27,0.56,0.90,1.09,8.75,12.60,-20.93,25.95,RANDOM_MOVEMENT
8705,-0.30,0.54,0.84,1.04,11.83,-3.22,-35.00,37.09,RANDOM_MOVEMENT
8765,-0.28,0.48,0.78,0.96,14.42,-16.80,-51.24,55.82,RANDOM_MOVEMENT
8824,-0.24,0.56,0.87,1.06,56.42,-38.78,-61.74,92.19,RANDOM_MOVEMENT
8884,-0.20,0.43,0.98,1.09,16.94,-41.51,-75.95,88.20,RANDOM_MOVEMENT
8943,-0.20,0.39,0.94,1.04,30.52,-36.05,-55.86,73.15,RANDOM_MOVEMENT
9003,-0.26,0.33,1.07,1.14,90.93,-5.53,-17.57,92.78,RANDOM_MOVEMENT
9063,-0.24,0.56,0.78,0.99,134.40,2.94,6.86,134.61,RANDOM_MOVEMENT
9122,-0.30,0.64,0.64,0.95,87.01,-13.51,8.54,88.47,RANDOM_MOVEMENT
9182,-0.26,1.01,0.41,1.12,-25.06,-23.24,-31.57,46.53,RANDOM_MOVEMENT
9241,-0.25,0.73,0.54,0.95,18.06,-55.65,-40.74,71.29,RANDOM_MOVEMENT
9301,-0.27,0.70,0.74,1.05,60.34,-27.65,-32.06,73.71,RANDOM_MOVEMENT
9360,-0.23,0.73,0.72,1.05,36.12,-19.25,-30.80,51.22,RANDOM_MOVEMENT
9420,-0.19,0.68,0.68,0.98,41.65,-8.61,-20.44,47.19,RANDOM_MOVEMENT
9480,-0.12,0.77,0.66,1.02,11.76,-7.63,-17.64,22.53,RANDOM_MOVEMENT
9539,-0.14,0.76,0.59,0.97,1.47,-4.69,-3.85,6.24,RANDOM_MOVEMENT
9599,-0.23,0.72,0.63,0.98,7.07,-6.93,13.37,16.64,RANDOM_MOVEMENT
9658,-0.23,0.79,0.58,1.00,16.38,-2.80,20.86,26.67,RANDOM_MOVEMENT
9718,-0.22,0.77,0.68,1.04,19.88,2.10,24.15,31.35,RANDOM_MOVEMENT
9777,-0.19,0.83,0.62,1.05,-9.66,13.09,18.69,24.78,RANDOM_MOVEMENT
9837,-0.23,0.76,0.61,1.01,-10.36,14.07,17.08,24.43,RANDOM_MOVEMENT
9897,-0.23,0.83,0.59,1.04,-6.93,14.00,12.11,19.77,RANDOM_MOVEMENT
9956,-0.24,0.79,0.61,1.02,-3.57,12.11,6.44,14.17,RANDOM_MOVEMENT
10016,-0.22,0.81,0.57,1.01,-5.11,3.36,-1.47,6.29,RANDOM_MOVEMENT
10075,-0.22,0.78,0.60,1.00,-2.45,-2.52,-4.27,5.53,RANDOM_MOVEMENT
10135,-0.17,0.73,0.67,1.01,-8.33,-0.35,-2.87,8.82,RANDOM_MOVEMENT
10194,-0.17,0.76,0.65,1.02,7.35,8.19,8.82,14.10,RANDOM_MOVEMENT
10254,-0.16,0.81,0.64,1.04,4.76,11.83,11.13,16.93,RANDOM_MOVEMENT
10314,-0.19,0.80,0.60,1.02,14.91,16.10,13.79,25.92,RANDOM_MOVEMENT
10373,-0.21,0.80,0.56,1.00,14.21,14.77,12.46,23.99,RANDOM_MOVEMENT
10433,-0.23,0.80,0.53,0.99,20.16,15.12,11.76,27.81,RANDOM_MOVEMENT
10492,-0.26,0.81,0.48,0.98,2.45,9.38,10.85,14.55,RANDOM_MOVEMENT
10552,-0.24,0.85,0.51,1.02,7.49,3.85,14.14,16.46,RANDOM_MOVEMENT
10611,-0.21,0.89,0.62,1.10,6.58,6.51,10.01,13.63,RANDOM_MOVEMENT
10671,-0.25,0.66,0.78,1.05,22.26,22.33,30.31,43.74,RANDOM_MOVEMENT
10731,-0.27,0.75,0.72,1.07,29.82,51.59,50.89,78.36,RANDOM_MOVEMENT
10790,-0.29,0.94,0.45,1.08,-41.44,63.56,38.92,85.28,RANDOM_MOVEMENT
10850,-0.23,0.91,0.45,1.04,-36.68,50.19,38.71,73.23,RANDOM_MOVEMENT
10909,-0.08,1.16,0.33,1.20,-27.86,39.06,8.89,48.79,RANDOM_MOVEMENT
10969,-0.07,1.00,0.57,1.15,2.52,32.13,-4.62,32.56,RANDOM_MOVEMENT
11028,-0.18,0.89,0.39,0.99,-8.33,27.09,-14.14,31.67,RANDOM_MOVEMENT
11088,-0.21,0.73,0.51,0.92,-42.14,9.94,-3.92,43.47,RANDOM_MOVEMENT
11148,-0.08,0.80,0.48,0.93,24.92,5.46,11.20,27.86,RANDOM_MOVEMENT
11207,-0.05,0.90,0.46,1.01,2.87,5.74,-4.90,8.07,RANDOM_MOVEMENT
11267,-0.16,0.78,0.46,0.92,35.98,-7.49,-4.97,37.09,RANDOM_MOVEMENT
11326,-0.27,0.98,0.40,1.10,77.91,-29.19,5.04,83.35,RANDOM_MOVEMENT
11386,-0.31,0.99,0.39,1.11,62.51,-27.44,5.95,68.53,RANDOM_MOVEMENT
11445,-0.24,0.99,0.45,1.11,12.95,-18.55,-3.15,22.84,RANDOM_MOVEMENT
11505,-0.18,0.79,0.47,0.94,-5.18,-10.64,-2.87,12.18,RANDOM_MOVEMENT
11564,-0.13,0.89,0.39,0.98,6.58,-11.34,4.20,13.77,RANDOM_MOVEMENT
11624,-0.08,0.95,0.40,1.03,-23.31,-10.36,-0.42,25.51,RANDOM_MOVEMENT
11684,-0.13,0.92,0.45,1.03,-9.24,-13.09,-1.05,16.06,RANDOM_MOVEMENT
11743,-0.08,0.93,0.45,1.04,-47.81,-8.68,-8.68,49.36,RANDOM_MOVEMENT
11803,-0.07,0.78,0.56,0.96,-21.42,-7.98,-0.77,22.87,RANDOM_MOVEMENT
11862,-0.00,0.91,0.53,1.05,-14.84,-0.14,-3.15,15.17,RANDOM_MOVEMENT
11922,-0.00,0.78,0.61,0.99,-56.77,16.52,-10.50,60.05,RANDOM_MOVEMENT
11981,-0.06,0.74,0.59,0.95,-56.14,17.43,-11.13,59.83,RANDOM_MOVEMENT
12041,-0.14,0.80,0.55,0.98,-45.57,18.90,-15.40,51.68,RANDOM_MOVEMENT
12101,-0.33,0.62,0.53,0.89,-42.14,-10.22,-4.13,43.56,RANDOM_MOVEMENT
12160,-0.45,0.71,0.67,1.08,-5.46,-17.43,12.60,22.19,RANDOM_MOVEMENT
12220,-0.37,0.77,0.82,1.19,1.47,5.67,10.43,11.96,RANDOM_MOVEMENT
12279,-0.25,0.69,0.69,1.00,10.99,5.95,10.36,16.23,RANDOM_MOVEMENT
12339,-0.18,0.71,0.72,1.02,0.63,1.82,8.61,8.82,RANDOM_MOVEMENT
12398,-0.17,0.76,0.67,1.02,9.94,2.52,5.18,11.49,RANDOM_MOVEMENT
12458,-0.21,0.74,0.64,1.00,4.27,0.00,0.70,4.33,RANDOM_MOVEMENT
12518,-0.24,0.73,0.67,1.02,-4.55,-5.88,-7.42,10.50,RANDOM_MOVEMENT
12577,-0.24,0.76,0.65,1.02,-11.13,-5.46,-12.67,17.73,RANDOM_MOVEMENT
12637,-0.13,0.81,0.65,1.05,-20.02,-14.49,-22.19,33.21,RANDOM_MOVEMENT
12696,-0.07,0.84,0.57,1.02,-49.84,-31.57,-47.39,75.67,RANDOM_MOVEMENT
12756,-0.12,0.81,0.58,1.00,-43.96,-53.97,-71.12,99.52,RANDOM_MOVEMENT
12815,-0.13,0.62,0.62,0.89,-63.98,-86.45,-101.15,147.64,RANDOM_MOVEMENT
12876,-0.32,0.31,0.86,0.97,-0.49,-89.25,-87.01,124.65,RANDOM_MOVEMENT
12936,-0.33,0.13,1.11,1.16,27.51,-59.36,-45.08,79.45,RANDOM_MOVEMENT
12995,-0.24,0.36,1.08,1.16,48.09,-25.27,-5.81,54.63,RANDOM_MOVEMENT
13055,-0.10,0.62,1.00,1.18,15.26,-4.62,-2.52,16.14,RANDOM_MOVEMENT
13114,-0.06,0.64,0.93,1.13,3.01,9.45,-6.44,11.83,RANDOM_MOVEMENT
13174,-0.09,0.49,0.89,1.02,-0.14,20.02,-0.70,20.03,RANDOM_MOVEMENT
13233,-0.15,0.49,0.79,0.94,0.21,23.45,11.06,25.93,RANDOM_MOVEMENT
13293,-0.22,0.50,0.76,0.94,3.78,17.15,18.69,25.65,RANDOM_MOVEMENT
13353,-0.23,0.55,0.75,0.96,0.35,6.79,18.55,19.76,RANDOM_MOVEMENT
13412,-0.18,0.66,0.80,1.05,0.98,5.88,7.35,9.46,RANDOM_MOVEMENT
13472,-0.20,0.55,0.81,1.00,7.07,5.81,2.17,9.40,RANDOM_MOVEMENT
13531,-0.24,0.53,0.77,0.97,7.21,3.78,6.09,10.17,RANDOM_MOVEMENT
13591,-0.26,0.75,0.79,1.12,4.20,-0.35,4.69,6.31,RANDOM_MOVEMENT
13650,-0.23,0.66,0.81,1.07,1.54,3.50,-4.06,5.58,RANDOM_MOVEMENT
13710,-0.19,0.60,0.82,1.03,9.87,6.72,-1.75,12.07,RANDOM_MOVEMENT
13770,-0.19,0.60,0.80,1.02,9.59,4.76,2.24,10.94,RANDOM_MOVEMENT
13829,-0.20,0.62,0.81,1.04,7.21,5.39,1.61,9.14,RANDOM_MOVEMENT
13889,-0.19,0.61,0.80,1.02,13.30,10.50,3.36,17.28,RANDOM_MOVEMENT
13948,-0.20,0.60,0.75,0.98,20.23,11.06,7.84,24.35,RANDOM_MOVEMENT
14008,-0.25,0.63,0.72,0.99,18.83,4.55,7.56,20.79,RANDOM_MOVEMENT
14067,-0.33,0.71,0.70,1.05,36.61,-0.84,6.86,37.26,RANDOM_MOVEMENT
14127,-0.36,0.75,0.68,1.07,24.78,-4.97,-7.42,26.34,RANDOM_MOVEMENT
14187,-0.33,0.75,0.67,1.06,1.33,-7.21,-22.47,23.64,RANDOM_MOVEMENT
14246,-0.27,0.70,0.69,1.02,3.43,-6.65,-25.83,26.89,RANDOM_MOVEMENT
14306,-0.24,0.72,0.68,1.01,8.68,-4.97,-23.87,25.88,RANDOM_MOVEMENT
14365,-0.25,0.69,0.71,1.02,13.02,-4.69,-18.69,23.26,RANDOM_MOVEMENT
14425,-0.28,0.66,0.68,0.99,19.53,-0.91,-8.75,21.42,RANDOM_MOVEMENT
14484,-0.30,0.75,0.67,1.05,20.65,5.32,-4.13,21.72,RANDOM_MOVEMENT
14544,-0.29,0.73,0.64,1.02,2.59,10.36,-6.93,12.73,RANDOM_MOVEMENT
14604,-0.29,0.70,0.64,0.99,-12.53,10.50,-7.84,18.13,RANDOM_MOVEMENT
14663,-0.31,0.69,0.60,0.97,0.35,-0.49,0.28,0.66,RANDOM_MOVEMENT
14723,-0.33,0.69,0.69,1.03,2.66,-5.74,3.64,7.30,RANDOM_MOVEMENT
14782,-0.33,0.64,0.64,0.96,4.27,-1.19,8.33,9.44,RANDOM_MOVEMENT
14842,-0.33,0.74,0.70,1.07,14.28,-3.85,8.61,17.11,RANDOM_MOVEMENT
14901,-0.34,0.71,0.64,1.02,14.70,-1.89,6.72,16.27,RANDOM_MOVEMENT
14961,-0.32,0.79,0.64,1.07,14.84,4.55,-0.14,15.52,RANDOM_MOVEMENT
15021,-0.33,0.77,0.55,1.00,18.06,-1.54,-2.24,18.26,RANDOM_MOVEMENT
15080,-0.32,0.74,0.59,1.00,15.40,-3.15,-4.06,16.23,RANDOM_MOVEMENT
15140,-0.32,0.76,0.57,1.00,5.53,-1.40,-3.85,6.88,RANDOM_MOVEMENT
15199,-0.32,0.74,0.57,0.98,-1.68,1.89,-1.40,2.89,RANDOM_MOVEMENT
15259,-0.31,0.76,0.57,1.00,-2.73,2.10,-1.12,3.62,RANDOM_MOVEMENT
15318,-0.33,0.75,0.57,0.99,-5.53,0.14,-1.68,5.78,RANDOM_MOVEMENT
15378,-0.33,0.73,0.59,0.99,-5.60,-2.45,0.21,6.12,RANDOM_MOVEMENT
15438,-0.35,0.70,0.61,1.00,-11.90,-10.36,8.33,17.84,RANDOM_MOVEMENT
15497,-0.30,0.73,0.66,1.03,-1.12,-4.13,17.85,18.36,RANDOM_MOVEMENT
15557,-0.25,0.67,0.71,1.00,-31.29,11.55,22.05,39.98,RANDOM_MOVEMENT
15616,-0.23,0.63,0.81,1.06,-106.12,38.01,24.50,115.35,RANDOM_MOVEMENT
15676,-0.27,0.50,0.84,1.01,-64.54,43.19,50.40,92.58,RANDOM_MOVEMENT
15735,-0.29,0.59,0.68,0.94,-66.78,38.50,66.15,101.58,RANDOM_MOVEMENT
15795,-0.27,0.59,0.67,0.94,-37.10,20.02,77.77,88.46,RANDOM_MOVEMENT
15855,-0.24,0.83,0.57,1.03,10.36,5.39,59.22,60.36,RANDOM_MOVEMENT
15914,-0.32,0.82,0.69,1.12,-24.01,4.13,13.37,27.79,RANDOM_MOVEMENT
15974,-0.32,0.70,0.73,1.06,11.55,-2.45,0.49,11.82,RANDOM_MOVEMENT
16033,-0.20,0.71,0.79,1.08,-9.87,-2.31,-8.12,12.99,RANDOM_MOVEMENT
16093,-0.12,0.58,0.84,1.03,-6.93,-5.46,-7.35,11.48,RANDOM_MOVEMENT
16152,-0.16,0.57,0.80,0.99,-2.73,-1.26,0.56,3.06,RANDOM_MOVEMENT
16212,-0.24,0.60,0.80,1.03,-4.69,-2.10,-1.12,5.26,RANDOM_MOVEMENT
16272,-0.27,0.63,0.77,1.03,-2.52,-4.34,-2.52,5.62,RANDOM_MOVEMENT
16331,-0.23,0.58,0.81,1.02,-2.03,-5.39,-4.83,7.52,RANDOM_MOVEMENT
16391,-0.22,0.60,0.77,0.99,5.46,-4.34,-3.15,7.65,RANDOM_MOVEMENT
16450,-0.23,0.59,0.80,1.03,0.42,-1.96,-3.50,4.03,RANDOM_MOVEMENT
16510,-0.23,0.60,0.77,1.00,3.57,0.49,-3.85,5.27,RANDOM_MOVEMENT
16569,-0.25,0.61,0.80,1.03,0.91,1.12,-4.06,4.31,RANDOM_MOVEMENT
16629,-0.23,0.59,0.79,1.01,4.27,0.98,-3.29,5.48,RANDOM_MOVEMENT
16689,-0.26,0.60,0.77,1.01,2.52,-0.21,-4.41,5.08,RANDOM_MOVEMENT
16748,-0.28,0.61,0.77,1.02,2.73,-0.35,-5.53,6.18,RANDOM_MOVEMENT
16808,-0.26,0.62,0.78,1.03,1.19,-1.75,-4.48,4.95,RANDOM_MOVEMENT
16867,-0.23,0.60,0.79,1.01,1.61,-0.28,0.70,1.78,RANDOM_MOVEMENT
16927,-0.26,0.62,0.75,1.01,2.94,-2.24,5.32,6.48,RANDOM_MOVEMENT
16986,-0.27,0.59,0.79,1.03,-2.17,-4.76,6.16,8.08,RANDOM_MOVEMENT
17046,-0.25,0.60,0.80,1.03,-0.07,-3.22,8.19,8.80,RANDOM_MOVEMENT
17106,-0.24,0.62,0.76,1.01,-4.20,-6.86,4.83,9.38,RANDOM_MOVEMENT
17165,-0.23,0.60,0.79,1.02,-5.67,-7.00,3.01,9.50,RANDOM_MOVEMENT
17225,-0.23,0.61,0.77,1.01,-1.54,-3.85,2.59,4.89,RANDOM_MOVEMENT
17284,-0.23,0.59,0.78,1.00,-0.98,-2.03,17.85,17.99,RANDOM_MOVEMENT
17344,-0.24,0.60,0.76,1.00,-0.28,2.45,-3.99,4.69,RANDOM_MOVEMENT
17403,-0.24,0.61,0.78,1.02,0.84,7.70,-4.83,9.13,RANDOM_MOVEMENT
17463,-0.24,0.62,0.79,1.03,3.85,7.56,-2.59,8.87,RANDOM_MOVEMENT
17523,-0.25,0.61,0.79,1.03,1.89,2.52,-1.82,3.64,RANDOM_MOVEMENT
17582,-0.26,0.61,0.79,1.03,0.63,-1.47,-1.75,2.37,RANDOM_MOVEMENT
17642,-0.25,0.60,0.78,1.01,-3.22,-4.69,-2.03,6.04,RANDOM_MOVEMENT
17701,-0.26,0.60,0.79,1.02,-3.22,-7.28,-0.42,7.97,RANDOM_MOVEMENT
17761,-0.26,0.59,0.79,1.02,-0.35,-4.13,0.35,4.16,RANDOM_MOVEMENT
17820,-0.24,0.61,0.78,1.02,1.40,-2.73,0.77,3.16,RANDOM_MOVEMENT
17880,-0.23,0.60,0.79,1.01,-0.77,-2.94,-0.14,3.04,RANDOM_MOVEMENT
17939,-0.26,0.59,0.79,1.02,0.00,-2.94,-0.49,2.98,RANDOM_MOVEMENT
17999,-0.26,0.60,0.78,1.02,0.77,-0.98,0.00,1.25,RANDOM_MOVEMENT
18059,-0.25,0.60,0.77,1.01,2.52,0.00,0.21,2.53,RANDOM_MOVEMENT
18118,-0.25,0.61,0.79,1.02,1.12,-0.28,0.35,1.21,RANDOM_MOVEMENT
18178,-0.25,0.60,0.78,1.02,0.70,-1.47,-0.35,1.67,RANDOM_MOVEMENT
18237,-0.26,0.60,0.80,1.03,0.14,-3.01,-0.35,3.03,RANDOM_MOVEMENT
18297,-0.26,0.61,0.78,1.02,0.77,-5.60,0.00,5.65,RANDOM_MOVEMENT
18356,-0.23,0.60,0.79,1.02,0.28,-6.44,1.19,6.56,RANDOM_MOVEMENT
18416,-0.24,0.61,0.78,1.02,0.28,-5.04,1.26,5.20,RANDOM_MOVEMENT
18476,-0.24,0.61,0.78,1.02,-0.42,-4.76,1.75,5.09,RANDOM_MOVEMENT
18535,-0.22,0.62,0.79,1.02,-0.91,-5.88,2.17,6.33,RANDOM_MOVEMENT
18595,-0.20,0.68,0.81,1.07,6.93,-4.90,-0.56,8.51,RANDOM_MOVEMENT
18654,-0.17,0.69,0.74,1.03,17.50,-14.42,-7.21,23.79,RANDOM_MOVEMENT
18714,-0.16,0.79,0.77,1.11,11.62,-12.95,-22.75,28.64,RANDOM_MOVEMENT
18773,-0.23,0.77,0.63,1.02,-13.79,-32.62,-48.58,60.12,RANDOM_MOVEMENT
18833,-0.37,0.73,0.67,1.06,-2.31,-42.28,-66.15,78.54,RANDOM_MOVEMENT
18893,-0.50,0.64,0.78,1.12,9.10,-44.10,-76.79,89.02,RANDOM_MOVEMENT
18952,-0.59,0.56,0.85,1.18,25.62,-42.00,-87.15,100.08,RANDOM_MOVEMENT
19012,-0.59,0.50,0.90,1.19,-0.35,-24.50,-93.17,96.34,RANDOM_MOVEMENT
19071,-0.40,0.47,0.89,1.08,-3.08,-5.53,-79.10,79.35,RANDOM_MOVEMENT
19131,-0.32,0.29,0.84,0.94,-42.42,-14.84,-40.74,60.66,RANDOM_MOVEMENT
19190,-0.10,0.39,0.83,0.92,-42.77,-10.22,-3.43,44.11,RANDOM_MOVEMENT
19250,0.05,0.18,0.86,0.88,-45.43,-16.87,24.92,54.49,RANDOM_MOVEMENT
19310,-0.09,0.53,0.52,0.75,40.95,-33.74,38.22,65.39,RANDOM_MOVEMENT
19369,0.05,0.46,0.89,1.01,2.73,-11.76,3.08,12.46,RANDOM_MOVEMENT
19429,-0.11,0.44,1.11,1.20,17.29,0.07,0.56,17.30,RANDOM_MOVEMENT
19488,-0.20,0.43,0.86,0.98,38.08,17.36,7.77,42.57,RANDOM_MOVEMENT
19548,-0.39,0.52,0.90,1.11,-16.10,28.35,1.26,32.63,RANDOM_MOVEMENT
19607,-0.41,0.53,0.79,1.04,25.62,21.98,12.39,35.96,RANDOM_MOVEMENT
19667,-0.36,0.53,0.75,0.99,51.94,2.73,14.56,54.01,RANDOM_MOVEMENT
19727,-0.44,0.53,0.71,0.99,28.14,-1.61,11.69,30.51,RANDOM_MOVEMENT
19786,-0.38,0.65,0.75,1.06,52.22,1.96,12.53,53.74,RANDOM_MOVEMENT
19846,-0.27,0.75,0.72,1.07,40.88,-1.12,-6.23,41.37,RANDOM_MOVEMENT
19905,-0.30,0.63,0.67,0.97,13.44,1.05,-17.29,21.92,RANDOM_MOVEMENT
19965,-0.30,0.57,0.69,0.95,15.19,-1.05,-4.76,15.95,RANDOM_MOVEMENT
20024,-0.31,0.41,0.71,0.88,-4.83,14.21,20.09,25.08,RANDOM_MOVEMENT
20084,-0.27,0.75,0.72,1.08,-49.63,2.59,32.27,59.26,RANDOM_MOVEMENT
20144,-0.23,0.68,0.88,1.13,-9.59,22.26,53.97,59.16,RANDOM_MOVEMENT
20203,-0.24,0.63,0.91,1.13,-28.42,46.97,61.18,82.20,RANDOM_MOVEMENT
20263,-0.27,0.56,0.74,0.97,-57.89,52.15,74.97,108.13,RANDOM_MOVEMENT
20322,-0.30,0.71,0.74,1.07,-21.21,42.49,80.64,93.58,RANDOM_MOVEMENT
20382,-0.34,0.78,0.58,1.03,7.91,44.94,72.45,85.62,RANDOM_MOVEMENT
20441,-0.34,0.84,0.49,1.03,-5.53,33.32,46.83,57.74,RANDOM_MOVEMENT
20501,-0.32,0.84,0.41,0.99,19.88,12.04,24.71,33.92,RANDOM_MOVEMENT
20561,-0.27,0.96,0.59,1.16,-8.54,-0.14,-12.25,14.93,RANDOM_MOVEMENT
20620,-0.29,0.69,0.69,1.02,6.86,0.49,-15.96,17.38,RANDOM_MOVEMENT
20680,-0.23,0.75,0.59,0.98,17.22,-2.45,-4.06,17.86,RANDOM_MOVEMENT
20739,-0.27,0.64,0.73,1.01,15.19,6.58,-5.53,17.45,RANDOM_MOVEMENT
20799,-0.28,0.72,0.64,1.00,-7.28,2.66,-15.26,17.12,RANDOM_MOVEMENT
20858,-0.32,0.70,0.64,1.00,-31.64,-8.82,-23.10,40.16,RANDOM_MOVEMENT
20918,-0.31,0.66,0.72,1.02,-40.39,-15.96,-24.64,49.93,RANDOM_MOVEMENT
20978,-0.28,0.62,0.85,1.09,-25.97,-12.46,-11.13,30.88,RANDOM_MOVEMENT
21037,-0.31,0.68,0.75,1.06,-3.15,4.48,-1.96,5.82,RANDOM_MOVEMENT
21097,-0.33,0.58,0.70,0.97,-8.12,-17.36,1.47,19.22,RANDOM_MOVEMENT
21156,-0.31,0.67,0.76,1.06,5.67,-1.68,2.73,6.51,RANDOM_MOVEMENT
21216,-0.31,0.60,0.70,0.97,-16.31,0.07,-1.05,16.34,RANDOM_MOVEMENT
21275,-0.34,0.55,0.77,1.00,-20.79,-12.60,3.08,24.50,RANDOM_MOVEMENT
21335,-0.32,0.58,0.94,1.15,-6.51,1.89,6.51,9.40,RANDOM_MOVEMENT
21395,-0.28,0.59,0.72,0.97,7.91,22.96,16.10,29.14,RANDOM_MOVEMENT
21454,-0.33,0.51,0.79,0.99,-38.78,5.39,10.29,40.48,RANDOM_MOVEMENT
21514,-0.28,0.49,0.83,1.01,28.49,1.75,24.08,37.34,RANDOM_MOVEMENT
21573,-0.19,0.59,0.71,0.94,2.38,-3.99,16.59,17.23,RANDOM_MOVEMENT
21633,-0.16,0.65,0.61,0.91,-4.13,-10.99,6.16,13.26,RANDOM_MOVEMENT
21692,-0.24,0.78,0.84,1.17,-37.87,-6.37,-31.50,49.67,RANDOM_MOVEMENT
21752,-0.42,0.75,0.70,1.10,-10.15,-25.41,-63.84,69.46,RANDOM_MOVEMENT
21812,-0.55,0.64,0.56,1.01,17.22,-42.21,-75.46,88.16,RANDOM_MOVEMENT
21871,-0.44,0.52,0.69,0.97,67.76,-71.96,-79.52,126.86,RANDOM_MOVEMENT
21931,-0.36,0.58,0.76,1.02,28.98,-72.66,-87.57,117.42,RANDOM_MOVEMENT
21990,-0.25,0.56,0.92,1.11,41.23,-51.45,-81.06,104.49,RANDOM_MOVEMENT
22050,-0.15,0.54,0.91,1.07,26.95,-33.88,-71.68,83.74,RANDOM_MOVEMENT
22109,-0.12,0.39,0.92,1.01,8.26,-15.89,-52.36,55.34,RANDOM_MOVEMENT
22169,-0.10,0.36,0.85,0.93,21.21,-13.93,-21.84,33.48,RANDOM_MOVEMENT
22229,-0.14,0.47,0.87,1.00,25.62,-13.16,-0.70,28.81,RANDOM_MOVEMENT
22288,-0.20,0.56,0.79,0.99,18.83,-13.51,4.69,23.64,RANDOM_MOVEMENT
22348,-0.25,0.61,0.87,1.09,-8.82,-16.10,-1.96,18.46,RANDOM_MOVEMENT
22407,-0.30,0.57,0.85,1.07,13.09,-8.75,6.16,16.91,RANDOM_MOVEMENT
22467,-0.21,0.79,0.79,1.14,38.71,-9.10,4.34,40.00,RANDOM_MOVEMENT
22526,-0.28,0.63,0.75,1.02,8.47,-15.54,-3.64,18.07,RANDOM_MOVEMENT
22586,-0.27,0.58,0.85,1.06,-1.19,-4.76,-0.70,4.96,RANDOM_MOVEMENT
22646,-0.23,0.64,0.80,1.05,11.76,2.38,2.52,12.26,RANDOM_MOVEMENT
22705,-0.26,0.59,0.71,0.95,-4.13,-7.42,-0.98,8.55,RANDOM_MOVEMENT
22765,-0.24,0.59,0.83,1.05,-2.52,-6.23,-1.33,6.85,RANDOM_MOVEMENT
22824,-0.28,0.62,0.78,1.03,3.99,1.12,-0.07,4.14,RANDOM_MOVEMENT
22884,-0.26,0.64,0.78,1.04,5.74,2.94,-2.94,7.09,RANDOM_MOVEMENT
22943,-0.28,0.62,0.73,1.00,6.86,-0.42,-3.22,7.59,RANDOM_MOVEMENT
23003,-0.26,0.63,0.77,1.03,4.48,-3.01,-2.94,6.15,RANDOM_MOVEMENT
23063,-0.26,0.63,0.80,1.05,5.25,-1.61,-3.50,6.51,RANDOM_MOVEMENT
23122,-0.25,0.65,0.76,1.03,3.08,0.56,-2.31,3.89,RANDOM_MOVEMENT
23182,-0.24,0.62,0.78,1.03,-1.89,6.72,0.91,7.04,RANDOM_MOVEMENT
23241,-0.29,0.61,0.77,1.02,-2.73,10.08,2.94,10.85,RANDOM_MOVEMENT
23301,-0.28,0.65,0.76,1.04,-1.26,11.90,3.99,12.61,RANDOM_MOVEMENT
23360,-0.31,0.74,0.74,1.09,-12.60,15.75,-3.64,20.50,RANDOM_MOVEMENT
23420,-0.32,0.78,0.63,1.05,-2.94,13.86,-8.19,16.37,RANDOM_MOVEMENT
23480,-0.31,0.51,0.72,0.93,13.72,12.60,9.80,21.05,RANDOM_MOVEMENT
23539,-0.29,0.65,0.80,1.07,8.96,12.04,16.24,22.11,RANDOM_MOVEMENT
23599,-0.34,0.74,0.66,1.04,-7.91,5.53,4.76,10.76,RANDOM_MOVEMENT
23658,-0.35,0.63,0.71,1.01,-20.16,-2.45,-4.90,20.89,RANDOM_MOVEMENT
23718,-0.38,0.66,0.70,1.03,0.77,-3.29,-2.24,4.05,RANDOM_MOVEMENT
23777,-0.35,0.66,0.73,1.05,-2.80,-6.23,-8.47,10.88,RANDOM_MOVEMENT
23837,-0.36,0.63,0.72,1.02,-8.61,-8.40,-13.02,17.73,RANDOM_MOVEMENT
23897,-0.33,0.58,0.76,1.01,-3.71,-9.03,-11.06,14.75,RANDOM_MOVEMENT
23956,-0.28,0.47,0.77,0.94,2.17,-4.97,-2.80,6.10,RANDOM_MOVEMENT
24016,-0.23,0.55,0.76,0.97,5.04,-7.35,11.41,14.48,RANDOM_MOVEMENT
24075,-0.36,0.71,0.83,1.15,-14.07,-4.97,-1.89,15.04,RANDOM_MOVEMENT
24135,-0.33,0.60,0.75,1.02,4.97,-2.24,2.24,5.89,RANDOM_MOVEMENT
24194,-0.29,0.60,0.74,1.00,4.27,1.05,1.12,4.54,RANDOM_MOVEMENT
24254,-0.31,0.64,0.73,1.02,2.38,1.40,3.78,4.68,RANDOM_MOVEMENT
24314,-0.29,0.60,0.79,1.04,4.83,2.73,3.57,6.60,RANDOM_MOVEMENT
24373,-0.32,0.58,0.78,1.02,3.22,3.92,2.24,5.55,RANDOM_MOVEMENT
24433,-0.33,0.61,0.74,1.01,1.33,1.26,2.94,3.46,RANDOM_MOVEMENT
24492,-0.35,0.67,0.70,1.02,8.82,-0.35,3.15,9.37,RANDOM_MOVEMENT
24552,-0.34,0.64,0.70,1.01,5.11,-2.10,0.70,5.57,RANDOM_MOVEMENT
24611,-0.29,0.67,0.70,1.01,6.79,-4.69,0.14,8.25,RANDOM_MOVEMENT
24671,-0.17,0.81,0.65,1.05,2.31,-12.74,-12.25,17.82,RANDOM_MOVEMENT
24731,-0.05,1.26,0.50,1.36,-26.46,-24.92,-69.09,78.07,RANDOM_MOVEMENT
24790,-0.32,0.63,0.50,0.86,0.42,-55.44,-103.39,117.32,RANDOM_MOVEMENT
24850,-0.33,0.19,0.63,0.73,82.32,-103.25,-77.07,152.90,RANDOM_MOVEMENT
24909,-0.32,0.21,0.97,1.05,56.00,-101.01,-31.43,119.69,RANDOM_MOVEMENT
24969,-0.26,0.48,1.19,1.31,67.83,-62.09,15.05,93.18,RANDOM_MOVEMENT
25028,-0.22,0.76,1.03,1.30,45.78,-19.46,15.40,52.07,RANDOM_MOVEMENT
25088,-0.22,0.81,0.85,1.19,3.43,8.82,-4.69,10.56,RANDOM_MOVEMENT
25148,-0.28,0.73,0.79,1.11,-13.16,29.61,-10.92,34.19,RANDOM_MOVEMENT
25207,-0.33,0.70,0.70,1.04,-18.20,43.47,-18.83,50.75,RANDOM_MOVEMENT
25267,-0.41,0.70,0.62,1.03,-27.16,44.66,-28.84,59.70,RANDOM_MOVEMENT
25326,-0.46,0.67,0.60,1.01,-34.58,41.65,-43.54,69.47,RANDOM_MOVEMENT
25386,-0.39,0.68,0.61,0.99,-11.76,31.64,-47.25,58.07,RANDOM_MOVEMENT
25445,-0.29,0.61,0.61,0.91,2.03,18.13,-42.91,46.63,RANDOM_MOVEMENT
25505,-0.30,0.55,0.67,0.92,-0.56,7.98,-35.70,36.59,RANDOM_MOVEMENT
25564,-0.34,0.32,1.13,1.22,15.05,9.17,-21.91,28.12,RANDOM_MOVEMENT
25624,-0.60,0.69,0.54,1.06,3.71,-3.85,-14.70,15.64,RANDOM_MOVEMENT
25684,-0.63,0.59,0.56,1.03,7.00,14.21,-4.55,16.48,RANDOM_MOVEMENT
25743,-0.68,0.42,0.44,0.92,28.14,-2.94,2.80,28.43,RANDOM_MOVEMENT
25803,-0.52,0.41,0.68,0.95,-5.25,-13.65,10.43,17.96,RANDOM_MOVEMENT
25862,-0.51,0.82,0.53,1.10,5.32,-8.40,6.51,11.88,RANDOM_MOVEMENT
25922,-0.54,0.50,0.73,1.04,-14.28,-3.78,2.87,15.05,RANDOM_MOVEMENT
25981,-0.56,0.58,0.65,1.04,-12.11,7.28,-2.17,14.30,RANDOM_MOVEMENT
26041,-0.57,0.53,0.60,0.98,-10.92,3.22,-3.99,12.06,RANDOM_MOVEMENT
26101,-0.55,0.56,0.68,1.04,-4.34,3.57,-3.71,6.73,RANDOM_MOVEMENT
26160,-0.54,0.53,0.66,1.01,-1.75,-1.26,-3.92,4.47,RANDOM_MOVEMENT
26220,-0.52,0.59,0.60,0.99,1.19,-4.06,-2.52,4.92,RANDOM_MOVEMENT
26279,-0.52,0.56,0.68,1.02,4.34,-4.06,1.33,6.09,RANDOM_MOVEMENT
26339,-0.54,0.63,0.57,1.01,19.88,-10.99,2.73,22.88,RANDOM_MOVEMENT
26398,-0.52,0.55,0.66,1.00,4.97,-14.28,3.78,15.59,RANDOM_MOVEMENT
26458,-0.52,0.61,0.68,1.05,-6.86,-0.77,-0.14,6.90,RANDOM_MOVEMENT
26518,-0.54,0.60,0.70,1.07,3.22,1.75,-3.22,4.88,RANDOM_MOVEMENT
26577,-0.55,0.58,0.66,1.04,12.88,1.68,-6.65,14.59,RANDOM_MOVEMENT
26637,-0.53,0.55,0.66,1.00,9.59,-9.59,-0.98,13.60,RANDOM_MOVEMENT
26696,-0.45,0.58,0.56,0.92,23.52,-17.36,15.61,33.14,RANDOM_MOVEMENT
26756,-0.50,0.64,0.69,1.07,9.73,-13.93,9.31,19.38,RANDOM_MOVEMENT
26815,-0.53,0.67,0.68,1.09,4.06,-0.98,-1.33,4.38,RANDOM_MOVEMENT
26875,-0.51,0.61,0.56,0.97,-2.17,3.99,-6.79,8.17,RANDOM_MOVEMENT
26935,-0.50,0.60,0.57,0.97,3.08,-3.71,0.21,4.83,RANDOM_MOVEMENT
26994,-0.51,0.66,0.69,1.09,2.87,-3.64,-0.14,4.64,RANDOM_MOVEMENT
27054,-0.47,0.66,0.71,1.07,8.47,-0.84,-1.40,8.63,RANDOM_MOVEMENT
27113,-0.50,0.65,0.62,1.03,-8.05,2.38,0.49,8.41,RANDOM_MOVEMENT
27173,-0.48,0.67,0.58,1.01,3.15,-13.16,0.35,13.54,RANDOM_MOVEMENT
27232,-0.51,0.59,0.63,1.00,7.42,-9.52,2.17,12.26,RANDOM_MOVEMENT
27292,-0.36,0.86,0.65,1.14,7.14,1.47,2.31,7.65,RANDOM_MOVEMENT
27352,-0.50,0.65,0.59,1.01,0.84,5.60,-2.73,6.29,RANDOM_MOVEMENT
27411,-0.48,0.60,0.78,1.10,1.96,5.32,-1.75,5.93,RANDOM_MOVEMENT
27471,-0.48,0.59,0.59,0.96,6.23,3.43,7.42,10.28,RANDOM_MOVEMENT
27530,-0.47,0.66,0.57,0.99,10.29,-2.94,10.36,14.89,RANDOM_MOVEMENT
27590,-0.49,0.68,0.58,1.02,18.76,-3.92,7.07,20.43,RANDOM_MOVEMENT
27649,-0.56,0.54,0.53,0.94,8.61,2.59,8.75,12.55,RANDOM_MOVEMENT
27709,-0.47,0.65,0.52,0.96,-12.95,1.26,-8.40,15.49,RANDOM_MOVEMENT
27769,-0.48,0.65,0.61,1.02,5.39,-8.12,-8.47,12.91,RANDOM_MOVEMENT
27828,-0.48,0.60,0.67,1.02,-1.75,-5.53,-5.11,7.73,RANDOM_MOVEMENT
27888,-0.50,0.68,0.67,1.07,-19.95,-7.21,-5.81,21.99,RANDOM_MOVEMENT
27947,-0.48,0.65,0.65,1.03,4.97,-5.18,-3.92,8.18,RANDOM_MOVEMENT
28007,-0.50,0.66,0.61,1.03,-1.12,-5.81,-6.02,8.44,RANDOM_MOVEMENT
28066,-0.49,0.65,0.60,1.01,2.31,-7.00,-6.79,10.02,RANDOM_MOVEMENT
28126,-0.48,0.64,0.61,1.00,2.52,-4.69,-6.93,8.74,RANDOM_MOVEMENT
28186,-0.48,0.63,0.61,1.00,1.19,-1.75,-5.11,5.53,RANDOM_MOVEMENT
28245,-0.50,0.63,0.60,1.01,5.53,0.28,-2.24,5.97,RANDOM_MOVEMENT
28305,-0.51,0.65,0.61,1.03,2.17,-1.19,-2.38,3.43,RANDOM_MOVEMENT
28364,-0.50,0.65,0.63,1.04,3.15,-0.56,-2.45,4.03,RANDOM_MOVEMENT
28424,-0.50,0.62,0.62,1.01,-1.12,-1.89,-2.80,3.56,RANDOM_MOVEMENT
28483,-0.50,0.64,0.62,1.02,-3.57,0.56,-2.73,4.53,RANDOM_MOVEMENT
28543,-0.51,0.63,0.60,1.01,-0.77,0.21,-2.80,2.91,RANDOM_MOVEMENT
28603,-0.51,0.62,0.61,1.01,-3.01,-1.33,-2.80,4.32,RANDOM_MOVEMENT
28662,-0.52,0.61,0.61,1.01,0.42,-0.91,-1.40,1.72,RANDOM_MOVEMENT
28722,-0.52,0.62,0.62,1.02,-1.05,-2.87,-1.68,3.49,RANDOM_MOVEMENT
28781,-0.52,0.63,0.61,1.02,-2.24,-3.29,-1.33,4.20,RANDOM_MOVEMENT
28841,-0.51,0.62,0.61,1.01,-2.38,-2.24,-1.61,3.64,RANDOM_MOVEMENT
28900,-0.51,0.62,0.61,1.01,-3.43,-1.05,-1.26,3.80,RANDOM_MOVEMENT
28960,-0.51,0.63,0.61,1.01,-3.50,1.05,-1.89,4.11,RANDOM_MOVEMENT
29020,-0.50,0.61,0.61,1.00,-8.96,0.28,-1.33,9.06,RANDOM_MOVEMENT
29079,-0.49,0.60,0.66,1.02,1.61,-1.19,4.48,4.91,RANDOM_MOVEMENT
29139,-0.50,0.60,0.66,1.02,0.56,-1.75,10.85,11.00,RANDOM_MOVEMENT
29198,-0.53,0.62,0.63,1.03,-1.82,-3.15,12.67,13.18,RANDOM_MOVEMENT
29258,-0.53,0.64,0.63,1.05,2.59,4.06,8.05,9.38,RANDOM_MOVEMENT
29317,-0.55,0.61,0.59,1.01,7.28,7.14,4.13,11.00,RANDOM_MOVEMENT
29377,-0.52,0.61,0.62,1.01,3.36,0.84,2.59,4.32,RANDOM_MOVEMENT
29437,-0.52,0.60,0.64,1.02,4.27,-0.84,4.41,6.20,RANDOM_MOVEMENT
29496,-0.52,0.61,0.59,1.00,-10.08,-5.53,6.72,13.32,RANDOM_MOVEMENT
29556,-0.50,0.67,0.62,1.04,-13.44,-11.27,4.06,18.00,RANDOM_MOVEMENT
29615,-0.50,0.63,0.57,0.99,-6.37,-10.01,0.84,11.89,RANDOM_MOVEMENT
29675,-0.48,0.59,0.55,0.94,-8.96,-15.54,0.98,17.96,RANDOM_MOVEMENT
29734,-0.46,0.60,0.73,1.06,14.56,-26.18,5.67,30.49,RANDOM_MOVEMENT
29794,-0.42,0.71,0.69,1.07,19.67,-2.73,3.29,20.13,RANDOM_MOVEMENT
29854,-0.42,0.67,0.68,1.05,15.12,1.33,4.34,15.79,RANDOM_MOVEMENT
29913,-0.41,0.66,0.63,1.00,3.22,-4.48,4.83,7.33,RANDOM_MOVEMENT
29973,-0.45,0.62,0.68,1.02,19.53,-2.38,13.37,23.79,RANDOM_MOVEMENT
30032,-0.42,0.70,0.60,1.01,15.54,1.40,11.90,19.62,RANDOM_MOVEMENT
30092,-0.40,0.78,0.68,1.11,5.74,2.03,7.77,9.87,RANDOM_MOVEMENT
30151,-0.39,0.75,0.57,1.02,-32.62,8.40,-1.82,33.73,RANDOM_MOVEMENT
30211,-0.41,0.63,0.68,1.01,-34.30,-2.80,1.54,34.45,RANDOM_MOVEMENT
30271,-0.41,0.67,0.61,0.99,23.10,-3.29,15.05,27.77,RANDOM_MOVEMENT
30330,-0.42,0.67,0.67,1.04,10.92,-1.19,10.57,15.24,RANDOM_MOVEMENT
30390,-0.42,0.69,0.66,1.04,9.38,1.12,10.36,14.02,RANDOM_MOVEMENT
30449,-0.42,0.69,0.62,1.02,16.10,3.08,11.62,20.09,RANDOM_MOVEMENT
30509,-0.39,0.73,0.63,1.04,-10.85,2.24,10.08,14.98,RANDOM_MOVEMENT
30568,-0.39,0.72,0.58,1.01,-2.80,-5.74,7.00,9.48,RANDOM_MOVEMENT
30628,-0.38,0.69,0.62,1.00,8.96,-4.13,8.05,12.73,RANDOM_MOVEMENT
30688,-0.36,0.76,0.66,1.07,4.34,1.40,3.29,5.62,RANDOM_MOVEMENT
30747,-0.37,0.63,0.58,0.93,-1.61,-6.51,8.89,11.14,RANDOM_MOVEMENT
30807,-0.25,0.77,0.55,0.98,-17.71,-19.18,13.09,29.20,RANDOM_MOVEMENT
30866,-0.23,0.77,0.68,1.05,-27.16,-14.49,11.06,32.71,RANDOM_MOVEMENT
30926,-0.25,0.70,0.71,1.03,19.74,11.27,25.76,34.35,RANDOM_MOVEMENT
30985,-0.25,0.70,0.75,1.05,3.78,10.15,39.90,41.34,RANDOM_MOVEMENT
31045,-0.25,0.75,0.59,0.99,46.62,4.13,52.01,69.97,RANDOM_MOVEMENT
31105,-0.25,0.79,0.51,0.98,-4.97,-6.72,41.86,42.69,RANDOM_MOVEMENT
31164,-0.23,0.89,0.71,1.16,-36.26,-23.10,24.43,49.45,RANDOM_MOVEMENT
31224,-0.25,0.65,0.82,1.08,28.07,-4.48,28.42,40.20,RANDOM_MOVEMENT
31283,-0.16,0.77,0.68,1.05,24.29,14.21,18.41,33.63,RANDOM_MOVEMENT
31343,-0.11,0.82,0.61,1.03,-23.38,34.09,15.33,44.09,RANDOM_MOVEMENT
31402,-0.19,0.79,0.59,1.01,-22.12,32.13,13.16,41.17,RANDOM_MOVEMENT
31462,-0.29,0.75,0.53,0.96,-38.57,12.04,5.74,40.81,RANDOM_MOVEMENT
31522,-0.23,0.51,0.55,0.79,-49.77,-0.42,12.25,51.26,RANDOM_MOVEMENT
31581,-0.14,0.77,0.69,1.04,-76.23,5.32,2.45,76.45,RANDOM_MOVEMENT
31641,-0.22,0.79,0.67,1.06,1.40,11.83,9.66,15.34,RANDOM_MOVEMENT
31700,-0.29,0.67,0.74,1.04,-0.07,-18.13,-3.57,18.48,RANDOM_MOVEMENT
31760,-0.23,0.66,0.78,1.05,11.34,-32.13,-9.73,35.43,RANDOM_MOVEMENT
31819,-0.22,0.69,0.77,1.06,7.98,-25.97,-10.85,29.25,RANDOM_MOVEMENT
31879,-0.25,0.70,0.75,1.06,-5.32,-27.23,-16.80,32.43,RANDOM_MOVEMENT
31939,-0.21,0.68,0.78,1.06,5.53,-26.39,-26.25,37.63,RANDOM_MOVEMENT
31998,-0.12,0.57,0.76,0.96,8.33,-16.66,-14.07,23.34,RANDOM_MOVEMENT
32058,-0.14,0.74,0.68,1.02,-3.22,-18.13,-22.33,28.94,RANDOM_MOVEMENT
32117,-0.12,0.87,0.67,1.11,-8.54,-22.61,-34.37,42.02,RANDOM_MOVEMENT
32177,-0.17,0.81,0.70,1.09,-32.27,-24.99,-47.39,62.54,RANDOM_MOVEMENT
32236,-0.06,0.56,0.81,0.99,-10.99,-15.75,-19.53,27.39,RANDOM_MOVEMENT
32296,-0.07,0.52,0.89,1.03,-7.70,-7.42,-4.41,11.57,RANDOM_MOVEMENT
32356,-0.14,0.50,0.92,1.06,-2.87,2.87,2.31,4.67,RANDOM_MOVEMENT
32415,-0.20,0.45,0.95,1.07,26.18,8.89,28.98,40.05,RANDOM_MOVEMENT
32475,-0.16,0.65,0.80,1.04,70.14,28.98,20.72,78.67,RANDOM_MOVEMENT
32534,-0.20,0.69,0.68,0.99,35.77,8.19,0.70,36.70,RANDOM_MOVEMENT
32594,-0.23,0.71,0.60,0.95,29.82,-3.43,-12.88,32.66,RANDOM_MOVEMENT
32653,-0.15,0.68,0.66,0.96,29.89,-14.77,-16.94,37.40,RANDOM_MOVEMENT
32713,-0.19,0.56,0.68,0.90,6.37,-22.61,-16.38,28.64,RANDOM_MOVEMENT
32773,-0.19,0.57,0.90,1.08,25.20,-19.04,6.58,32.26,RANDOM_MOVEMENT
32832,-0.19,0.64,0.67,0.95,-17.50,4.34,2.66,18.23,RANDOM_MOVEMENT
32892,-0.12,0.74,0.73,1.05,12.25,-7.14,11.69,18.38,RANDOM_MOVEMENT
32951,-0.14,0.69,0.81,1.07,10.57,6.02,15.89,20.01,RANDOM_MOVEMENT
33011,-0.16,0.67,0.72,1.00,-0.35,16.87,24.29,29.58,RANDOM_MOVEMENT
33070,-0.21,0.70,0.71,1.02,3.22,26.81,33.95,43.38,RANDOM_MOVEMENT
33130,-0.24,0.75,0.55,0.97,3.29,21.49,38.99,44.64,RANDOM_MOVEMENT
33189,-0.22,0.81,0.60,1.03,5.74,14.35,36.75,39.87,RANDOM_MOVEMENT
33249,-0.17,0.86,0.57,1.05,10.01,-0.35,36.12,37.48,RANDOM_MOVEMENT
33309,-0.08,0.88,0.61,1.07,15.19,-4.90,28.77,32.90,RANDOM_MOVEMENT
33368,-0.01,0.88,0.54,1.03,8.40,-10.15,18.97,23.10,RANDOM_MOVEMENT
33428,0.00,0.91,0.56,1.07,11.48,-12.60,10.85,20.21,RANDOM_MOVEMENT
33487,0.02,0.92,0.52,1.06,19.32,-17.99,0.98,26.42,RANDOM_MOVEMENT
33547,0.05,0.91,0.49,1.04,31.43,-27.58,-11.76,43.44,RANDOM_MOVEMENT
33606,0.12,0.88,0.54,1.04,-0.98,-27.16,-26.18,37.74,RANDOM_MOVEMENT
33666,0.14,0.86,0.57,1.04,-5.39,-10.50,-23.45,26.25,RANDOM_MOVEMENT
33726,0.08,0.80,0.49,0.94,-1.47,-0.84,-10.85,10.98,RANDOM_MOVEMENT
33785,-0.06,0.86,0.41,0.95,14.42,-11.06,-3.85,18.58,RANDOM_MOVEMENT
33845,-0.12,0.92,0.42,1.02,6.23,-31.78,-12.39,34.67,RANDOM_MOVEMENT
33904,-0.13,0.84,0.54,1.01,4.27,-37.38,-26.88,46.24,RANDOM_MOVEMENT
33964,-0.19,0.82,0.44,0.96,-2.73,-44.24,-25.62,51.20,RANDOM_MOVEMENT
34023,-0.20,0.86,0.55,1.04,17.78,-32.13,-31.15,48.15,RANDOM_MOVEMENT
34083,-0.08,0.98,0.40,1.06,20.72,-33.46,-48.79,62.68,RANDOM_MOVEMENT
34143,0.02,0.80,0.41,0.90,46.06,-42.07,-50.26,80.11,RANDOM_MOVEMENT
34202,-0.00,0.82,0.70,1.08,-48.86,-9.45,-37.03,62.03,RANDOM_MOVEMENT
34262,-0.00,0.69,0.64,0.95,-69.65,8.40,-12.53,71.26,RANDOM_MOVEMENT
34321,0.00,0.77,0.69,1.03,-4.97,14.35,28.98,32.72,RANDOM_MOVEMENT
34381,-0.19,0.79,0.43,0.92,0.42,-26.95,16.87,31.80,RANDOM_MOVEMENT
34440,-0.09,0.77,0.85,1.16,33.53,-40.67,21.42,56.90,RANDOM_MOVEMENT
34500,0.09,0.94,0.81,1.24,17.50,-1.12,25.34,30.82,RANDOM_MOVEMENT
34560,0.08,0.62,0.71,0.95,13.02,24.64,40.53,49.19,RANDOM_MOVEMENT
34619,0.09,0.79,0.51,0.94,27.16,22.26,60.41,69.88,RANDOM_MOVEMENT
34679,0.06,0.87,0.47,1.00,-2.52,6.23,58.66,59.04,RANDOM_MOVEMENT
34738,0.05,0.93,0.47,1.04,-6.09,-3.29,52.85,53.30,RANDOM_MOVEMENT
34798,0.08,0.90,0.46,1.02,4.48,-1.96,61.11,61.31,RANDOM_MOVEMENT
34857,0.17,0.93,0.43,1.04,24.08,-16.59,56.14,63.30,RANDOM_MOVEMENT
34917,0.19,0.89,0.49,1.04,19.95,-10.71,43.12,48.70,RANDOM_MOVEMENT
34977,0.25,0.89,0.55,1.07,18.62,-1.33,32.27,37.28,RANDOM_MOVEMENT
35036,0.36,0.86,0.49,1.06,11.76,3.08,23.94,26.85,RANDOM_MOVEMENT
35096,0.41,0.83,0.46,1.04,10.92,-0.21,21.49,24.11,RANDOM_MOVEMENT
35155,0.40,0.83,0.42,1.01,6.23,-5.95,15.19,17.46,RANDOM_MOVEMENT
35215,0.40,0.86,0.48,1.07,2.52,-3.64,5.46,7.03,RANDOM_MOVEMENT
35274,0.40,0.88,0.46,1.07,1.82,6.16,-2.31,6.83,RANDOM_MOVEMENT
35334,0.38,0.84,0.41,1.01,8.40,9.38,-5.95,13.93,RANDOM_MOVEMENT
35394,0.37,0.86,0.41,1.02,3.01,6.02,-10.50,12.47,RANDOM_MOVEMENT
35453,0.34,0.85,0.39,1.00,4.34,-1.12,-15.68,16.31,RANDOM_MOVEMENT
35513,0.34,0.86,0.41,1.01,1.33,-4.34,-22.82,23.27,RANDOM_MOVEMENT
35572,0.31,0.93,0.46,1.08,-6.44,-5.18,-28.63,29.80,RANDOM_MOVEMENT
35632,0.33,0.83,0.45,1.00,-10.29,3.01,-31.36,33.14,RANDOM_MOVEMENT
35691,0.27,0.79,0.45,0.95,-3.78,8.05,-18.83,20.82,RANDOM_MOVEMENT
35751,0.23,0.82,0.45,0.96,-9.52,7.70,-7.56,14.39,RANDOM_MOVEMENT
35811,0.21,0.88,0.45,1.01,-2.31,4.83,0.70,5.40,RANDOM_MOVEMENT
35870,0.14,0.85,0.42,0.96,6.93,-5.46,5.67,10.49,RANDOM_MOVEMENT
35930,0.11,0.90,0.45,1.01,3.01,-13.37,-1.33,13.77,RANDOM_MOVEMENT
35989,0.15,0.96,0.50,1.09,1.75,-15.75,-10.50,19.01,RANDOM_MOVEMENT
36049,0.21,0.89,0.51,1.04,-11.62,-9.59,-18.13,23.57,RANDOM_MOVEMENT
36108,0.26,0.81,0.49,0.98,-11.48,-2.52,-8.40,14.45,RANDOM_MOVEMENT
36168,0.25,0.80,0.46,0.95,-7.98,-0.35,3.64,8.78,RANDOM_MOVEMENT
36228,0.26,0.82,0.46,0.98,-6.23,0.63,13.65,15.02,RANDOM_MOVEMENT
36287,0.22,0.84,0.47,0.98,1.05,-5.95,21.42,22.26,RANDOM_MOVEMENT
36347,0.17,0.89,0.44,1.00,1.61,-14.63,21.56,26.10,RANDOM_MOVEMENT
36406,0.23,0.92,0.49,1.07,-6.51,-18.83,7.49,21.28,RANDOM_MOVEMENT
36466,0.29,0.84,0.48,1.01,-6.02,-6.51,-4.97,10.16,RANDOM_MOVEMENT
36525,0.34,0.81,0.51,1.01,-7.63,5.81,-1.19,9.66,RANDOM_MOVEMENT
36585,0.36,0.80,0.54,1.03,-9.45,9.94,8.82,16.31,RANDOM_MOVEMENT
36645,0.36,0.80,0.53,1.02,-8.05,8.26,24.50,27.08,RANDOM_MOVEMENT
36704,0.31,0.80,0.52,1.00,-2.80,6.72,29.47,30.36,RANDOM_MOVEMENT
36764,0.26,0.79,0.49,0.97,5.32,1.68,29.12,29.65,RANDOM_MOVEMENT
36823,0.27,0.83,0.54,1.02,6.30,-7.98,16.38,19.28,RANDOM_MOVEMENT
36883,0.36,0.81,0.58,1.05,-5.18,-2.52,2.17,6.16,RANDOM_MOVEMENT
36942,0.38,0.88,0.59,1.13,-2.94,12.04,-5.32,13.49,RANDOM_MOVEMENT
37002,0.36,0.81,0.57,1.05,2.10,27.02,-7.98,28.25,RANDOM_MOVEMENT
37062,0.33,0.77,0.61,1.03,4.76,28.70,-10.64,30.98,RANDOM_MOVEMENT
37121,0.32,0.76,0.58,1.01,92.47,24.85,1.26,95.76,RANDOM_MOVEMENT
37181,0.34,0.90,0.44,1.06,37.66,23.10,-16.10,47.02,RANDOM_MOVEMENT
37240,0.32,0.90,0.41,1.04,11.41,17.43,-26.67,33.84,RANDOM_MOVEMENT
37300,0.30,0.98,0.49,1.14,0.42,22.68,-41.02,46.87,RANDOM_MOVEMENT
37359,0.17,0.97,0.56,1.13,-5.25,34.72,-56.77,66.75,RANDOM_MOVEMENT
37419,0.01,0.94,0.61,1.12,-0.77,45.92,-70.77,84.37,RANDOM_MOVEMENT
37479,-0.11,0.89,0.62,1.08,18.20,49.63,-70.91,88.45,RANDOM_MOVEMENT
37538,-0.18,0.98,0.55,1.14,-28.28,64.40,-72.03,100.67,RANDOM_MOVEMENT
37598,-0.43,0.25,0.25,0.55,-34.79,71.19,-40.11,88.81,RANDOM_MOVEMENT
37657,-0.21,1.02,0.14,1.05,-99.33,74.34,-26.39,126.84,RANDOM_MOVEMENT
37717,-0.18,0.85,0.49,1.00,47.39,57.47,-21.98,77.66,RANDOM_MOVEMENT
37776,-0.29,0.99,0.19,1.05,-94.15,79.94,-52.43,134.18,RANDOM_MOVEMENT
37836,-0.64,0.16,0.37,0.75,-209.23,57.54,-11.06,217.28,RANDOM_MOVEMENT
37896,-0.49,0.23,0.50,0.74,-145.46,20.93,64.12,160.34,RANDOM_MOVEMENT
37955,-0.27,0.48,0.77,0.95,-140.35,-2.17,91.70,167.67,RANDOM_MOVEMENT
38015,-0.14,0.61,0.78,1.00,-67.76,-6.79,78.05,103.58,RANDOM_MOVEMENT
38074,-0.06,0.66,0.76,1.01,3.50,-16.03,61.95,64.09,RANDOM_MOVEMENT
38134,-0.04,0.70,1.00,1.22,-18.06,-12.60,21.98,31.11,RANDOM_MOVEMENT
38193,-0.39,0.67,0.98,1.25,46.27,18.62,-3.92,50.03,RANDOM_MOVEMENT
38253,-0.46,0.55,0.86,1.12,-9.59,-11.20,11.90,18.95,RANDOM_MOVEMENT
38313,-0.16,0.62,0.68,0.93,19.46,0.77,20.65,28.38,RANDOM_MOVEMENT
38372,-0.31,0.51,0.77,0.97,6.79,15.26,-15.47,22.77,RANDOM_MOVEMENT
38432,-0.35,0.49,0.80,1.00,6.16,7.28,-8.12,12.53,RANDOM_MOVEMENT
38491,-0.33,0.55,0.78,1.01,8.05,2.03,-0.98,8.36,RANDOM_MOVEMENT
38551,-0.33,0.58,0.78,1.02,5.60,-0.98,-0.70,5.73,RANDOM_MOVEMENT
38610,-0.33,0.57,0.80,1.03,3.29,-2.10,1.68,4.25,RANDOM_MOVEMENT
38670,-0.33,0.58,0.78,1.03,-3.15,-5.39,0.35,6.25,RANDOM_MOVEMENT
38730,-0.34,0.54,0.80,1.03,0.56,-3.01,-0.07,3.06,RANDOM_MOVEMENT
38789,-0.34,0.62,0.77,1.04,1.33,-2.45,-1.82,3.33,RANDOM_MOVEMENT
38849,-0.32,0.58,0.80,1.04,5.04,1.19,-0.35,5.19,RANDOM_MOVEMENT
38908,-0.30,0.57,0.73,0.97,-5.25,0.42,-6.37,8.27,RANDOM_MOVEMENT
38968,-0.34,0.53,0.71,0.95,21.35,-3.36,4.48,22.07,RANDOM_MOVEMENT
39027,-0.31,0.64,0.77,1.05,2.80,-3.08,-1.47,4.41,RANDOM_MOVEMENT
39087,-0.33,0.58,0.76,1.01,-6.02,-4.48,0.91,7.56,RANDOM_MOVEMENT
39147,-0.33,0.55,0.80,1.03,-1.89,-5.25,2.10,5.96,RANDOM_MOVEMENT
39206,-0.33,0.59,0.78,1.03,5.25,0.28,1.19,5.39,RANDOM_MOVEMENT
39266,-0.34,0.60,0.77,1.03,4.27,-0.84,-0.28,4.36,RANDOM_MOVEMENT
39325,-0.33,0.59,0.74,1.00,5.11,-0.91,-2.17,5.63,RANDOM_MOVEMENT
39385,-0.32,0.59,0.77,1.02,4.90,-1.33,-2.45,5.64,RANDOM_MOVEMENT
Recording stopped
