Recording started
time,accelX,accelY,accelZ,accelMagnitude,gyroX,gyroY,gyroZ,gyroMagnitude,activity
9,0.78,0.36,0.48,0.98,-4.20,-4.34,12.25,13.66,STILL
68,0.75,0.41,0.50,0.99,0.84,-0.14,5.11,5.18,STILL
126,0.72,0.44,0.51,0.99,12.32,7.21,-9.80,17.31,STILL
185,0.74,0.45,0.59,1.04,20.93,22.26,-26.60,40.51,STILL
244,0.73,0.46,0.51,1.01,39.06,34.37,-37.24,63.98,STILL
304,0.66,0.50,0.44,0.94,27.93,9.52,-44.73,53.59,STILL
363,0.66,0.48,0.43,0.92,1.82,-18.06,-47.32,50.68,STILL
421,0.69,0.48,0.42,0.94,-13.09,-29.26,-21.42,38.55,STILL
481,0.75,0.47,0.41,0.97,-22.75,-38.85,-22.68,50.41,STILL
539,0.86,0.52,0.43,1.10,-14.35,-28.42,-11.41,33.82,STILL
598,0.87,0.58,0.39,1.12,-18.55,-16.94,-16.45,30.03,STILL
658,0.75,0.56,0.34,1.00,-23.94,-29.19,-19.04,42.28,STILL
716,0.75,0.59,0.35,1.02,-35.42,-28.56,-0.98,45.51,STILL
776,0.77,0.60,0.32,1.03,-21.42,-23.94,11.20,34.02,STILL
834,0.77,0.60,0.34,1.03,-17.57,-23.17,13.16,31.92,STILL
893,0.80,0.58,0.37,1.05,-10.08,-16.52,12.46,23.02,STILL
952,0.80,0.56,0.38,1.04,-1.33,-9.38,8.68,12.85,STILL
1011,0.79,0.54,0.39,1.03,0.70,-1.40,3.29,3.64,STILL
1070,0.78,0.52,0.40,1.02,0.70,3.85,0.28,3.92,STILL
1128,0.79,0.48,0.42,1.01,11.55,7.98,2.80,14.32,STILL
1187,0.77,0.48,0.39,0.98,14.56,17.22,6.02,23.34,STILL
1245,0.80,0.48,0.40,1.01,9.38,15.12,13.30,22.21,STILL
1304,0.74,0.51,0.39,0.98,13.79,3.78,19.81,24.43,STILL
1363,0.71,0.52,0.44,0.99,-7.00,-4.27,14.28,16.47,STILL
1422,0.77,0.49,0.47,1.03,-2.52,-3.01,15.61,16.10,STILL
1481,0.79,0.54,0.46,1.06,8.12,5.25,9.87,13.82,STILL
1539,0.78,0.50,0.45,1.03,0.70,5.95,1.61,6.20,STILL
1598,0.77,0.48,0.45,1.01,4.55,1.19,0.77,4.77,STILL
1657,0.76,0.46,0.43,0.99,-7.28,-0.49,-9.80,12.22,STILL
1715,0.79,0.44,0.45,1.01,-12.04,-4.34,-17.85,21.96,STILL
1774,0.82,0.41,0.48,1.03,-4.48,14.77,-21.91,26.80,STILL
1833,0.78,0.40,0.47,1.00,6.79,1.96,-19.18,20.44,STILL
1892,0.70,0.41,0.45,0.92,4.20,-1.05,-20.02,20.48,STILL
1950,0.70,0.40,0.47,0.93,-2.10,-6.02,-13.44,14.88,STILL
2009,0.75,0.43,0.47,0.98,-2.59,-8.54,-0.14,8.93,STILL
2068,0.77,0.44,0.47,1.00,-9.10,-4.48,8.26,13.08,STILL
2126,0.75,0.51,0.42,1.01,-6.23,-2.45,7.91,10.36,STILL
2185,0.79,0.50,0.45,1.04,-17.71,-0.70,-1.33,17.77,STILL
2243,0.76,0.49,0.45,1.01,8.19,1.40,0.21,8.31,STILL
2302,0.77,0.50,0.43,1.01,3.99,-3.15,0.07,5.08,STILL
2361,0.76,0.48,0.43,1.00,10.01,-3.43,3.71,11.21,STILL
2419,0.74,0.51,0.42,0.99,0.77,-8.89,5.46,10.46,STILL
2478,0.75,0.50,0.45,1.01,-5.67,-16.24,10.92,20.37,STILL
2536,0.77,0.50,0.45,1.02,-7.28,-12.67,5.32,15.55,STILL
2595,0.79,0.49,0.46,1.03,-5.74,-6.02,1.61,8.47,STILL
2655,0.80,0.50,0.43,1.04,4.90,-2.73,-3.15,6.43,STILL
2713,0.79,0.47,0.42,1.01,2.03,-1.68,-8.26,8.67,STILL
2772,0.77,0.45,0.39,0.97,0.77,-4.20,-6.93,8.14,STILL
2830,0.78,0.46,0.41,0.99,-1.19,-8.05,-2.59,8.54,STILL
2889,0.81,0.45,0.42,1.01,-0.63,-6.58,-0.63,6.64,STILL
2948,0.80,0.46,0.42,1.01,-0.91,-5.81,-4.62,7.48,STILL
3007,0.78,0.45,0.42,1.00,-3.36,-6.30,1.33,7.26,STILL
3066,0.78,0.47,0.41,1.00,-2.59,-3.57,0.21,4.42,STILL
3125,0.79,0.49,0.41,1.01,-3.85,-6.09,1.05,7.28,STILL
3184,0.80,0.48,0.41,1.02,-2.52,-3.29,-1.82,4.53,STILL
3242,0.78,0.48,0.39,1.00,-2.87,-5.18,-2.45,6.41,STILL
3301,0.79,0.48,0.41,1.01,-6.44,-8.96,0.28,11.04,STILL
3360,0.79,0.48,0.43,1.02,-8.19,-9.24,-1.26,12.41,STILL
3418,0.78,0.47,0.44,1.01,-4.06,-5.04,-4.34,7.79,STILL
3476,0.78,0.47,0.44,1.01,3.08,-0.07,-2.59,4.02,STILL
3534,0.79,0.48,0.44,1.03,5.11,6.93,-11.76,14.58,STILL
3593,0.77,0.44,0.42,0.98,4.06,8.61,-11.27,14.75,STILL
3653,0.76,0.46,0.39,0.97,7.07,3.85,-0.84,8.09,STILL
3711,0.79,0.48,0.39,1.00,-1.40,-1.47,0.63,2.13,STILL
3770,0.80,0.49,0.40,1.02,-3.85,-5.25,-2.73,7.06,STILL
3829,0.79,0.48,0.40,1.01,-0.56,-5.67,0.49,5.72,STILL
3888,0.77,0.48,0.41,1.00,-0.77,-5.60,0.70,5.70,STILL
3947,0.77,0.47,0.40,0.98,-3.92,-4.48,-1.47,6.13,STILL
4006,0.78,0.45,0.40,0.99,-2.94,-7.35,2.66,8.35,STILL
4065,0.77,0.44,0.40,0.97,-9.31,-10.29,2.17,14.05,STILL
4124,0.80,0.44,0.42,1.00,-9.03,-8.47,4.48,13.17,STILL
4184,0.83,0.46,0.43,1.04,-1.54,-6.79,10.43,12.54,STILL
4242,0.82,0.47,0.42,1.04,4.55,-0.63,6.30,7.80,STILL
4302,0.79,0.46,0.41,1.00,2.59,-3.15,4.48,6.06,STILL
4361,0.78,0.45,0.41,0.99,2.87,-2.59,7.14,8.12,STILL
4419,0.81,0.48,0.41,1.03,-2.73,-8.40,8.96,12.58,STILL
4478,0.82,0.51,0.43,1.05,0.42,-5.39,1.26,5.55,STILL
4536,0.80,0.49,0.44,1.03,-0.49,0.49,-5.95,5.99,STILL
4595,0.78,0.48,0.43,1.01,2.94,3.15,-8.82,9.82,STILL
4654,0.79,0.48,0.44,1.02,6.16,6.30,-9.38,12.87,STILL
4712,0.78,0.47,0.44,1.01,2.66,6.09,-12.60,14.25,STILL
4771,0.79,0.45,0.44,1.00,2.59,12.46,-9.03,15.60,STILL
4829,0.80,0.45,0.44,1.01,7.07,10.36,-7.35,14.54,STILL
4888,0.79,0.46,0.43,1.01,6.23,10.01,-5.95,13.21,STILL
4947,0.78,0.45,0.43,1.00,3.99,13.51,-0.98,14.12,STILL
5005,0.77,0.46,0.43,1.00,4.83,7.42,0.07,8.85,STILL
5064,0.78,0.44,0.41,0.99,8.26,5.95,4.48,11.12,STILL
5122,0.82,0.43,0.38,1.01,15.96,1.96,14.28,21.51,STILL
5181,0.77,0.47,0.38,0.98,5.81,-5.25,20.23,21.69,STILL
5240,0.75,0.45,0.43,0.97,-10.43,-10.92,13.79,20.45,STILL
5298,0.78,0.44,0.47,1.01,7.28,2.31,17.57,19.16,STILL
5357,0.79,0.48,0.44,1.02,20.37,5.46,12.74,24.64,STILL
5415,0.78,0.47,0.42,1.00,10.50,0.35,9.66,14.27,STILL
5474,0.76,0.46,0.41,0.98,-10.01,-8.40,5.67,14.24,STILL
5533,0.77,0.45,0.45,1.00,-17.08,-11.13,7.84,21.84,STILL
5592,0.79,0.48,0.47,1.04,-6.72,-0.84,8.96,11.23,STILL
5651,0.78,0.52,0.45,1.04,6.30,1.05,-1.75,6.62,STILL
5709,0.77,0.52,0.44,1.03,2.10,-0.49,-9.31,9.56,STILL
5768,0.76,0.48,0.45,1.01,-6.30,-2.17,-14.42,15.89,STILL
5827,0.77,0.49,0.43,1.01,-4.27,-0.91,-16.38,16.95,STILL
5886,0.81,0.47,0.44,1.03,6.86,2.17,-19.53,20.81,STILL
5945,0.79,0.47,0.41,1.01,5.74,-0.14,-24.71,25.37,STILL
6004,0.77,0.46,0.41,0.99,0.98,-9.31,-15.75,18.32,STILL
6063,0.79,0.45,0.42,1.00,-0.84,-6.65,-15.68,17.05,STILL
6123,0.78,0.43,0.42,0.99,-4.62,-5.81,-8.19,11.05,STILL
6182,0.76,0.43,0.42,0.97,-5.53,-8.47,-4.41,11.03,STILL
6241,0.77,0.45,0.43,0.99,-4.62,-9.80,3.01,11.24,STILL
6299,0.77,0.48,0.42,1.00,-3.71,-9.38,6.65,12.08,STILL
6358,0.79,0.48,0.44,1.02,-4.41,-10.85,7.35,13.83,STILL
6416,0.76,0.49,0.44,1.00,-6.44,-7.70,9.87,14.08,STILL
6476,0.76,0.49,0.44,1.00,-2.24,-4.06,10.15,11.16,STILL
6534,0.75,0.50,0.43,1.00,2.03,-1.54,4.55,5.21,STILL
6593,0.77,0.49,0.42,1.00,12.88,2.10,-2.52,13.29,STILL
6653,0.78,0.49,0.37,0.99,23.38,-2.17,2.31,23.59,STILL
6711,0.76,0.51,0.36,0.99,-0.84,-10.08,1.33,10.20,STILL
6770,0.77,0.50,0.40,1.00,-7.63,-12.18,0.91,14.40,STILL
6829,0.80,0.50,0.40,1.02,-1.40,-9.59,1.68,9.84,STILL
6888,0.80,0.52,0.39,1.03,-0.35,-6.30,1.61,6.51,STILL
6947,0.78,0.50,0.38,1.00,-9.94,-6.23,-1.61,11.84,STILL
7006,0.79,0.47,0.38,0.99,-1.12,-5.81,-2.31,6.35,STILL
7065,0.81,0.48,0.38,1.01,1.61,-4.76,0.56,5.06,STILL
7122,0.81,0.49,0.38,1.02,-2.38,-7.07,3.57,8.27,STILL
7181,0.83,0.47,0.39,1.03,-3.15,-5.60,-0.84,6.48,STILL
7240,0.82,0.45,0.40,1.02,2.03,-1.05,0.35,2.31,STILL
7298,0.82,0.44,0.39,1.01,3.71,0.56,1.61,4.08,STILL
7357,0.81,0.43,0.37,0.99,3.78,3.78,3.08,6.17,STILL
7415,0.80,0.41,0.35,0.97,6.72,7.56,6.02,11.77,STILL
7474,0.82,0.41,0.34,0.98,14.21,6.02,11.83,19.45,STILL
7533,0.84,0.43,0.36,1.02,16.52,6.30,19.60,26.40,STILL
7591,0.86,0.45,0.38,1.04,13.93,5.11,19.18,24.25,STILL
7650,0.86,0.43,0.40,1.04,9.66,10.36,19.11,23.79,STILL
7708,0.87,0.40,0.39,1.03,15.89,11.13,18.83,27.04,STILL
7767,0.87,0.41,0.38,1.03,14.98,10.36,21.56,28.22,STILL
7826,0.87,0.39,0.39,1.03,9.38,7.70,23.94,26.84,STILL
7885,0.85,0.37,0.39,1.01,12.39,10.29,27.79,32.12,STILL
7945,0.83,0.37,0.39,0.99,17.57,11.13,30.87,37.22,STILL
8004,0.79,0.39,0.38,0.96,24.15,11.41,35.28,44.25,STILL
8063,0.79,0.41,0.38,0.97,21.21,6.16,30.31,37.50,STILL
8121,0.80,0.42,0.39,0.99,18.90,-3.36,17.99,26.31,STILL
8180,0.82,0.40,0.43,1.01,10.57,-1.75,4.69,11.70,STILL
8239,0.83,0.38,0.44,1.01,12.18,-1.12,-4.76,13.12,STILL
8297,0.83,0.37,0.45,1.01,7.14,-2.80,-14.70,16.58,STILL
8357,0.84,0.35,0.45,1.02,2.52,-3.64,-16.52,17.10,STILL
8415,0.85,0.35,0.44,1.02,2.10,-2.66,-17.64,17.96,STILL
8474,0.88,0.36,0.43,1.04,-8.05,0.63,-18.27,19.97,STILL
8533,0.87,0.34,0.42,1.02,-11.69,-3.15,-16.94,20.82,STILL
8591,0.83,0.33,0.38,0.98,-6.79,2.24,-14.98,16.60,STILL
8651,0.83,0.35,0.37,0.97,-17.29,-6.51,-0.77,18.49,STILL
8710,0.85,0.35,0.39,1.00,-14.91,-9.38,-1.47,17.68,STILL
8769,0.84,0.35,0.39,0.99,-7.63,-6.79,-0.49,10.23,STILL
8828,0.83,0.36,0.38,0.98,-3.92,-5.74,-0.14,6.95,STILL
8887,0.81,0.36,0.39,0.97,-0.63,-6.51,0.49,6.56,STILL
8946,0.78,0.39,0.37,0.95,2.59,-2.94,-2.31,4.55,STILL
9005,0.80,0.41,0.38,0.97,3.64,-8.68,1.54,9.54,STILL
9064,0.81,0.44,0.37,1.00,1.47,-8.33,-3.78,9.26,STILL
9122,0.83,0.43,0.40,1.01,-1.33,-7.35,-10.36,12.77,STILL
9182,0.85,0.46,0.40,1.05,0.21,-8.68,-18.27,20.23,STILL
9241,0.84,0.44,0.41,1.03,-7.00,-8.05,-25.13,27.30,STILL
9298,0.82,0.44,0.38,1.00,-7.28,-8.68,-19.25,22.34,STILL
9357,0.82,0.45,0.36,1.00,-7.70,-6.86,-18.06,20.80,STILL
9415,0.83,0.47,0.36,1.02,-13.51,-2.94,-24.29,27.95,STILL
9474,0.84,0.46,0.38,1.03,-16.66,-12.88,-18.20,27.83,STILL
9533,0.84,0.46,0.36,1.02,-11.34,-4.90,-20.79,24.18,STILL
9591,0.83,0.45,0.34,1.01,-11.55,-6.30,-20.09,24.01,STILL
9651,0.85,0.46,0.35,1.03,-11.97,-10.57,-17.15,23.43,STILL
9709,0.83,0.45,0.34,1.00,-13.16,-11.06,-13.93,22.13,STILL
9768,0.80,0.45,0.35,0.98,-15.19,-13.09,-8.40,21.74,STILL
9826,0.79,0.47,0.37,0.99,-12.74,-12.81,1.61,18.14,STILL
9885,0.80,0.48,0.37,1.01,-5.67,-5.46,-0.07,7.87,STILL
9944,0.80,0.49,0.36,1.00,-1.40,-2.94,0.42,3.28,STILL
10002,0.80,0.50,0.37,1.02,-0.28,-0.42,-0.28,0.58,STILL
10061,0.82,0.49,0.39,1.03,3.01,1.54,-2.80,4.39,STILL
10119,0.80,0.49,0.39,1.02,6.79,2.87,-4.41,8.59,STILL
10178,0.78,0.48,0.39,1.00,1.68,1.12,-1.61,2.58,STILL
10237,0.76,0.48,0.39,0.98,1.82,0.07,0.28,1.84,STILL
10295,0.76,0.49,0.39,0.98,-0.84,-1.05,3.01,3.30,STILL
10354,0.77,0.50,0.39,1.00,-2.87,-2.17,4.20,5.53,STILL
10412,0.78,0.50,0.38,1.00,-2.94,-1.26,4.06,5.17,STILL
10471,0.79,0.51,0.38,1.01,-1.54,15.26,2.24,15.50,STILL
10530,0.79,0.52,0.37,1.01,-4.97,-8.96,3.36,10.78,STILL
10588,0.78,0.50,0.38,1.00,-5.25,-7.00,-0.70,8.78,STILL
10646,0.78,0.50,0.39,1.00,-9.52,-12.18,1.61,15.54,STILL
10704,0.79,0.51,0.39,1.02,-5.53,-6.65,-0.70,8.68,STILL
10763,0.80,0.50,0.40,1.03,-4.97,-4.83,-3.50,7.76,STILL
10822,0.80,0.49,0.39,1.01,-6.72,-4.13,-2.94,8.42,STILL
10880,0.79,0.48,0.39,1.00,-3.29,-1.89,-5.88,7.00,STILL
10939,0.79,0.47,0.39,1.00,-2.45,-2.38,-3.99,5.25,STILL
10997,0.78,0.47,0.38,0.99,-4.13,0.14,-2.17,4.67,STILL
11056,0.79,0.48,0.37,0.99,-2.94,-2.73,-0.07,4.01,STILL
11115,0.80,0.49,0.38,1.01,-1.05,-1.82,0.56,2.17,STILL
11173,0.79,0.49,0.37,1.00,-1.75,-2.17,-0.84,2.91,STILL
11232,0.79,0.48,0.37,1.00,0.77,-2.73,-0.07,2.84,STILL
11290,0.79,0.48,0.38,1.00,0.98,-4.20,0.21,4.32,STILL
11350,0.78,0.48,0.39,1.00,-2.80,-0.70,0.35,2.91,STILL
11408,0.79,0.49,0.40,1.01,0.91,-2.59,2.94,4.02,STILL
11467,0.80,0.50,0.40,1.02,1.40,-2.10,2.38,3.47,STILL
11526,0.79,0.49,0.40,1.01,3.15,-1.12,0.84,3.45,STILL
11584,0.79,0.49,0.39,1.00,1.96,-0.63,0.07,2.06,STILL
11643,0.79,0.49,0.39,1.01,1.96,17.85,-1.26,18.00,STILL
11702,0.80,0.48,0.38,1.01,1.26,-1.33,0.21,1.84,STILL
11761,0.79,0.48,0.38,1.00,1.82,-1.05,1.12,2.38,STILL
11820,0.79,0.48,0.38,1.00,-0.84,1.47,-0.63,1.81,STILL
11879,0.79,0.48,0.38,1.01,0.63,-3.01,2.45,3.93,STILL
11938,0.79,0.49,0.38,1.00,0.49,-2.38,1.75,2.99,STILL
11996,0.79,0.49,0.39,1.01,-0.28,-1.75,0.21,1.78,STILL
12055,0.78,0.49,0.39,1.00,0.42,-3.57,-0.84,3.69,STILL
12114,0.79,0.48,0.39,1.00,-0.77,-0.98,0.14,1.25,STILL
12172,0.80,0.49,0.38,1.01,-4.69,1.82,-5.39,7.37,STILL
12232,0.79,0.49,0.38,1.01,-2.10,-2.73,-2.80,4.44,STILL
12290,0.79,0.48,0.39,1.00,-1.12,-1.89,-2.80,3.56,STILL
12349,0.80,0.48,0.40,1.01,-1.61,2.03,-2.59,3.66,STILL
12408,0.80,0.49,0.41,1.02,0.35,-0.70,-3.92,4.00,STILL
12467,0.79,0.46,0.40,1.00,1.40,1.05,-2.24,2.84,STILL
12526,0.79,0.48,0.39,1.00,4.41,1.26,-0.21,4.59,STILL
12584,0.80,0.47,0.39,1.00,0.70,2.66,0.63,2.82,STILL
12643,0.80,0.48,0.38,1.01,2.73,2.94,-1.54,4.30,STILL
12703,0.79,0.49,0.39,1.01,0.91,8.33,0.56,8.40,STILL
12761,0.79,0.49,0.40,1.01,4.97,1.47,2.03,5.57,STILL
12820,0.78,0.49,0.40,1.00,5.11,3.57,-1.68,6.46,STILL
12879,0.77,0.46,0.41,0.99,3.36,-5.46,3.22,7.17,STILL
12938,0.79,0.49,0.40,1.01,3.92,1.89,2.10,4.83,STILL
12996,0.79,0.47,0.38,0.99,0.28,0.49,0.98,1.13,STILL
13055,0.79,0.45,0.38,0.98,-0.21,-7.00,2.45,7.42,STILL
13114,0.78,0.46,0.39,0.99,1.47,-3.78,3.57,5.40,STILL
13172,0.78,0.46,0.40,0.99,0.14,-3.92,3.85,5.50,STILL
13231,0.78,0.47,0.39,1.00,0.21,-5.11,4.41,6.75,STILL
13289,0.79,0.47,0.39,1.00,-0.77,-5.11,3.71,6.36,STILL
13348,0.81,0.46,0.38,1.00,-2.94,-6.58,2.03,7.49,STILL
13408,0.82,0.43,0.38,1.00,-3.57,-8.68,4.13,10.25,STILL
13466,0.81,0.44,0.41,1.01,-3.08,-7.21,5.81,9.76,STILL
13526,0.79,0.47,0.42,1.02,-0.63,-6.79,10.01,12.11,STILL
13584,0.79,0.51,0.42,1.03,-0.84,-4.27,6.79,8.06,STILL
13643,0.81,0.52,0.41,1.05,-0.21,-1.40,-0.56,1.52,STILL
13702,0.80,0.48,0.40,1.02,0.98,-0.98,-6.09,6.25,STILL
13761,0.80,0.45,0.39,1.00,3.36,4.13,-10.29,11.59,STILL
13820,0.80,0.43,0.37,0.99,4.48,3.57,-8.05,9.88,STILL
13877,0.81,0.44,0.37,0.99,-1.12,0.28,-6.44,6.54,STILL
13936,0.81,0.45,0.38,1.00,0.14,-1.26,-6.86,6.98,STILL
13994,0.80,0.46,0.40,1.01,2.31,-2.52,-2.87,4.46,STILL
14053,0.79,0.48,0.40,1.00,-1.40,-0.21,-6.65,6.80,STILL
14112,0.79,0.48,0.41,1.01,0.91,16.73,-8.12,18.62,STILL
14170,0.78,0.49,0.42,1.01,-0.91,0.07,-8.26,8.31,STILL
14230,0.78,0.48,0.42,1.01,0.07,1.89,-7.35,7.59,STILL
14288,0.78,0.48,0.41,1.01,-0.35,3.50,-7.07,7.90,STILL
14347,0.78,0.47,0.40,1.00,-1.12,2.52,-5.95,6.56,STILL
14406,0.78,0.47,0.40,0.99,-0.35,2.03,-3.57,4.12,STILL
14464,0.79,0.47,0.38,0.99,1.47,1.54,-0.77,2.26,STILL
14523,0.78,0.47,0.38,0.98,0.00,-1.68,0.35,1.72,STILL
14581,0.77,0.47,0.39,0.98,-1.61,-3.71,4.97,6.41,STILL
14640,0.78,0.49,0.41,1.01,-2.17,-7.00,5.18,8.97,STILL
14699,0.78,0.48,0.42,1.01,-3.99,-6.65,7.49,10.78,STILL
14757,0.78,0.49,0.43,1.02,-2.31,-6.09,8.89,11.02,STILL
14816,0.78,0.51,0.42,1.02,-0.91,-5.46,6.23,8.33,STILL
14874,0.76,0.50,0.42,1.01,-2.24,-3.71,4.55,6.28,STILL
14933,0.77,0.50,0.41,1.01,-0.84,-4.06,3.22,5.25,STILL
14991,0.78,0.50,0.40,1.01,0.00,-4.13,0.21,4.14,STILL
15050,0.78,0.48,0.40,1.00,-0.49,-4.62,-2.24,5.16,STILL
15109,0.78,0.48,0.40,1.00,-0.84,-6.16,-2.03,6.54,STILL
15167,0.79,0.48,0.40,1.00,-1.82,-7.21,-3.57,8.25,STILL
15226,0.79,0.47,0.41,1.00,-2.03,-6.72,-3.99,8.07,STILL
15284,0.80,0.47,0.41,1.01,-0.84,-5.67,-3.29,6.61,STILL
15343,0.80,0.47,0.41,1.02,-0.70,-5.81,-3.92,7.04,STILL
15402,0.80,0.46,0.42,1.01,-2.03,-2.73,-1.89,3.89,STILL
15460,0.80,0.48,0.43,1.03,-0.07,-0.28,-2.17,2.19,STILL
15519,0.81,0.46,0.42,1.02,1.89,1.89,-1.89,3.27,STILL
15577,0.79,0.44,0.41,0.99,4.27,4.48,-0.35,6.20,STILL
15636,0.78,0.45,0.39,0.99,3.71,4.41,3.64,6.82,STILL
15695,0.79,0.47,0.38,1.00,5.18,3.43,4.83,7.87,STILL
15753,0.79,0.47,0.37,0.99,3.08,0.28,4.20,5.22,STILL
15812,0.78,0.48,0.37,0.99,3.57,-1.75,4.48,5.99,STILL
15870,0.80,0.49,0.39,1.01,3.71,-3.85,4.06,6.71,STILL
15929,0.81,0.48,0.41,1.02,5.11,-4.20,3.08,7.30,STILL
15988,0.79,0.46,0.42,1.01,6.51,-2.45,1.82,7.19,STILL
16046,0.78,0.45,0.42,0.99,5.74,-1.05,3.22,6.66,STILL
16105,0.78,0.46,0.43,1.00,2.52,-1.19,4.97,5.70,STILL
16163,0.79,0.48,0.42,1.01,2.66,-0.07,4.06,4.85,STILL
16222,0.78,0.48,0.41,1.01,0.14,0.42,2.59,2.63,STILL
16281,0.79,0.49,0.39,1.01,1.33,0.84,1.54,2.20,STILL
16339,0.79,0.49,0.38,1.00,-0.77,-1.61,-3.29,3.74,STILL
16399,0.79,0.48,0.37,1.00,-1.33,-3.92,-3.92,5.70,STILL
16457,0.79,0.45,0.38,0.99,-2.45,-5.74,-4.13,7.48,STILL
16516,0.81,0.45,0.39,1.01,-4.27,-7.70,-2.03,9.04,STILL
16574,0.82,0.45,0.41,1.02,-1.40,-6.79,-0.42,6.95,STILL
16633,0.80,0.44,0.41,1.01,-3.43,-8.12,0.49,8.83,STILL
16692,0.78,0.46,0.42,1.00,-4.06,-4.76,1.89,6.54,STILL
16750,0.79,0.47,0.42,1.01,-0.98,-1.89,1.75,2.76,STILL
16809,0.80,0.49,0.40,1.02,0.56,-4.83,-1.19,5.01,STILL
16867,0.80,0.48,0.40,1.01,-1.05,0.56,-5.25,5.38,STILL
16926,0.80,0.47,0.39,1.00,1.05,2.24,-5.60,6.12,STILL
16985,0.80,0.45,0.39,1.00,3.15,1.54,-5.53,6.55,STILL
17043,0.80,0.45,0.39,1.00,2.24,0.98,-3.78,4.50,STILL
17102,0.80,0.45,0.40,1.00,2.87,-0.70,-3.64,4.69,STILL
17160,0.79,0.45,0.40,0.99,0.70,-0.77,-0.91,1.38,STILL
17219,0.80,0.47,0.40,1.01,1.19,-1.19,0.56,1.77,STILL
17278,0.80,0.48,0.41,1.02,-0.91,-1.26,0.21,1.57,STILL
17336,0.79,0.48,0.41,1.01,-0.28,-1.96,-0.42,2.02,STILL
17395,0.79,0.48,0.41,1.01,2.03,-1.05,-1.19,2.58,STILL
17453,0.78,0.48,0.40,1.00,1.54,-1.19,-1.12,2.25,STILL
17512,0.78,0.48,0.39,0.99,0.28,-1.96,-1.33,2.39,STILL
17571,0.79,0.47,0.39,1.00,0.84,-4.13,-0.91,4.31,STILL
17629,0.79,0.47,0.39,1.00,0.00,-4.83,-0.98,4.93,STILL
17688,0.79,0.48,0.39,1.01,0.56,-5.46,-0.49,5.51,STILL
17746,0.79,0.48,0.41,1.01,-1.26,-6.30,-1.33,6.56,STILL
17805,0.77,0.48,0.41,1.00,-1.12,-5.46,-1.96,5.91,STILL
17864,0.75,0.47,0.38,0.96,-0.84,-4.48,-2.17,5.05,STILL
17922,0.67,0.46,0.33,0.88,0.21,-7.14,-4.62,8.51,STILL
17981,0.73,0.52,0.32,0.95,-4.27,-16.52,-1.05,17.10,STILL
18039,1.00,0.57,0.46,1.24,-17.57,-18.34,5.39,25.96,STILL
18099,0.90,0.52,0.41,1.11,7.14,-8.89,-12.32,16.79,STILL
18158,0.78,0.46,0.39,0.98,-6.58,-8.96,-28.00,30.13,STILL
18216,0.73,0.39,0.40,0.92,-5.18,-6.51,-10.22,13.18,STILL
18275,0.78,0.42,0.41,0.97,-2.31,-1.40,10.01,10.37,STILL
18333,0.83,0.49,0.39,1.04,1.33,3.29,10.01,10.62,STILL
18392,0.83,0.48,0.37,1.03,-3.85,3.01,3.08,5.78,STILL
18450,0.80,0.48,0.35,1.00,0.70,1.82,4.20,4.63,STILL
18509,0.79,0.48,0.35,0.99,-0.21,3.43,2.66,4.35,STILL
18569,0.79,0.49,0.35,0.99,0.21,-2.59,4.55,5.24,STILL
18627,0.80,0.49,0.36,1.00,2.17,-3.43,3.64,5.45,STILL
18686,0.79,0.49,0.37,1.00,0.98,-4.55,1.54,4.90,STILL
18744,0.80,0.49,0.38,1.01,2.03,-3.71,0.84,4.31,STILL
18803,0.80,0.48,0.39,1.01,2.59,-2.10,-0.28,3.35,STILL
18862,0.80,0.47,0.39,1.01,3.22,-0.77,-0.56,3.36,STILL
18920,0.80,0.47,0.39,1.00,2.80,-0.84,-0.77,3.02,STILL
18979,0.79,0.47,0.38,1.00,0.98,-1.40,0.21,1.72,STILL
19037,0.80,0.48,0.38,1.01,-0.42,-1.33,0.14,1.40,STILL
19096,0.80,0.48,0.38,1.01,-0.98,-1.40,-0.70,1.85,STILL
19155,0.79,0.48,0.37,1.00,-1.68,-2.17,-1.89,3.33,STILL
19213,0.80,0.48,0.37,1.00,-0.28,-2.24,-1.96,2.99,STILL
19272,0.80,0.48,0.38,1.01,-1.61,-3.22,-2.66,4.48,STILL
19330,0.80,0.47,0.38,1.00,-0.91,-3.15,-3.36,4.69,STILL
19389,0.80,0.47,0.38,1.00,-0.28,-2.52,-3.22,4.10,STILL
19448,0.80,0.47,0.38,1.00,-1.19,-2.59,-2.87,4.04,STILL
19506,0.80,0.47,0.38,1.01,0.28,-1.54,-1.96,2.51,STILL
19565,0.80,0.47,0.38,1.00,0.14,-2.03,-1.47,2.51,STILL
19623,0.80,0.47,0.38,1.00,-0.35,-0.98,-0.63,1.22,STILL
19682,0.80,0.48,0.38,1.01,1.33,-0.35,-0.56,1.48,STILL
19741,0.80,0.47,0.37,1.00,1.54,-0.49,0.49,1.69,STILL
19799,0.80,0.48,0.38,1.01,2.66,0.49,0.49,2.75,STILL
19858,0.80,0.47,0.38,1.00,3.22,0.70,0.07,3.30,STILL
19916,0.80,0.47,0.37,0.99,3.64,0.63,2.31,4.36,STILL
19975,0.80,0.48,0.37,1.00,3.01,0.49,2.17,3.74,STILL
20033,0.79,0.48,0.37,1.00,3.08,-0.35,2.52,3.99,STILL
20092,0.79,0.48,0.38,1.00,3.43,-1.68,3.29,5.04,STILL
20151,0.79,0.49,0.38,1.01,3.29,-1.33,2.66,4.43,STILL
20209,0.79,0.49,0.39,1.01,2.80,-1.54,1.96,3.75,STILL
20268,0.79,0.49,0.39,1.01,1.54,-1.96,1.61,2.97,STILL
20326,0.79,0.50,0.39,1.01,1.40,-2.24,-0.14,2.65,STILL
20385,0.79,0.48,0.39,1.00,-0.63,-1.68,-0.56,1.88,STILL
20444,0.80,0.48,0.38,1.01,-0.21,-2.24,-1.68,2.81,STILL
20502,0.79,0.48,0.38,1.00,-1.68,-2.38,-1.47,3.26,STILL
20561,0.80,0.47,0.39,1.00,-1.61,-2.03,-0.91,2.75,STILL
20619,0.80,0.48,0.38,1.01,-1.68,-2.31,-0.84,2.98,STILL
20678,0.80,0.48,0.38,1.00,-1.61,-2.52,-2.73,4.05,STILL
20738,0.78,0.48,0.37,0.99,-1.68,-3.22,-0.77,3.71,STILL
20796,0.80,0.49,0.38,1.01,-3.01,-5.74,-1.40,6.63,STILL
20855,0.80,0.48,0.38,1.01,-1.54,-4.83,-3.15,5.97,STILL
20913,0.80,0.46,0.39,1.00,-0.91,-3.43,-1.54,3.87,STILL
20972,0.80,0.46,0.39,1.00,-1.12,-3.36,-0.77,3.62,STILL
21031,0.81,0.46,0.39,1.01,-0.84,-2.94,0.77,3.15,STILL
21089,0.80,0.45,0.39,1.00,-0.98,-2.31,1.19,2.78,STILL
21147,0.80,0.46,0.38,1.00,1.61,-4.76,3.92,6.37,STILL
21205,0.80,0.47,0.38,1.00,-0.28,-0.70,2.38,2.50,STILL
21264,0.79,0.47,0.38,1.00,0.00,-1.19,1.89,2.23,STILL
21323,0.80,0.47,0.37,1.00,-0.49,-1.89,1.96,2.77,STILL
21381,0.80,0.48,0.38,1.01,-1.12,-3.22,0.21,3.42,STILL
21440,0.79,0.48,0.38,1.00,-1.96,-3.36,-1.26,4.09,STILL
21498,0.79,0.47,0.39,1.00,-1.33,-3.08,-1.89,3.85,STILL
21557,0.79,0.47,0.39,1.00,-1.40,-2.87,-2.31,3.94,STILL
21616,0.80,0.47,0.38,1.00,-1.75,-4.13,-3.43,5.65,STILL
21674,0.79,0.47,0.38,1.00,-2.52,-4.97,-3.29,6.47,STILL
21733,0.80,0.47,0.37,1.00,-3.01,-5.25,-2.80,6.67,STILL
21791,0.80,0.47,0.38,1.00,-4.76,-7.07,-3.99,9.41,STILL
21850,0.80,0.46,0.38,0.99,-5.18,-7.56,-3.36,9.76,STILL
21908,0.81,0.47,0.38,1.01,-3.64,-6.44,-2.87,7.93,STILL
21967,0.81,0.48,0.38,1.01,-4.20,-5.04,-4.06,7.72,STILL
22026,0.81,0.47,0.38,1.01,-2.38,-5.25,-4.20,7.13,STILL
22084,0.81,0.45,0.38,1.00,0.00,-3.22,-3.29,4.60,STILL
22143,0.82,0.45,0.38,1.01,0.28,-1.05,-1.82,2.12,STILL
22201,0.82,0.45,0.38,1.01,2.66,-0.21,17.85,18.05,STILL
22260,0.82,0.44,0.38,1.00,3.99,0.49,1.33,4.23,STILL
22319,0.82,0.44,0.38,1.00,5.04,2.59,3.50,6.66,STILL
22377,0.82,0.45,0.38,1.01,8.05,4.27,5.25,10.52,STILL
22436,0.81,0.46,0.37,1.00,9.52,4.97,5.81,12.21,STILL
22494,0.80,0.46,0.37,1.00,10.29,6.23,6.72,13.78,STILL
22553,0.80,0.47,0.37,1.00,10.29,4.97,7.00,13.40,STILL
22612,0.79,0.47,0.38,1.00,10.29,3.78,7.35,13.20,STILL
22670,0.79,0.47,0.39,1.00,7.07,3.64,6.72,10.41,STILL
22729,0.79,0.49,0.38,1.01,5.88,1.54,3.92,7.23,STILL
22787,0.79,0.50,0.39,1.02,6.44,-0.14,2.94,7.08,STILL
22846,0.79,0.49,0.39,1.01,3.78,-0.98,-0.42,3.93,STILL
22905,0.78,0.48,0.40,1.00,1.75,-0.98,-0.77,2.15,STILL
22963,0.79,0.48,0.38,1.00,-1.54,-2.24,-1.75,3.23,STILL
23022,0.80,0.48,0.38,1.01,-2.80,-1.89,-4.48,5.61,STILL
23080,0.79,0.47,0.39,1.00,-2.45,-2.03,-4.20,5.27,STILL
23139,0.79,0.49,0.34,0.99,-7.07,-4.76,-5.11,9.94,STILL
23198,0.79,0.48,0.38,1.00,-4.69,-5.95,-5.18,9.18,STILL
23256,0.80,0.48,0.37,1.00,-4.20,-6.93,-6.37,10.31,STILL
23314,0.80,0.47,0.39,1.00,-7.07,-11.13,-4.34,13.88,STILL
23372,0.80,0.48,0.39,1.01,-4.76,-6.58,-6.51,10.41,STILL
23431,0.80,0.47,0.39,1.00,-3.36,-4.69,-5.81,8.19,STILL
23490,0.80,0.47,0.38,1.00,-3.71,-3.71,-5.74,7.78,STILL
23548,0.80,0.47,0.38,1.01,-3.29,-2.80,-5.11,6.69,STILL
23607,0.80,0.47,0.37,1.00,-0.91,-3.01,-3.64,4.81,STILL
23665,0.80,0.47,0.38,1.00,-0.07,-1.82,-2.17,2.83,STILL
23724,0.80,0.48,0.37,1.00,-0.35,-1.05,-2.17,2.44,STILL
23783,0.80,0.48,0.38,1.00,0.84,-0.42,-0.42,1.03,STILL
23841,0.80,0.49,0.39,1.01,3.15,0.42,0.42,3.21,STILL
23900,0.79,0.48,0.40,1.01,2.73,0.49,-0.07,2.77,STILL
23958,0.78,0.48,0.41,1.01,1.75,2.52,2.24,3.80,STILL
24017,0.79,0.51,0.40,1.02,2.80,2.87,1.33,4.22,STILL
24075,0.79,0.49,0.41,1.02,1.61,6.37,0.42,6.58,STILL
24134,0.77,0.49,0.39,1.00,1.96,4.55,-1.68,5.23,STILL
24193,0.78,0.48,0.39,0.99,5.25,3.15,0.35,6.13,STILL
24251,0.79,0.48,0.39,1.00,4.34,17.15,1.26,17.74,STILL
24310,0.77,0.48,0.40,0.99,-0.14,-1.89,1.68,2.53,STILL
24368,0.77,0.48,0.40,1.00,0.91,-2.73,3.78,4.75,STILL
24427,0.78,0.50,0.40,1.01,0.70,-3.29,3.29,4.71,STILL
24486,0.78,0.50,0.40,1.01,0.77,-2.80,1.89,3.46,STILL
24544,0.77,0.49,0.40,1.00,-0.07,-2.66,1.54,3.07,STILL
24603,0.78,0.49,0.40,1.00,-0.21,-4.55,0.63,4.60,STILL
24661,0.78,0.49,0.40,1.00,-1.26,-3.85,-0.14,4.05,STILL
24720,0.78,0.48,0.40,1.00,-1.05,-4.27,-0.35,4.41,STILL
24779,0.79,0.47,0.39,1.00,-2.94,-4.83,17.43,18.32,STILL
24837,0.79,0.49,0.39,1.01,-0.91,-4.55,0.00,4.64,STILL
24896,0.79,0.48,0.40,1.01,-2.17,-4.90,-1.12,5.47,STILL
24954,0.78,0.47,0.40,1.00,-2.10,-4.41,-0.35,4.90,STILL
25013,0.79,0.48,0.40,1.00,-0.91,-4.27,-0.21,4.37,STILL
25073,0.80,0.47,0.38,1.00,-1.54,-3.71,-0.14,4.02,STILL
25131,0.80,0.46,0.38,1.00,-0.49,-4.62,0.63,4.69,STILL
25190,0.81,0.47,0.37,1.00,-2.24,-5.60,2.73,6.62,STILL
25248,0.81,0.46,0.41,1.02,0.63,-5.18,2.59,5.83,STILL
25307,0.79,0.45,0.39,0.99,-1.40,-4.69,2.80,5.64,STILL
25366,0.80,0.47,0.37,1.00,-1.05,-3.29,3.64,5.02,STILL
25424,0.80,0.47,0.41,1.02,-0.56,-1.96,1.89,2.78,STILL
25483,0.80,0.48,0.39,1.01,3.01,-2.24,-1.05,3.90,STILL
25542,0.79,0.47,0.38,1.00,1.40,-1.82,-0.56,2.36,STILL
25601,0.80,0.47,0.38,1.00,2.45,-1.54,-1.05,3.08,STILL
25659,0.80,0.46,0.38,1.00,1.40,-1.26,-1.40,2.35,STILL
25718,0.81,0.46,0.39,1.01,0.91,-0.91,-1.05,1.66,STILL
25777,0.80,0.46,0.39,1.00,1.19,-1.96,-0.56,2.36,STILL
25835,0.80,0.46,0.40,1.01,1.33,1.12,-0.07,1.74,STILL
25894,0.81,0.47,0.39,1.02,1.05,0.84,-0.84,1.59,STILL
25953,0.81,0.46,0.39,1.01,-0.35,3.15,15.68,16.00,STILL
26011,0.80,0.46,0.38,0.99,1.54,17.71,0.35,17.78,STILL
26070,0.78,0.51,0.35,1.00,2.73,-0.70,1.12,3.03,STILL
26128,0.80,0.49,0.36,1.01,4.55,-2.10,1.61,5.26,STILL
26187,0.80,0.46,0.40,1.00,-1.54,-3.50,0.35,3.84,STILL
26245,0.79,0.48,0.39,1.00,0.21,-1.82,0.14,1.84,STILL
26304,0.80,0.48,0.40,1.02,-0.35,-3.71,-1.40,3.98,STILL
26363,0.80,0.46,0.39,1.00,-3.36,-3.64,-2.38,5.50,STILL
26421,0.80,0.46,0.39,1.00,1.75,-1.19,-0.28,2.13,STILL
26480,0.80,0.45,0.39,1.00,-0.14,-1.54,0.14,1.55,STILL
26538,0.80,0.46,0.39,1.00,-0.70,-2.31,0.14,2.42,STILL
26597,0.80,0.48,0.39,1.01,2.24,-1.75,0.70,2.93,STILL
26656,0.80,0.46,0.39,1.00,-1.68,-2.24,-0.35,2.82,STILL
26714,0.80,0.46,0.39,1.00,0.49,-2.52,-0.35,2.59,STILL
26773,0.80,0.46,0.38,1.00,0.42,-3.15,-0.35,3.20,STILL
26831,0.80,0.45,0.39,1.00,-0.98,-2.66,-0.14,2.84,STILL
26890,0.81,0.45,0.39,1.01,1.96,-3.01,0.77,3.67,STILL
26949,0.81,0.47,0.40,1.01,1.40,-3.36,-0.21,3.65,STILL
27007,0.80,0.44,0.41,1.00,2.52,-1.26,0.07,2.82,STILL
27066,0.81,0.45,0.38,1.00,1.40,0.07,1.05,1.75,STILL
27124,0.82,0.47,0.38,1.02,1.26,0.91,0.98,1.84,STILL
27183,0.84,0.47,0.38,1.03,9.31,4.34,1.75,10.42,STILL
27241,0.81,0.45,0.36,0.99,6.23,1.19,3.15,7.08,STILL
27300,0.82,0.45,0.37,1.01,7.49,-0.21,5.04,9.03,STILL
27359,0.82,0.45,0.39,1.01,7.07,-0.63,4.41,8.36,STILL
27417,0.81,0.43,0.38,0.99,6.79,-0.91,5.32,8.67,STILL
27476,0.81,0.43,0.38,0.99,6.58,-1.61,9.31,11.51,STILL
27534,0.84,0.45,0.39,1.03,3.99,-2.87,11.76,12.75,STILL
27593,0.83,0.43,0.41,1.02,9.38,2.87,11.55,15.15,STILL
27652,0.81,0.43,0.39,0.99,16.73,8.19,11.90,22.10,STILL
27711,0.82,0.44,0.38,1.00,16.03,9.45,11.76,22.01,STILL
27770,0.85,0.44,0.37,1.02,16.80,10.78,10.36,22.49,STILL
27828,0.84,0.42,0.37,1.01,17.99,10.22,10.01,22.98,STILL
27887,0.83,0.41,0.38,1.00,14.84,8.19,11.62,20.55,STILL
27946,0.83,0.41,0.38,1.00,12.88,5.11,14.21,19.85,STILL
28004,0.83,0.40,0.40,1.00,15.47,4.76,15.61,22.49,STILL
28063,0.81,0.41,0.39,0.99,14.14,4.76,13.86,20.36,STILL
28121,0.81,0.41,0.39,0.99,4.76,2.73,7.77,9.51,STILL
28180,0.83,0.40,0.40,1.00,5.25,0.91,9.10,10.55,STILL
28239,0.83,0.40,0.39,1.00,7.35,1.54,6.79,10.12,STILL
28297,0.83,0.39,0.37,0.99,6.65,0.84,4.76,8.22,STILL
28356,0.83,0.39,0.37,0.99,5.46,-1.05,2.66,6.16,STILL
28414,0.84,0.38,0.38,1.00,4.69,-3.57,2.80,6.53,STILL
28473,0.84,0.40,0.40,1.01,5.04,-2.94,0.56,5.86,STILL
28532,0.87,0.38,0.42,1.04,5.53,-0.35,-0.70,5.59,STILL
28590,0.86,0.38,0.41,1.03,7.42,3.50,-1.12,8.28,STILL
28649,0.85,0.37,0.40,1.01,7.14,2.03,-4.20,8.53,STILL
28707,0.84,0.36,0.39,0.99,4.55,1.05,-3.99,6.14,STILL
28766,0.82,0.36,0.39,0.98,0.56,-1.96,-2.03,2.88,STILL
28824,0.83,0.37,0.39,0.99,-1.33,-2.94,1.82,3.70,STILL
28883,0.85,0.38,0.40,1.01,-1.47,-2.66,4.55,5.47,STILL
28942,0.85,0.39,0.39,1.01,-0.49,-1.68,2.66,3.18,STILL
29000,0.84,0.38,0.39,1.00,0.28,-1.68,1.47,2.25,STILL
29059,0.84,0.38,0.40,1.00,1.89,-1.61,0.70,2.58,STILL
29117,0.84,0.38,0.40,1.01,0.56,-0.07,0.28,0.63,STILL
29176,0.84,0.38,0.40,1.00,-0.28,-1.12,0.21,1.17,STILL
29235,0.85,0.38,0.40,1.01,0.91,-0.42,-0.49,1.12,STILL
29293,0.84,0.37,0.39,1.00,0.56,-0.42,-0.98,1.20,STILL
29352,0.84,0.37,0.40,1.00,0.07,-2.03,-0.77,2.17,STILL
29410,0.85,0.37,0.40,1.01,0.63,-1.33,-0.70,1.63,STILL
29469,0.84,0.36,0.40,1.00,-0.21,-1.05,0.07,1.07,STILL
29528,0.84,0.36,0.40,1.00,-0.14,-2.10,0.63,2.20,STILL
29586,0.85,0.35,0.39,1.00,1.68,-0.63,0.70,1.93,STILL
29645,0.86,0.35,0.39,1.01,8.19,2.31,2.87,8.98,STILL
29703,0.85,0.37,0.37,1.00,10.78,2.59,5.11,12.21,STILL
29762,0.84,0.38,0.39,1.00,5.74,-2.24,4.27,7.50,STILL
29821,0.84,0.36,0.40,1.00,0.84,3.15,2.03,3.84,STILL
29879,0.84,0.37,0.41,1.01,3.01,-2.94,4.69,6.30,STILL
29938,0.84,0.38,0.40,1.01,1.47,-2.94,3.50,4.80,STILL
29996,0.84,0.37,0.40,1.00,0.70,-2.10,2.24,3.15,STILL
30055,0.85,0.37,0.39,1.00,-0.70,-2.59,1.05,2.88,STILL
30114,0.87,0.36,0.38,1.01,1.40,-3.50,-0.77,3.85,STILL
30172,0.84,0.35,0.37,0.98,-0.70,-5.67,-0.77,5.76,STILL
Recording stopped
