Recording started
time,accelX,accelY,accelZ,accelMagnitude,gyroX,gyroY,gyroZ,gyroMagnitude,activity
9,0.84,0.47,0.27,1.00,-7.49,-8.96,-8.26,14.30,STILL
67,0.84,0.47,0.26,0.99,-10.78,-0.70,-11.27,15.61,STILL
125,0.78,0.48,0.22,0.94,-7.49,-14.00,-10.71,19.15,STILL
184,0.82,0.51,0.25,1.00,-15.40,-18.06,-13.09,27.10,STILL
243,0.83,0.52,0.26,1.01,-33.04,-16.31,-17.78,40.91,STILL
303,0.83,0.53,0.28,1.02,-37.87,-17.85,-20.65,46.68,STILL
361,0.86,0.49,0.28,1.03,-33.46,1.75,-26.25,42.56,STILL
420,0.87,0.52,0.24,1.04,-21.07,10.85,-20.30,31.21,STILL
479,0.85,0.54,0.22,1.04,-19.04,-10.85,-15.89,27.07,STILL
537,0.83,0.53,0.31,1.04,-27.93,-13.93,-19.11,36.60,STILL
596,0.83,0.49,0.25,0.99,-35.49,-5.32,-16.73,39.59,STILL
655,0.84,0.51,0.24,1.01,-23.52,-8.47,-3.99,25.32,STILL
714,0.85,0.53,0.26,1.03,-20.51,-9.94,-4.41,23.21,STILL
774,0.79,0.51,0.28,0.98,-13.44,-8.19,-7.98,17.65,STILL
833,0.79,0.51,0.32,0.99,-7.63,-11.41,-4.76,14.53,STILL
892,0.77,0.49,0.32,0.97,-2.73,-5.81,-0.56,6.44,STILL
951,0.77,0.52,0.32,0.98,5.74,-9.17,6.86,12.81,STILL
1010,0.82,0.54,0.34,1.04,-9.52,-6.16,8.89,14.41,STILL
1068,0.87,0.55,0.36,1.09,-21.49,-4.20,4.69,22.39,STILL
1128,0.81,0.53,0.36,1.04,-18.69,1.19,-5.18,19.43,STILL
1187,0.79,0.51,0.37,1.01,-15.40,6.37,-8.40,18.66,STILL
1245,0.77,0.50,0.35,0.99,-11.27,9.73,-9.66,17.75,STILL
1305,0.76,0.47,0.34,0.96,-10.01,9.73,-9.31,16.78,STILL
1363,0.76,0.48,0.32,0.96,-7.21,4.76,-7.14,11.21,STILL
1422,0.75,0.49,0.34,0.96,-7.28,-3.15,-3.08,8.51,STILL
1481,0.78,0.49,0.37,0.99,-6.30,-2.94,-2.31,7.33,STILL
1539,0.77,0.50,0.37,0.99,-1.19,-3.64,-2.94,4.83,STILL
1598,0.81,0.53,0.37,1.03,-4.69,-13.93,-1.82,14.81,STILL
1656,0.78,0.51,0.39,1.01,-7.49,-9.87,-5.46,13.54,STILL
1715,0.77,0.50,0.40,1.00,-7.28,-8.68,-5.81,12.73,STILL
1774,0.78,0.50,0.40,1.01,17.50,-0.14,0.35,17.50,STILL
1832,0.79,0.51,0.39,1.02,-0.56,-2.87,-1.96,3.52,STILL
1891,0.77,0.50,0.39,1.00,-2.80,-4.76,-3.01,6.29,STILL
1949,0.77,0.50,0.39,0.99,2.59,-4.27,1.75,5.29,STILL
2008,0.77,0.52,0.39,1.01,-0.77,-3.78,2.24,4.46,STILL
2066,0.76,0.52,0.39,1.00,-2.80,-4.06,0.49,4.96,STILL
2125,0.78,0.52,0.39,1.01,-0.28,1.26,2.03,2.41,STILL
2184,0.79,0.52,0.38,1.02,1.89,-0.98,0.21,2.14,STILL
2242,0.77,0.51,0.38,1.00,-2.52,0.00,2.45,3.51,STILL
2301,0.77,0.50,0.38,1.00,-2.38,0.63,-0.49,2.51,STILL
2359,0.78,0.51,0.38,1.00,1.19,-2.80,0.70,3.12,STILL
2418,0.79,0.51,0.38,1.01,-2.66,0.77,-4.06,4.91,STILL
2477,0.79,0.50,0.39,1.01,3.15,-2.87,0.42,4.28,STILL
2535,0.79,0.49,0.40,1.01,6.51,1.33,0.63,6.67,STILL
2594,0.77,0.50,0.38,1.00,8.75,5.04,5.39,11.45,STILL
2652,0.75,0.51,0.36,0.98,3.50,-1.68,4.13,5.67,STILL
2711,0.78,0.52,0.38,1.01,-0.42,-3.08,4.48,5.45,STILL
2770,0.80,0.52,0.39,1.03,5.25,-0.14,1.47,5.45,STILL
2828,0.78,0.51,0.38,1.01,4.76,-3.57,0.63,5.98,STILL
2887,0.78,0.50,0.38,1.00,4.55,-0.35,2.03,4.99,STILL
2945,0.77,0.51,0.38,1.00,-1.40,-6.65,5.46,8.72,STILL
3004,0.78,0.51,0.38,1.00,0.28,-2.66,3.15,4.13,STILL
3063,0.78,0.52,0.38,1.01,0.42,-1.89,3.43,3.94,STILL
3121,0.78,0.53,0.37,1.01,-2.59,3.29,0.14,4.19,STILL
3180,0.78,0.53,0.37,1.01,-0.70,-2.03,-0.70,2.26,STILL
3238,0.78,0.52,0.37,1.01,0.35,-2.45,-2.31,3.39,STILL
3297,0.78,0.51,0.37,1.01,3.85,-5.95,-3.50,7.90,STILL
3356,0.78,0.50,0.37,1.00,-1.05,-2.73,-3.64,4.67,STILL
3414,0.79,0.50,0.37,1.00,0.35,-2.52,-2.52,3.58,STILL
3472,0.79,0.50,0.37,1.01,2.10,-4.62,1.26,5.23,STILL
3530,0.79,0.49,0.37,1.00,1.96,-7.21,-2.03,7.74,STILL
3589,0.78,0.49,0.37,0.99,1.05,-1.75,0.91,2.23,STILL
3647,0.79,0.51,0.37,1.01,-1.82,-6.72,3.50,7.79,STILL
3705,0.78,0.51,0.37,1.00,1.33,-0.28,1.05,1.72,STILL
3764,0.78,0.51,0.36,1.00,1.96,-0.98,0.77,2.32,STILL
3822,0.78,0.51,0.36,1.00,2.17,-2.17,0.77,3.16,STILL
3881,0.79,0.51,0.37,1.01,1.26,-2.66,-0.07,2.94,STILL
3940,0.78,0.50,0.37,1.00,1.26,-2.87,-0.07,3.14,STILL
3997,0.79,0.51,0.37,1.01,3.29,-3.01,3.50,5.67,STILL
4056,0.79,0.50,0.37,1.00,2.59,-6.44,0.70,6.98,STILL
4114,0.79,0.50,0.37,1.00,1.05,-2.94,1.19,3.34,STILL
4173,0.79,0.51,0.37,1.01,1.05,-2.10,2.24,3.25,STILL
4231,0.79,0.51,0.37,1.01,1.05,-2.10,-0.91,2.52,STILL
4290,0.78,0.49,0.37,1.00,0.07,-2.10,1.33,2.49,STILL
4349,0.79,0.51,0.36,1.01,-1.19,0.07,0.35,1.24,STILL
4407,0.79,0.50,0.36,1.00,-0.77,-1.96,-0.07,2.11,STILL
4466,0.79,0.50,0.37,1.00,-0.21,-2.66,-0.14,2.67,STILL
4524,0.79,0.51,0.36,1.01,2.94,-2.73,0.07,4.01,STILL
4583,0.79,0.50,0.37,1.01,0.21,-2.87,-0.70,2.96,STILL
4642,0.79,0.50,0.37,1.00,0.70,-1.82,-0.49,2.01,STILL
4700,0.79,0.50,0.36,1.01,-2.59,-5.18,2.38,6.26,STILL
4759,0.79,0.50,0.37,1.00,0.42,-0.98,-0.28,1.10,STILL
4817,0.79,0.50,0.36,1.00,0.42,-1.89,-0.91,2.14,STILL
4876,0.79,0.50,0.36,1.00,-2.24,-5.18,2.45,6.15,STILL
4935,0.80,0.51,0.36,1.01,1.47,-2.38,-0.98,2.96,STILL
4993,0.79,0.50,0.36,1.00,1.68,-1.54,-1.96,3.01,STILL
5053,0.79,0.49,0.36,0.99,0.91,-1.33,0.77,1.79,STILL
5111,0.80,0.51,0.36,1.01,-0.07,-2.52,0.35,2.55,STILL
5170,0.79,0.50,0.36,1.01,1.12,3.64,-4.13,5.62,STILL
5230,0.79,0.50,0.36,1.00,1.26,-2.10,-0.21,2.46,STILL
5288,0.79,0.51,0.37,1.01,1.68,-2.10,0.21,2.70,STILL
5347,0.79,0.50,0.37,1.01,2.03,-1.96,-0.49,2.86,STILL
5405,0.79,0.49,0.37,1.00,1.19,-1.68,-0.35,2.09,STILL
5464,0.79,0.50,0.36,1.00,0.70,-1.68,-0.14,1.83,STILL
5523,0.80,0.50,0.36,1.01,-1.26,-1.54,1.26,2.36,STILL
5581,0.79,0.50,0.36,1.00,2.66,-5.11,0.00,5.76,STILL
5640,0.78,0.50,0.36,1.00,0.77,-1.75,0.00,1.91,STILL
5698,0.79,0.51,0.36,1.01,3.50,-1.61,-0.21,3.86,STILL
5757,0.80,0.51,0.36,1.01,1.26,-0.91,-2.10,2.61,STILL
5815,0.78,0.50,0.36,0.99,0.77,-1.47,-4.27,4.58,STILL
5875,0.79,0.51,0.35,1.00,-0.63,0.00,-0.56,0.84,STILL
5934,0.79,0.51,0.36,1.01,-1.40,-2.66,-0.77,3.10,STILL
5992,0.78,0.51,0.36,1.00,-0.42,-2.73,-1.40,3.10,STILL
6051,0.79,0.51,0.36,1.01,2.17,-3.29,2.94,4.92,STILL
6109,0.79,0.51,0.37,1.01,-0.56,-3.08,-1.68,3.55,STILL
6168,0.78,0.50,0.37,1.00,-0.42,2.66,-3.85,4.70,STILL
6227,0.79,0.51,0.36,1.00,0.07,-1.05,-0.84,1.35,STILL
6285,0.79,0.51,0.36,1.00,-0.84,-1.61,-1.47,2.34,STILL
6344,0.79,0.51,0.35,1.00,-1.40,1.33,-2.52,3.17,STILL
6403,0.79,0.51,0.37,1.01,-0.07,-2.94,-0.77,3.04,STILL
6462,0.79,0.51,0.37,1.01,0.00,-2.17,-0.84,2.33,STILL
6520,0.79,0.51,0.38,1.01,0.98,-2.10,1.54,2.78,STILL
6578,0.79,0.51,0.37,1.01,1.96,-1.05,-0.84,2.38,STILL
6637,0.78,0.50,0.37,1.00,0.98,-0.14,-0.42,1.08,STILL
6695,0.78,0.50,0.36,0.99,15.89,1.40,6.02,17.05,STILL
6753,0.79,0.52,0.35,1.00,1.54,-0.07,2.03,2.55,STILL
6812,0.79,0.52,0.35,1.00,0.49,-2.03,0.98,2.31,STILL
6870,0.78,0.51,0.35,1.00,-0.35,2.52,-3.92,4.67,STILL
6930,0.78,0.51,0.36,1.00,2.17,-2.73,-0.14,3.49,STILL
6988,0.78,0.51,0.37,1.01,0.70,-2.59,-0.49,2.73,STILL
7047,0.78,0.50,0.38,1.00,-0.07,-3.22,-0.77,3.31,STILL
7106,0.79,0.51,0.38,1.01,3.43,-6.09,1.89,7.24,STILL
7164,0.78,0.50,0.37,1.00,0.42,-1.33,0.49,1.48,STILL
7223,0.79,0.51,0.37,1.01,0.70,-0.56,0.70,1.14,STILL
7282,0.79,0.51,0.36,1.01,0.77,-1.26,-0.42,1.54,STILL
7341,0.78,0.50,0.36,1.00,0.07,-2.24,-0.21,2.25,STILL
7399,0.79,0.51,0.35,1.00,-3.08,-0.07,3.85,4.93,STILL
7458,0.79,0.51,0.37,1.01,0.14,-3.85,-0.56,3.89,STILL
7517,0.79,0.49,0.38,1.00,-0.28,-3.08,-0.21,3.10,STILL
7575,0.79,0.50,0.37,1.01,1.54,-2.38,0.84,2.96,STILL
7634,0.79,0.49,0.37,1.01,-0.14,-3.01,0.56,3.06,STILL
7692,0.79,0.50,0.37,1.00,0.42,-1.75,1.40,2.28,STILL
7751,0.79,0.50,0.36,1.01,1.82,-2.10,3.99,4.86,STILL
7810,0.79,0.50,0.36,1.00,0.42,-1.96,1.19,2.33,STILL
7868,0.79,0.50,0.36,1.00,-0.14,-2.03,1.19,2.36,STILL
7928,0.79,0.51,0.36,1.00,-0.56,3.15,2.03,3.79,STILL
7986,0.79,0.50,0.36,1.00,-0.07,-2.94,0.00,2.94,STILL
8045,0.79,0.50,0.37,1.01,0.49,-2.66,-1.19,2.95,STILL
8104,0.79,0.50,0.37,1.01,1.19,-2.87,-1.33,3.38,STILL
8162,0.79,0.49,0.37,1.00,0.49,-1.05,-1.26,1.71,STILL
8221,0.79,0.49,0.36,1.00,-0.70,1.12,-3.15,3.42,STILL
8279,0.80,0.50,0.36,1.01,2.38,-4.20,2.45,5.41,STILL
8338,0.79,0.49,0.37,1.00,1.26,-1.19,-1.19,2.10,STILL
8397,0.79,0.49,0.36,1.00,-0.91,3.15,-1.75,3.72,STILL
8455,0.80,0.51,0.36,1.01,-0.49,-2.17,0.21,2.23,STILL
8514,0.79,0.51,0.36,1.01,0.84,-2.03,-0.63,2.29,STILL
8572,0.78,0.50,0.36,1.00,3.15,-4.27,-0.70,5.35,STILL
8631,0.79,0.51,0.36,1.01,-0.28,-2.38,-0.63,2.48,STILL
8690,0.79,0.50,0.37,1.01,0.56,-2.45,-0.63,2.59,STILL
8749,0.79,0.50,0.37,1.00,-2.80,-1.19,3.29,4.48,STILL
8809,0.79,0.50,0.36,1.00,-0.84,-2.31,-0.07,2.46,STILL
8867,0.80,0.50,0.36,1.01,0.28,-1.61,0.07,1.64,STILL
8925,0.79,0.51,0.36,1.00,0.21,-6.23,0.21,6.24,STILL
8983,0.78,0.50,0.36,0.99,-0.42,-2.45,17.64,17.81,STILL
9042,0.79,0.50,0.37,1.01,0.28,-2.17,0.14,2.19,STILL
9100,0.80,0.50,0.37,1.02,-1.40,-1.89,1.54,2.81,STILL
9158,0.78,0.49,0.37,1.00,1.75,-0.42,-0.63,1.91,STILL
9217,0.79,0.49,0.36,1.00,0.07,-2.10,0.21,2.11,STILL
9275,0.79,0.49,0.36,1.00,0.35,-2.66,0.49,2.73,STILL
9334,0.79,0.49,0.35,1.00,0.70,-2.59,2.10,3.41,STILL
9393,0.79,0.51,0.36,1.01,-2.52,0.49,-2.31,3.45,STILL
9455,0.79,0.51,0.36,1.01,-0.56,-3.78,-0.21,3.83,STILL
9514,0.79,0.50,0.37,1.00,0.21,-3.64,-1.19,3.84,STILL
9572,0.79,0.49,0.37,1.01,-0.49,-2.31,-0.77,2.48,STILL
9631,0.80,0.49,0.37,1.00,0.63,-2.87,-0.28,2.95,STILL
9690,0.80,0.49,0.36,1.00,-0.07,-2.80,0.49,2.84,STILL
9748,0.80,0.49,0.36,1.00,-1.40,-3.43,1.12,3.87,STILL
9807,0.80,0.49,0.36,1.00,-1.05,-3.36,1.47,3.81,STILL
9865,0.80,0.49,0.36,1.01,-1.33,-3.36,-1.54,3.93,STILL
9925,0.80,0.50,0.37,1.01,-0.63,-2.45,0.77,2.64,STILL
9983,0.80,0.50,0.37,1.01,-0.07,-2.10,-0.49,2.16,STILL
10042,0.79,0.49,0.36,1.00,0.56,-2.94,-0.35,3.01,STILL
10101,0.80,0.49,0.36,1.01,0.42,-2.17,-0.63,2.30,STILL
10159,0.80,0.48,0.37,1.00,0.21,-1.82,-1.19,2.18,STILL
10218,0.79,0.47,0.37,0.99,0.28,-1.19,0.35,1.27,STILL
10276,0.80,0.48,0.36,1.00,0.84,-1.05,1.54,2.04,STILL
10334,0.80,0.49,0.36,1.01,-2.38,-1.19,2.66,3.76,STILL
10393,0.79,0.50,0.36,1.00,-0.14,-2.17,1.19,2.48,STILL
10451,0.79,0.49,0.37,1.00,0.84,-1.89,0.07,2.07,STILL
10510,0.80,0.49,0.37,1.01,0.56,-2.17,-0.21,2.25,STILL
10568,0.79,0.49,0.37,1.00,1.12,-1.05,-1.82,2.38,STILL
10627,0.80,0.48,0.36,1.00,1.54,-0.35,-0.91,1.82,STILL
10686,0.80,0.49,0.36,1.01,0.21,-1.26,-0.49,1.37,STILL
10744,0.80,0.48,0.36,1.00,-0.07,-1.68,-0.91,1.91,STILL
10803,0.80,0.48,0.36,1.00,0.56,-1.75,-0.42,1.88,STILL
10861,0.80,0.49,0.36,1.01,0.07,-2.24,-0.70,2.35,STILL
10920,0.80,0.49,0.36,1.00,0.28,-2.52,-0.49,2.58,STILL
10979,0.80,0.49,0.37,1.01,1.05,-1.68,0.00,1.98,STILL
11037,0.80,0.48,0.37,1.01,1.75,-1.54,-0.91,2.50,STILL
11096,0.79,0.47,0.37,0.99,0.70,-1.82,0.84,2.12,STILL
11154,0.79,0.49,0.36,1.00,1.26,-1.82,2.66,3.46,STILL
11213,0.80,0.50,0.36,1.01,-1.26,-2.17,1.89,3.14,STILL
11272,0.79,0.50,0.36,1.00,-0.42,-3.01,0.42,3.07,STILL
11330,0.80,0.50,0.35,1.00,1.89,-1.61,-0.91,2.64,STILL
11389,0.80,0.49,0.36,1.01,0.35,-3.29,-2.31,4.04,STILL
11447,0.80,0.49,0.36,1.00,0.35,-3.71,-2.10,4.28,STILL
11506,0.80,0.48,0.36,1.00,1.54,-3.64,-0.84,4.04,STILL
11565,0.80,0.48,0.37,1.01,-1.61,-4.48,-1.89,5.12,STILL
11624,0.80,0.49,0.37,1.01,0.28,-2.73,-0.35,2.77,STILL
11683,0.80,0.49,0.37,1.01,0.49,-1.19,0.07,1.29,STILL
11741,0.80,0.49,0.37,1.01,-0.42,-1.40,-0.56,1.57,STILL
11800,0.80,0.49,0.36,1.00,0.28,-1.05,-0.70,1.29,STILL
11858,0.80,0.49,0.36,1.00,-0.07,-0.91,-0.77,1.19,STILL
11917,0.81,0.49,0.36,1.01,0.14,-2.38,-0.98,2.58,STILL
11976,0.80,0.48,0.36,1.00,1.68,-1.47,-1.68,2.79,STILL
12033,0.79,0.48,0.36,0.99,-0.28,-1.61,1.26,2.06,STILL
12092,0.81,0.50,0.35,1.01,0.21,-2.31,0.14,2.32,STILL
12150,0.80,0.48,0.36,1.00,0.42,-2.17,-0.42,2.25,STILL
12209,0.80,0.49,0.36,1.00,0.49,-1.96,0.35,2.05,STILL
12268,0.80,0.49,0.36,1.01,0.70,-3.43,-0.14,3.50,STILL
12326,0.80,0.49,0.37,1.01,0.91,-3.08,-0.49,3.25,STILL
12385,0.80,0.48,0.37,1.00,-0.35,-2.80,-0.21,2.83,STILL
12443,0.80,0.49,0.37,1.01,0.56,-2.24,0.77,2.43,STILL
12502,0.81,0.48,0.36,1.01,-2.38,3.50,-3.15,5.28,STILL
12562,0.80,0.48,0.36,1.00,0.21,-2.17,0.70,2.29,STILL
12620,0.80,0.48,0.36,1.00,0.35,-1.40,0.91,1.71,STILL
12679,0.80,0.49,0.36,1.00,0.56,-1.54,-0.49,1.71,STILL
12737,0.80,0.49,0.36,1.00,0.56,-2.10,-0.35,2.20,STILL
12796,0.80,0.49,0.36,1.01,0.70,-1.26,-0.28,1.47,STILL
12855,0.81,0.50,0.36,1.01,0.91,-1.68,-1.12,2.21,STILL
12913,0.80,0.48,0.36,1.00,1.12,-1.54,-2.45,3.10,STILL
12972,0.80,0.48,0.36,1.00,0.14,-1.89,-0.14,1.90,STILL
13030,0.81,0.49,0.35,1.01,-0.07,-0.91,-0.49,1.04,STILL
13089,0.80,0.48,0.36,1.00,-0.21,-1.33,-0.56,1.46,STILL
13148,0.80,0.49,0.36,1.00,-0.28,-2.31,-0.14,2.33,STILL
13206,0.80,0.49,0.36,1.00,0.91,-1.26,0.00,1.55,STILL
13265,0.80,0.50,0.36,1.01,-0.84,-3.85,-0.70,4.00,STILL
13323,0.80,0.50,0.36,1.01,-1.12,-3.64,-1.68,4.16,STILL
13382,0.80,0.49,0.36,1.00,-0.28,-2.87,-2.17,3.61,STILL
13440,0.80,0.48,0.36,1.00,-0.35,-2.45,-1.47,2.88,STILL
13499,0.80,0.49,0.36,1.00,-1.12,-3.85,-1.40,4.25,STILL
13558,0.80,0.48,0.36,1.00,-0.77,-2.87,-1.05,3.15,STILL
13616,0.80,0.49,0.36,1.01,-0.70,-1.75,-0.70,2.01,STILL
13675,0.80,0.49,0.36,1.01,-0.35,-1.96,-1.26,2.36,STILL
13733,0.80,0.48,0.36,1.00,-4.20,1.68,-6.02,7.53,STILL
13793,0.80,0.49,0.36,1.00,-0.35,-2.80,0.28,2.84,STILL
13852,0.80,0.49,0.36,1.01,0.00,-3.22,-0.56,3.27,STILL
13910,0.79,0.49,0.36,1.00,0.07,-2.45,-0.56,2.51,STILL
13969,0.80,0.48,0.36,1.00,0.14,-1.96,0.63,2.06,STILL
14027,0.80,0.51,0.36,1.02,-1.12,-3.22,0.21,3.42,STILL
14086,0.79,0.50,0.37,1.01,-0.21,-1.96,-1.19,2.30,STILL
14145,0.80,0.49,0.37,1.00,-0.49,-1.33,-1.19,1.85,STILL
14203,0.80,0.49,0.36,1.00,-1.26,3.43,-5.25,6.40,STILL
14263,0.80,0.49,0.36,1.01,-1.33,-2.17,-1.33,2.87,STILL
14321,0.80,0.49,0.36,1.00,-1.47,-2.31,-1.82,3.29,STILL
14380,0.79,0.49,0.36,1.00,-0.49,-0.98,-1.96,2.25,STILL
14439,0.79,0.49,0.36,0.99,-0.77,-1.68,-1.89,2.64,STILL
14497,0.80,0.49,0.35,1.00,0.56,-2.66,-2.03,3.39,STILL
14556,0.79,0.49,0.35,1.00,0.21,-3.57,-2.17,4.18,STILL
14614,0.79,0.49,0.36,1.00,-0.35,-3.92,-1.89,4.37,STILL
14673,0.80,0.50,0.37,1.01,0.21,-4.13,-0.77,4.21,STILL
14731,0.80,0.50,0.37,1.01,-0.77,-4.20,-0.84,4.35,STILL
14790,0.79,0.49,0.37,1.00,-1.89,-4.20,-1.26,4.77,STILL
14849,0.79,0.49,0.37,1.01,0.35,-1.75,0.14,1.79,STILL
14907,0.80,0.51,0.36,1.01,0.28,-1.19,-0.14,1.23,STILL
14966,0.79,0.49,0.36,0.99,-0.14,-1.40,-0.63,1.54,STILL
15024,0.78,0.50,0.36,1.00,0.21,-1.26,-0.21,1.29,STILL
15083,0.78,0.50,0.36,0.99,0.42,-0.42,-1.54,1.65,STILL
15142,0.77,0.49,0.36,0.98,2.24,0.84,-1.54,2.85,STILL
15200,0.76,0.49,0.35,0.97,3.92,0.63,-3.08,5.02,STILL
15259,0.77,0.53,0.38,1.01,0.77,0.70,-4.06,4.19,STILL
15317,0.78,0.53,0.38,1.02,3.64,2.24,-5.18,6.72,STILL
15376,0.77,0.54,0.35,1.00,2.94,0.56,-7.70,8.26,STILL
15435,0.81,0.53,0.35,1.03,0.63,-2.45,-5.88,6.40,STILL
15493,0.82,0.53,0.36,1.04,2.38,-5.11,-6.44,8.56,STILL
15552,0.78,0.47,0.37,0.99,-0.07,-6.44,-5.39,8.40,STILL
15610,0.78,0.46,0.38,0.98,1.40,-4.41,1.40,4.83,STILL
15669,0.80,0.49,0.38,1.01,4.13,-2.94,8.40,9.81,STILL
15728,0.79,0.51,0.38,1.01,-0.63,-3.22,8.33,8.95,STILL
15786,0.78,0.53,0.40,1.03,-1.47,-0.98,8.26,8.45,STILL
15845,0.79,0.56,0.42,1.06,4.41,5.53,6.02,9.29,STILL
15904,0.77,0.55,0.39,1.03,3.71,12.39,-2.45,13.16,STILL
15963,0.73,0.53,0.36,0.97,1.47,6.86,0.00,7.02,STILL
16022,0.75,0.52,0.34,0.98,3.78,4.06,-0.84,5.61,STILL
16080,0.78,0.53,0.34,1.00,-0.98,1.54,-2.87,3.40,STILL
16139,0.79,0.51,0.34,1.00,0.07,-3.15,-4.83,5.77,STILL
16197,0.78,0.50,0.36,0.99,0.42,-4.06,-3.99,5.71,STILL
16256,0.78,0.50,0.39,1.00,-1.75,-6.86,-2.66,7.56,STILL
16315,0.78,0.49,0.40,1.01,-0.70,-5.04,-1.96,5.45,STILL
16373,0.79,0.50,0.40,1.01,0.56,1.47,1.75,2.35,STILL
16432,0.78,0.52,0.40,1.02,1.82,-1.12,2.17,3.05,STILL
16490,0.76,0.52,0.39,1.00,0.77,-0.70,-0.14,1.05,STILL
16549,0.76,0.52,0.38,1.00,0.28,0.77,0.84,1.17,STILL
16607,0.79,0.55,0.37,1.03,5.95,1.96,-0.77,6.31,STILL
16666,0.78,0.53,0.37,1.01,0.28,-0.56,-3.36,3.42,STILL
16725,0.76,0.51,0.38,0.99,1.75,-0.98,-2.45,3.17,STILL
16783,0.77,0.52,0.38,1.00,2.87,0.00,-0.70,2.95,STILL
16842,0.77,0.52,0.39,1.00,1.89,-5.04,1.33,5.54,STILL
16900,0.77,0.52,0.39,1.00,0.00,-0.63,-1.54,1.66,STILL
16959,0.77,0.53,0.39,1.01,1.33,-0.56,-1.33,1.96,STILL
17018,0.76,0.52,0.38,1.00,-0.07,-0.42,-1.19,1.26,STILL
17076,0.77,0.52,0.38,1.00,0.35,-1.05,-1.26,1.68,STILL
17135,0.77,0.51,0.37,1.00,0.21,-2.10,-1.05,2.36,STILL
17193,0.77,0.51,0.38,1.00,-0.28,-3.01,-0.70,3.10,STILL
17252,0.77,0.52,0.38,1.01,-0.14,-3.36,0.21,3.37,STILL
17311,0.77,0.52,0.39,1.00,-1.12,-4.97,-0.07,5.10,STILL
17369,0.77,0.53,0.39,1.01,-1.40,-4.90,0.70,5.14,STILL
17428,0.78,0.54,0.40,1.03,-0.77,-4.48,-0.84,4.62,STILL
17486,0.77,0.53,0.40,1.01,-2.17,-4.06,-1.96,5.00,STILL
17545,0.77,0.53,0.40,1.01,-1.19,-3.22,-0.91,3.55,STILL
17604,0.77,0.53,0.39,1.02,-1.82,-1.12,-2.38,3.20,STILL
17662,0.76,0.52,0.39,1.01,-1.47,-1.19,-3.36,3.86,STILL
17721,0.76,0.52,0.38,1.00,-1.68,-0.42,-2.73,3.23,STILL
17779,0.77,0.53,0.38,1.01,-17.08,-0.35,-2.52,17.27,STILL
17838,0.77,0.53,0.39,1.01,-0.98,-0.14,-2.94,3.10,STILL
17897,0.76,0.52,0.39,1.00,-2.10,-1.68,-2.03,3.37,STILL
17955,0.75,0.53,0.38,1.00,-0.42,-1.61,-1.75,2.41,STILL
18014,0.76,0.52,0.38,1.00,-1.33,-1.68,-1.96,2.90,STILL
18072,0.76,0.52,0.38,0.99,-0.98,-3.92,-1.40,4.28,STILL
18131,0.77,0.52,0.38,1.00,-1.89,-5.88,-0.42,6.19,STILL
18190,0.76,0.52,0.40,1.01,-2.73,-6.09,0.21,6.68,STILL
18248,0.76,0.52,0.40,1.00,-1.75,-5.67,1.33,6.08,STILL
18307,0.77,0.53,0.41,1.02,-1.26,-4.34,1.68,4.82,STILL
18365,0.76,0.54,0.41,1.02,-0.35,-2.52,0.00,2.54,STILL
18424,0.75,0.52,0.40,1.00,0.07,-1.19,-1.05,1.59,STILL
18482,0.75,0.51,0.40,0.99,1.89,1.33,0.70,2.41,STILL
18541,0.77,0.53,0.37,1.00,1.40,0.21,-0.91,1.68,STILL
18601,0.76,0.52,0.37,0.99,1.12,-3.36,-0.84,3.64,STILL
18659,0.77,0.52,0.37,1.00,0.56,-4.13,1.47,4.42,STILL
18718,0.78,0.54,0.38,1.02,2.03,-5.74,0.07,6.09,STILL
18776,0.76,0.51,0.40,1.00,-1.96,-6.93,0.07,7.20,STILL
18835,0.76,0.52,0.41,1.01,1.26,-3.50,0.84,3.81,STILL
18894,0.77,0.52,0.40,1.01,2.66,-0.91,0.70,2.90,STILL
18952,0.77,0.52,0.39,1.01,2.10,-0.77,1.33,2.60,STILL
19011,0.77,0.53,0.37,1.00,-0.84,-4.20,2.17,4.80,STILL
19069,0.77,0.53,0.37,1.00,1.47,-0.70,0.70,1.77,STILL
19128,0.77,0.54,0.37,1.01,0.98,-2.87,-0.28,3.05,STILL
19187,0.77,0.53,0.39,1.01,2.03,-3.01,-1.61,3.97,STILL
19245,0.77,0.52,0.39,1.01,2.24,-1.96,-0.49,3.02,STILL
19304,0.77,0.52,0.39,1.00,1.82,-1.96,-1.75,3.20,STILL
19362,0.77,0.51,0.39,1.00,2.03,-1.54,0.98,2.73,STILL
19421,0.79,0.53,0.37,1.02,2.03,-1.47,1.68,3.02,STILL
19480,0.78,0.52,0.38,1.01,-1.40,-2.87,1.26,3.43,STILL
19538,0.76,0.51,0.38,1.00,-0.21,-3.01,2.10,3.68,STILL
19597,0.77,0.53,0.38,1.01,1.26,-2.10,2.38,3.41,STILL
19655,0.77,0.53,0.39,1.01,-1.12,-2.80,1.19,3.24,STILL
19714,0.77,0.53,0.38,1.01,-1.47,-3.50,0.35,3.81,STILL
19773,0.77,0.53,0.37,1.01,-2.87,-4.69,-1.33,5.66,STILL
19831,0.78,0.52,0.38,1.01,-3.15,-4.41,-1.96,5.76,STILL
19890,0.77,0.51,0.38,1.00,-3.08,-4.34,-1.82,5.62,STILL
19948,0.78,0.51,0.38,1.01,-2.87,-5.32,-0.77,6.09,STILL
20007,0.78,0.50,0.38,1.00,-3.15,-4.48,-0.21,5.48,STILL
20065,0.79,0.50,0.38,1.01,-3.64,-4.20,0.14,5.56,STILL
20124,0.80,0.50,0.38,1.02,-1.61,-2.66,2.31,3.87,STILL
20183,0.81,0.49,0.39,1.02,-1.75,-1.54,3.85,4.50,STILL
20241,0.81,0.49,0.40,1.02,-1.40,-0.14,4.69,4.90,STILL
20300,0.80,0.47,0.40,1.01,0.28,3.15,7.84,8.45,STILL
20358,0.81,0.49,0.40,1.03,1.12,4.69,9.52,10.67,STILL
20417,0.80,0.50,0.40,1.03,1.96,4.97,8.40,9.96,STILL
20476,0.79,0.49,0.40,1.01,-8.68,1.54,6.09,10.71,STILL
20534,0.76,0.47,0.41,0.98,-0.56,0.91,4.76,4.88,STILL
20593,0.79,0.45,0.40,0.99,-8.68,-2.73,3.71,9.83,STILL
20651,0.77,0.44,0.38,0.96,-1.33,-3.64,3.36,5.13,STILL
20710,0.78,0.44,0.38,0.97,-2.66,-0.63,2.17,3.49,STILL
20770,0.81,0.45,0.37,1.00,9.17,-4.90,7.56,12.86,STILL
20828,0.74,0.47,0.31,0.93,0.49,-12.32,7.70,14.54,STILL
20887,0.73,0.50,0.36,0.95,-0.07,-16.59,4.69,17.24,STILL
20945,0.79,0.49,0.40,1.01,5.81,-9.52,0.14,11.15,STILL
21004,0.83,0.53,0.38,1.05,25.27,0.28,-5.25,25.81,STILL
21063,0.86,0.55,0.40,1.10,8.54,-4.90,-18.55,21.00,STILL
21121,0.85,0.46,0.40,1.04,9.66,0.77,-19.04,21.36,STILL
21180,0.83,0.46,0.39,1.02,10.08,0.28,-16.73,19.53,STILL
21239,0.81,0.42,0.37,0.99,4.62,1.19,-11.55,12.50,STILL
21298,0.79,0.45,0.36,0.97,-1.26,-3.29,0.07,3.52,STILL
21356,0.81,0.47,0.37,1.01,-5.88,-3.29,5.46,8.67,STILL
21415,0.82,0.54,0.35,1.04,-4.48,-0.70,1.26,4.71,STILL
21474,0.79,0.52,0.36,1.02,-6.09,-3.99,-2.73,7.78,STILL
21532,0.76,0.51,0.35,0.98,-4.97,-4.62,-0.98,6.86,STILL
21591,0.77,0.50,0.36,0.99,0.70,-1.61,1.75,2.48,STILL
21649,0.79,0.51,0.36,1.01,-0.07,-5.74,3.50,6.72,STILL
21707,0.81,0.52,0.36,1.03,2.45,-1.05,-1.54,3.08,STILL
21766,0.80,0.51,0.36,1.01,0.42,-2.31,-5.39,5.88,STILL
21824,0.78,0.49,0.36,0.99,-4.20,-3.22,-3.78,6.50,STILL
21883,0.80,0.50,0.36,1.01,-1.96,-0.21,-1.68,2.59,STILL
21941,0.80,0.50,0.36,1.01,-0.91,0.07,-2.10,2.29,STILL
22000,0.79,0.50,0.36,1.00,0.21,-1.05,-0.49,1.18,STILL
22059,0.79,0.50,0.37,1.01,0.84,-2.03,1.47,2.64,STILL
22117,0.79,0.50,0.37,1.00,2.03,-2.45,0.98,3.33,STILL
22176,0.78,0.49,0.37,0.99,0.63,-0.35,2.94,3.03,STILL
22234,0.80,0.51,0.37,1.01,2.10,0.63,3.85,4.43,STILL
22293,0.77,0.51,0.36,0.99,-0.63,-0.56,2.45,2.59,STILL
22352,0.77,0.51,0.36,0.99,-1.12,-0.56,2.31,2.63,STILL
22410,0.77,0.52,0.35,1.00,1.40,0.00,-0.49,1.48,STILL
22469,0.79,0.52,0.35,1.01,-0.07,-0.91,-2.59,2.75,STILL
22527,0.79,0.51,0.35,1.00,0.35,-2.52,-4.97,5.58,STILL
22586,0.78,0.50,0.35,1.00,0.42,-4.41,-4.55,6.35,STILL
22645,0.78,0.50,0.35,0.99,-17.71,-5.46,-3.92,18.94,STILL
22703,0.80,0.49,0.35,1.00,0.21,-6.09,-3.22,6.89,STILL
22762,0.83,0.49,0.36,1.03,0.00,-8.12,-0.91,8.17,STILL
22820,0.79,0.47,0.36,0.99,-6.09,-10.92,-1.19,12.56,STILL
22879,0.77,0.46,0.38,0.98,-4.13,-7.91,5.74,10.61,STILL
22938,0.80,0.51,0.37,1.02,2.31,-3.22,8.96,9.80,STILL
22996,0.81,0.53,0.35,1.03,1.26,-2.66,5.32,6.08,STILL
23055,0.80,0.53,0.36,1.02,-0.98,-2.94,1.89,3.63,STILL
23113,0.80,0.51,0.36,1.01,-0.14,-2.80,-0.84,2.93,STILL
23172,0.79,0.52,0.35,1.01,0.35,-1.75,-1.47,2.31,STILL
23231,0.79,0.51,0.35,1.01,-1.12,-2.17,-3.15,3.99,STILL
23289,0.79,0.51,0.35,1.00,-3.22,-4.06,-4.06,6.58,STILL
23348,0.79,0.51,0.35,1.01,-7.00,-6.37,-1.54,9.59,STILL
23406,0.80,0.50,0.35,1.01,-4.62,-3.15,-5.46,7.82,STILL
23465,0.80,0.50,0.36,1.01,-4.69,-2.31,-6.09,8.03,STILL
23523,0.80,0.50,0.36,1.01,-4.55,-2.10,-5.74,7.62,STILL
23582,0.79,0.48,0.36,0.99,-3.01,-2.03,-4.90,6.10,STILL
23641,0.79,0.48,0.36,0.99,-2.87,-1.19,-2.80,4.18,STILL
23699,0.80,0.48,0.35,1.00,-1.68,-2.03,-1.75,3.16,STILL
23758,0.80,0.48,0.35,1.00,0.00,-1.19,0.49,1.29,STILL
23816,0.80,0.49,0.35,1.00,-1.05,1.61,1.47,2.42,STILL
23875,0.79,0.49,0.36,1.00,1.47,-2.52,3.08,4.24,STILL
23934,0.78,0.50,0.36,1.00,0.91,-3.01,4.76,5.70,STILL
23992,0.79,0.53,0.37,1.02,1.54,-1.89,3.64,4.38,STILL
24051,0.79,0.53,0.38,1.03,0.70,-1.75,-0.56,1.97,STILL
24109,0.78,0.52,0.38,1.01,2.03,1.05,-3.01,3.78,STILL
24168,0.78,0.51,0.37,1.01,3.29,2.45,-4.62,6.18,STILL
24227,0.78,0.51,0.37,1.00,1.33,2.31,-5.53,6.14,STILL
24285,0.79,0.51,0.37,1.00,1.12,2.52,-4.90,5.62,STILL
24344,0.79,0.50,0.36,1.00,2.59,1.05,-4.97,5.70,STILL
24402,0.78,0.49,0.36,0.99,0.28,1.05,-3.15,3.33,STILL
24461,0.79,0.50,0.37,1.00,0.84,-0.07,-0.91,1.24,STILL
24520,0.78,0.50,0.37,1.00,1.40,17.08,0.77,17.15,STILL
24578,0.78,0.51,0.37,1.00,0.77,-0.84,1.68,2.03,STILL
24637,0.78,0.51,0.37,1.00,0.56,-1.54,2.03,2.61,STILL
24695,0.77,0.52,0.37,1.00,-0.42,-2.80,2.31,3.65,STILL
24754,0.78,0.53,0.37,1.01,0.35,-2.59,2.10,3.35,STILL
24813,0.78,0.53,0.37,1.01,-1.05,-3.64,-0.77,3.87,STILL
24871,0.77,0.52,0.38,1.00,-2.24,-4.06,-0.07,4.64,STILL
24930,0.78,0.54,0.37,1.01,-0.42,-4.20,-0.98,4.33,STILL
24988,0.78,0.53,0.37,1.01,-3.64,-3.99,-2.80,6.08,STILL
25047,0.77,0.52,0.37,1.00,-5.25,-5.67,-3.71,8.57,STILL
25106,0.77,0.53,0.37,1.01,-4.76,-5.81,-4.97,9.01,STILL
25164,0.78,0.51,0.37,1.00,-6.37,-5.95,-5.04,10.07,STILL
25223,0.78,0.51,0.37,1.00,-5.60,-6.72,-4.62,9.89,STILL
25281,0.78,0.50,0.37,1.00,-4.13,-6.16,-4.41,8.63,STILL
25340,0.79,0.50,0.36,1.00,-2.38,-4.55,-2.80,5.85,STILL
25398,0.79,0.50,0.36,1.00,-1.82,-5.11,-1.54,5.64,STILL
25457,0.79,0.49,0.36,1.00,-0.77,-4.97,0.77,5.09,STILL
25516,0.79,0.49,0.36,1.00,0.21,-4.97,2.66,5.64,STILL
25574,0.79,0.49,0.36,1.00,1.05,-3.64,4.48,5.87,STILL
25633,0.79,0.50,0.37,1.01,1.96,-3.29,5.81,6.96,STILL
25691,0.80,0.51,0.36,1.02,3.29,-1.89,6.51,7.54,STILL
25750,0.79,0.51,0.37,1.01,3.92,-0.56,4.06,5.67,STILL
25809,0.79,0.51,0.37,1.00,4.41,0.42,4.83,6.55,STILL
25867,0.79,0.52,0.36,1.01,4.06,1.40,3.01,5.24,STILL
25926,0.79,0.51,0.36,1.00,4.20,1.40,1.47,4.66,STILL
25984,0.79,0.49,0.36,1.00,5.39,1.89,0.91,5.78,STILL
26043,0.80,0.49,0.36,1.00,6.72,2.66,1.40,7.36,STILL
26102,0.80,0.48,0.36,1.00,6.23,1.61,2.73,6.99,STILL
26160,0.79,0.48,0.36,1.00,3.78,1.26,3.71,5.44,STILL
26219,0.79,0.50,0.37,1.00,3.57,0.49,5.18,6.31,STILL
26277,0.79,0.52,0.37,1.01,1.96,-0.21,3.22,3.78,STILL
26336,0.78,0.52,0.37,1.01,-0.42,-0.63,1.47,1.65,STILL
26395,0.78,0.53,0.37,1.02,-1.19,0.14,-0.91,1.50,STILL
26453,0.78,0.53,0.36,1.01,0.21,-3.43,-3.64,5.01,STILL
26512,0.79,0.52,0.36,1.01,-2.31,0.77,-5.18,5.72,STILL
26570,0.79,0.50,0.36,1.01,-0.70,-0.84,-5.74,5.84,STILL
26629,0.79,0.49,0.36,0.99,-0.70,-1.68,-4.06,4.45,STILL
26688,0.79,0.49,0.37,1.00,-1.33,-3.29,-1.75,3.96,STILL
26746,0.79,0.47,0.36,0.99,-2.10,-1.75,0.35,2.76,STILL
26805,0.80,0.48,0.37,1.00,0.49,-0.70,3.78,3.88,STILL
26863,0.80,0.49,0.36,1.01,0.84,-1.47,3.43,3.83,STILL
26922,0.79,0.47,0.37,1.00,0.84,-2.80,5.32,6.07,STILL
26981,0.80,0.47,0.39,1.00,1.26,-2.80,6.51,7.20,STILL
27039,0.80,0.47,0.39,1.00,1.82,-2.10,7.56,8.05,STILL
27098,0.80,0.49,0.42,1.03,4.27,-0.91,7.00,8.25,STILL
27156,0.77,0.48,0.44,1.01,8.05,2.94,3.71,9.34,STILL
27215,0.78,0.47,0.44,1.01,5.11,2.52,2.10,6.07,STILL
27273,0.77,0.50,0.41,1.01,3.29,1.05,-1.12,3.63,STILL
27332,0.74,0.49,0.39,0.96,-2.87,-2.73,-5.88,7.09,STILL
27391,0.74,0.50,0.38,0.98,-4.76,-7.42,-7.70,11.70,STILL
27449,0.83,0.55,0.44,1.09,-9.24,-9.80,-8.75,16.06,STILL
27508,0.78,0.53,0.44,1.04,-5.04,-3.15,-17.99,18.95,STILL
27566,0.75,0.46,0.40,0.96,2.03,7.42,-20.37,21.77,STILL
27625,0.80,0.49,0.35,1.00,15.89,12.11,-9.80,22.25,STILL
27684,0.83,0.52,0.33,1.04,3.92,4.06,-9.73,11.25,STILL
27743,0.77,0.47,0.33,0.96,-2.52,-5.11,-10.99,12.38,STILL
27802,0.75,0.44,0.35,0.93,-5.60,-6.86,2.73,9.27,STILL
27860,0.78,0.62,0.34,1.06,-1.12,-6.58,12.39,14.07,STILL
27919,0.80,0.54,0.34,1.02,-0.63,-7.77,11.27,13.70,STILL
27978,0.80,0.55,0.35,1.03,0.21,-8.96,8.19,12.14,STILL
28036,0.78,0.54,0.38,1.02,1.54,-6.37,8.12,10.43,STILL
28095,0.78,0.55,0.39,1.03,3.99,-4.13,7.42,9.38,STILL
28153,0.77,0.56,0.40,1.03,2.24,-2.52,4.83,5.89,STILL
28212,0.77,0.55,0.40,1.03,1.61,0.70,1.68,2.43,STILL
28271,0.78,0.54,0.38,1.02,2.94,3.99,-1.26,5.11,STILL
28329,0.78,0.52,0.36,1.01,1.47,4.69,-3.08,5.80,STILL
28388,0.79,0.49,0.35,0.99,0.56,2.87,-3.29,4.40,STILL
28446,0.79,0.49,0.34,0.99,-0.63,0.70,-1.12,1.46,STILL
28505,0.80,0.48,0.35,0.99,0.07,0.14,1.05,1.06,STILL
28564,0.79,0.48,0.34,0.99,2.10,-2.45,2.59,4.14,STILL
28622,0.79,0.47,0.36,0.99,1.75,-5.81,4.34,7.46,STILL
28681,0.80,0.47,0.37,1.00,4.83,-4.83,6.37,9.34,STILL
28739,0.81,0.48,0.39,1.01,6.65,-3.36,8.19,11.07,STILL
28798,0.82,0.48,0.40,1.02,11.76,0.84,8.19,14.36,STILL
28856,0.81,0.45,0.39,1.00,12.25,2.73,8.05,14.91,STILL
28915,0.80,0.44,0.36,0.98,14.42,1.54,11.48,18.50,STILL
28974,0.80,0.44,0.37,0.99,9.45,-3.01,13.65,16.87,STILL
29032,0.83,0.44,0.38,1.01,13.51,-2.03,13.30,19.07,STILL
29091,0.81,0.44,0.35,0.98,24.36,1.05,15.40,28.84,STILL
29149,0.80,0.44,0.34,0.98,20.65,-1.75,17.50,27.12,STILL
29208,0.83,0.45,0.35,1.00,19.18,-3.43,17.57,26.24,STILL
29267,0.85,0.46,0.35,1.03,22.12,-1.68,15.40,27.01,STILL
29325,0.87,0.45,0.36,1.05,27.86,5.04,12.74,31.05,STILL
29384,0.85,0.43,0.33,1.01,32.48,8.96,11.55,35.62,STILL
29442,0.82,0.42,0.31,0.98,28.28,7.42,13.37,32.15,STILL
29501,0.84,0.42,0.30,0.99,24.64,6.02,14.70,29.32,STILL
29560,0.86,0.44,0.29,1.01,22.75,3.29,12.60,26.21,STILL
29618,0.87,0.45,0.30,1.02,20.30,1.19,9.66,22.51,STILL
29677,0.86,0.42,0.29,1.00,22.26,1.68,6.37,23.21,STILL
29735,0.84,0.41,0.26,0.97,19.04,-0.21,6.23,20.03,STILL
29794,0.86,0.40,0.24,0.98,18.55,-2.94,5.95,19.70,STILL
29853,0.88,0.40,0.24,1.00,22.47,-4.48,8.33,24.38,STILL
29911,0.90,0.41,0.25,1.02,17.08,-7.84,7.56,20.26,STILL
29970,0.89,0.39,0.25,1.00,19.11,-6.79,3.92,20.66,STILL
30028,0.88,0.38,0.23,0.99,15.96,-6.44,5.04,17.93,STILL
30087,0.88,0.38,0.22,0.98,16.24,-5.32,6.16,18.17,STILL
30146,0.89,0.39,0.20,0.99,10.99,-6.58,7.98,15.09,STILL
30204,0.90,0.40,0.20,1.01,11.48,-6.02,9.87,16.29,STILL
30263,0.91,0.41,0.19,1.01,9.87,-6.37,7.14,13.75,STILL
30322,0.91,0.43,0.18,1.02,1.40,-5.18,2.10,5.76,STILL
30381,0.90,0.40,0.20,1.01,-23.45,-11.90,-8.12,27.52,STILL
30440,0.88,0.38,0.22,0.98,-4.41,-11.27,-4.90,13.06,STILL
30498,0.89,0.39,0.20,0.99,-6.79,-6.37,-6.37,11.28,STILL
30557,0.92,0.39,0.21,1.02,4.48,-2.45,-3.08,5.96,STILL
30615,0.93,0.41,0.17,1.03,1.75,0.07,-5.81,6.07,STILL
30674,0.89,0.36,0.16,0.97,1.54,-2.59,-6.30,6.98,STILL
30732,0.89,0.40,0.15,0.99,-4.97,-10.43,-2.94,11.92,STILL
30791,0.92,0.43,0.16,1.02,-21.91,-8.26,-7.07,24.46,STILL
30851,0.93,0.38,0.18,1.02,-11.69,-5.88,-2.66,13.35,STILL
30909,0.90,0.41,0.16,1.01,-1.12,-4.83,-1.61,5.21,STILL
Recording stopped
