Recording started
time,accelX,accelY,accelZ,accelMagnitude,gyroX,gyroY,gyroZ,gyroMagnitude,activity
9,-0.32,0.36,0.90,1.02,-0.63,-2.59,-0.91,2.82,TYPING
68,-0.31,0.36,0.90,1.02,0.98,-2.80,1.33,3.25,TYPING
126,-0.33,0.36,0.91,1.03,3.43,0.07,0.91,3.55,TYPING
185,-0.33,0.37,0.88,1.01,2.87,-1.26,-0.91,3.26,TYPING
243,-0.31,0.36,0.90,1.02,-3.71,-2.80,-0.28,4.66,TYPING
302,-0.29,0.35,0.92,1.02,-3.71,-3.15,0.07,4.87,TYPING
361,-0.32,0.36,0.93,1.05,-2.24,0.00,0.14,2.24,TYPING
418,-0.33,0.35,0.89,1.01,2.80,-4.20,4.27,6.61,TYPING
477,-0.31,0.34,0.90,1.01,-2.03,-2.10,1.26,3.18,TYPING
535,-0.31,0.34,0.90,1.01,-1.19,4.34,-3.15,5.49,TYPING
595,-0.31,0.34,0.90,1.01,1.61,-7.49,1.12,7.74,TYPING
654,-0.33,0.33,0.91,1.02,3.08,-2.45,-1.19,4.11,TYPING
712,-0.34,0.35,0.90,1.03,-3.15,-1.61,-5.74,6.74,TYPING
772,-0.29,0.38,0.91,1.03,-1.12,-3.50,-0.70,3.74,TYPING
830,-0.31,0.35,0.92,1.03,-0.98,-0.91,0.42,1.40,TYPING
889,-0.33,0.36,0.89,1.02,7.28,-3.99,3.29,8.93,TYPING
948,-0.31,0.35,0.91,1.02,-1.12,-1.61,2.52,3.19,TYPING
1006,-0.32,0.37,0.89,1.02,-0.70,-3.08,-0.49,3.20,TYPING
1065,-0.30,0.34,0.91,1.01,-5.18,-2.03,5.46,7.80,TYPING
1124,-0.31,0.34,0.93,1.04,1.82,-2.87,0.63,3.46,TYPING
1183,-0.32,0.35,0.88,1.00,4.76,-3.01,0.21,5.64,TYPING
1242,-0.34,0.42,0.87,1.02,0.42,-6.65,1.89,6.93,TYPING
1300,-0.29,0.35,0.90,1.01,-3.22,-3.57,-3.01,5.67,TYPING
1359,-0.29,0.34,0.92,1.02,-1.96,-3.50,-2.10,4.53,TYPING
1419,-0.31,0.34,0.92,1.03,-0.63,-4.48,1.89,4.90,TYPING
1477,-0.31,0.37,0.88,1.01,0.91,-2.24,0.91,2.58,TYPING
1535,-0.33,0.37,0.88,1.01,-2.73,-2.45,-1.68,4.03,TYPING
1595,-0.31,0.33,0.91,1.02,-1.68,-1.33,1.05,2.39,TYPING
1654,-0.31,0.34,0.90,1.02,1.12,-2.10,-0.14,2.38,TYPING
1712,-0.32,0.34,0.91,1.02,0.07,-2.31,-1.54,2.78,TYPING
1772,-0.32,0.36,0.87,1.00,1.89,-2.59,-0.21,3.21,TYPING
1830,-0.29,0.35,0.92,1.03,0.35,-2.80,-1.61,3.25,TYPING
1889,-0.32,0.33,0.91,1.02,-0.42,-3.01,-2.94,4.23,TYPING
1949,-0.31,0.37,0.90,1.02,0.35,-2.73,-0.07,2.75,TYPING
2007,-0.31,0.35,0.96,1.07,0.84,0.14,-0.56,1.02,TYPING
2065,-0.32,0.37,0.90,1.02,6.86,7.21,2.80,10.34,TYPING
2123,-0.30,0.30,0.83,0.94,-6.16,3.71,0.00,7.19,TYPING
2182,-0.31,0.31,0.89,0.99,-5.88,-5.74,-3.78,9.04,TYPING
2242,-0.34,0.31,0.93,1.03,12.11,-2.03,3.50,12.77,TYPING
2300,-0.32,0.37,0.87,1.00,5.25,-3.85,1.89,6.78,TYPING
2359,-0.33,0.31,0.91,1.01,-0.63,-8.12,-0.21,8.15,TYPING
2418,-0.34,0.38,0.93,1.06,-3.15,-6.51,-4.06,8.29,TYPING
2477,-0.34,0.32,0.87,0.99,-2.24,-2.59,-0.91,3.54,TYPING
2535,-0.32,0.35,0.89,1.01,-7.49,-7.07,2.94,10.71,TYPING
2595,-0.27,0.30,0.97,1.05,-2.38,-0.84,0.77,2.64,TYPING
2654,-0.27,0.34,0.95,1.05,-6.79,-3.22,-2.52,7.93,TYPING
2713,-0.30,0.27,0.99,1.07,-5.11,-7.21,2.10,9.08,TYPING
2772,-0.31,0.30,0.90,1.00,-3.85,-2.87,2.66,5.49,TYPING
2830,-0.29,0.33,0.95,1.05,-1.19,-3.36,0.35,3.58,TYPING
2889,-0.29,0.30,0.90,0.99,-5.67,-7.21,-1.33,9.27,TYPING
2948,-0.30,0.29,0.86,0.96,1.40,-6.65,2.80,7.35,TYPING
3006,-0.31,0.31,0.97,1.07,-2.17,-6.51,-1.33,6.99,TYPING
3065,-0.31,0.27,0.95,1.03,-3.78,2.10,-1.75,4.66,TYPING
3123,-0.30,0.30,0.93,1.02,3.78,-5.25,3.01,7.14,TYPING
3182,-0.30,0.30,0.94,1.03,0.77,-2.17,0.70,2.41,TYPING
3240,-0.30,0.31,0.93,1.02,-1.75,0.00,1.40,2.24,TYPING
3298,-0.30,0.30,0.94,1.03,1.61,-2.31,0.35,2.84,TYPING
3357,-0.30,0.31,0.92,1.02,1.68,-1.12,-1.12,2.31,TYPING
3416,-0.29,0.32,0.93,1.03,-3.64,-0.84,-2.80,4.67,TYPING
3476,-0.28,0.28,0.93,1.01,0.84,-3.08,0.70,3.27,TYPING
3534,-0.31,0.31,0.93,1.03,0.77,-1.26,0.21,1.49,TYPING
3594,-0.29,0.32,0.92,1.02,0.91,-2.17,-0.42,2.39,TYPING
3653,-0.29,0.31,0.93,1.02,-17.71,-2.10,-0.14,17.83,TYPING
3711,-0.29,0.30,0.93,1.02,-3.43,-0.56,14.14,14.56,TYPING
3771,-0.30,0.30,0.95,1.04,-0.98,-0.56,-0.42,1.20,TYPING
3829,-0.30,0.32,0.90,1.01,2.80,-0.84,0.56,2.98,TYPING
3888,-0.30,0.30,0.93,1.02,0.49,1.40,0.00,1.48,TYPING
3948,-0.29,0.30,0.93,1.02,0.42,-1.75,-0.07,1.80,TYPING
4006,-0.30,0.32,0.92,1.02,3.92,-1.40,-0.42,4.18,TYPING
4065,-0.35,0.30,0.91,1.02,-8.82,-3.15,-3.50,10.00,TYPING
4124,-0.34,0.31,0.92,1.03,-6.58,-8.75,3.57,11.52,TYPING
4183,-0.20,0.37,1.01,1.10,-2.10,-1.40,-2.17,3.33,TYPING
4242,-0.24,0.25,0.83,0.90,-8.54,-6.65,-7.14,12.97,TYPING
4300,-0.28,0.23,0.94,1.01,-0.35,-8.05,0.49,8.07,TYPING
4359,-0.31,0.28,0.94,1.02,15.05,2.17,4.13,15.76,TYPING
4417,-0.27,0.33,0.82,0.92,6.16,-3.64,-0.07,7.16,TYPING
4476,-0.28,0.32,0.93,1.03,-9.73,-9.80,-5.95,15.04,TYPING
4534,-0.25,0.27,1.02,1.08,1.12,-0.84,0.00,1.40,TYPING
4592,-0.29,0.29,0.91,1.00,-1.54,2.10,0.77,2.72,TYPING
4651,-0.29,0.28,0.92,1.01,1.89,-3.15,-0.77,3.75,TYPING
4709,-0.28,0.26,1.00,1.07,3.64,-3.85,2.45,5.84,TYPING
4768,-0.27,0.30,0.94,1.02,8.61,3.43,2.59,9.62,TYPING
4826,-0.30,0.29,0.90,0.99,2.45,0.49,0.98,2.68,TYPING
4885,-0.29,0.32,0.90,1.00,-0.84,0.14,-2.38,2.53,TYPING
4945,-0.32,0.26,1.00,1.08,1.82,7.77,2.10,8.25,TYPING
5003,-0.27,0.29,0.92,1.00,1.68,3.08,2.24,4.16,TYPING
5062,-0.29,0.29,0.97,1.05,-4.62,-3.85,-1.05,6.10,TYPING
5121,-0.31,0.28,0.99,1.08,-1.89,-3.15,0.98,3.80,TYPING
5180,-0.33,0.31,0.93,1.03,8.89,3.08,-1.33,9.50,TYPING
5239,-0.30,0.27,0.90,0.99,-3.78,-1.68,-6.30,7.54,TYPING
5298,-0.29,0.29,0.95,1.04,1.68,-9.80,-1.96,10.13,TYPING
5357,-0.31,0.26,0.98,1.06,-2.66,-7.07,-1.89,7.79,TYPING
5415,-0.28,0.32,0.94,1.03,9.31,-6.72,3.78,12.09,TYPING
5474,-0.28,0.31,0.92,1.01,10.36,3.71,2.66,11.32,TYPING
5533,-0.27,0.34,0.90,1.00,-3.99,-5.95,-2.10,7.47,TYPING
5591,-0.30,0.30,0.94,1.03,-0.14,-3.36,-2.73,4.33,TYPING
5651,-0.29,0.28,0.94,1.02,0.28,-2.45,0.49,2.51,TYPING
5709,-0.29,0.34,0.99,1.09,1.96,-0.21,-5.67,6.00,TYPING
5769,-0.16,0.32,0.97,1.03,10.78,2.80,-0.98,11.18,TYPING
5827,-0.24,0.25,0.91,0.97,-8.54,-1.12,-10.57,13.63,TYPING
5886,-0.32,0.22,0.96,1.04,9.24,3.92,2.52,10.35,TYPING
5945,-0.39,0.28,0.87,0.99,3.99,-1.40,4.48,6.16,TYPING
6003,-0.32,0.36,0.90,1.02,1.40,-5.39,-1.12,5.68,TYPING
6062,-0.29,0.34,0.98,1.07,-1.12,-4.06,-0.28,4.22,TYPING
6121,-0.28,0.33,0.87,0.97,0.49,-1.68,1.75,2.47,TYPING
6180,-0.28,0.31,0.86,0.96,1.33,-7.56,0.07,7.68,TYPING
6239,-0.31,0.29,0.94,1.04,7.98,0.91,2.87,8.53,TYPING
6297,-0.29,0.34,0.90,1.01,4.48,-2.87,0.77,5.38,TYPING
6356,-0.30,0.18,0.98,1.04,-3.08,-2.94,0.07,4.26,TYPING
6415,-0.28,0.33,0.91,1.01,-0.77,-13.30,3.92,13.89,TYPING
6474,-0.29,0.33,0.92,1.02,-0.28,-3.29,0.28,3.31,TYPING
6533,-0.28,0.33,0.94,1.04,0.14,-3.50,-0.84,3.60,TYPING
6591,-0.29,0.30,0.93,1.02,-0.28,-3.29,0.70,3.38,TYPING
6650,-0.29,0.31,0.93,1.02,-1.82,-2.03,0.77,2.83,TYPING
6708,-0.34,0.37,0.86,1.00,-2.45,-2.73,-0.70,3.73,TYPING
6767,-0.34,0.33,0.88,1.00,-13.65,-1.75,-9.73,16.85,TYPING
6826,-0.32,0.31,0.91,1.01,-9.73,-5.53,3.71,11.79,TYPING
6885,-0.27,0.33,0.99,1.07,-2.66,-1.05,0.21,2.87,TYPING
6945,-0.23,0.25,0.93,0.99,3.15,-3.92,-1.12,5.15,TYPING
7003,-0.27,0.31,0.97,1.05,4.55,-3.78,-0.07,5.92,TYPING
7062,-0.30,0.27,0.92,1.01,-3.15,-6.37,-2.10,7.41,TYPING
7121,-0.27,0.33,0.97,1.06,6.72,0.00,-1.40,6.86,TYPING
7180,-0.27,0.31,0.91,1.00,2.38,0.98,-1.19,2.84,TYPING
7239,-0.32,0.30,0.91,1.01,-1.33,16.94,-1.26,17.04,TYPING
7298,-0.31,0.29,0.91,1.00,-0.21,-2.31,0.00,2.32,TYPING
7357,-0.29,0.29,0.97,1.05,5.11,-17.64,3.78,18.75,TYPING
7416,-0.28,0.31,0.96,1.04,-0.63,3.08,0.91,3.27,TYPING
7475,-0.29,0.31,0.99,1.08,1.54,0.70,0.63,1.81,TYPING
7534,-0.29,0.38,0.84,0.97,-3.64,4.69,-4.76,7.61,TYPING
7592,-0.26,0.30,0.84,0.93,4.97,-8.19,1.68,9.73,TYPING
7651,-0.30,0.28,1.00,1.08,-2.52,-9.94,-1.19,10.32,TYPING
7709,-0.28,0.34,1.00,1.09,-10.08,0.77,-2.94,10.53,TYPING
7769,-0.29,0.30,0.85,0.95,-4.06,-1.12,2.24,4.77,TYPING
7827,-0.29,0.28,0.96,1.04,0.91,-4.13,-1.05,4.36,TYPING
7886,-0.28,0.26,0.92,1.00,-3.50,-2.59,-1.54,4.62,TYPING
7946,-0.29,0.27,0.96,1.04,-0.28,0.00,-1.26,1.29,TYPING
8004,-0.32,0.25,1.09,1.17,-4.06,-1.54,-2.45,4.99,TYPING
8063,-0.28,0.21,0.86,0.93,12.18,-6.86,7.21,15.73,TYPING
8121,-0.28,0.30,0.98,1.06,0.28,-6.72,0.07,6.73,TYPING
8180,-0.28,0.29,0.96,1.04,0.35,-0.49,1.40,1.52,TYPING
8239,-0.28,0.28,0.92,1.01,-0.70,-2.45,0.70,2.64,TYPING
8297,-0.28,0.32,0.96,1.04,0.42,-0.70,-1.96,2.12,TYPING
8356,-0.30,0.24,0.93,1.01,4.83,3.43,0.91,5.99,TYPING
8415,-0.27,0.27,0.91,0.99,-0.98,-6.72,2.17,7.13,TYPING
8474,-0.28,0.30,0.93,1.01,0.49,-4.41,-1.26,4.61,TYPING
8533,-0.30,0.29,0.95,1.04,0.84,-1.61,0.07,1.82,TYPING
8591,-0.29,0.30,0.95,1.03,-0.14,-4.34,-1.12,4.48,TYPING
8650,-0.28,0.28,0.95,1.03,-0.42,-3.43,-1.61,3.81,TYPING
8708,-0.29,0.28,0.94,1.02,-0.42,-2.17,-0.35,2.24,TYPING
8768,-0.28,0.28,0.95,1.03,-2.24,-2.73,-3.08,4.69,TYPING
8827,-0.27,0.28,0.96,1.04,0.07,-3.36,0.14,3.36,TYPING
8886,-0.28,0.30,0.94,1.02,-1.75,-1.33,-0.49,2.25,TYPING
8945,-0.28,0.27,0.93,1.01,4.55,-7.07,0.98,8.46,TYPING
9003,-0.29,0.28,0.96,1.04,0.35,-0.84,1.33,1.61,TYPING
9062,-0.28,0.31,0.95,1.03,0.70,7.91,-3.22,8.57,TYPING
9121,-0.28,0.26,0.88,0.96,10.08,-1.82,2.73,10.60,TYPING
9180,-0.27,0.30,0.83,0.93,5.88,-3.50,0.91,6.90,TYPING
9239,-0.28,0.29,0.93,1.02,-6.37,-6.44,-3.50,9.71,TYPING
9297,-0.28,0.26,0.98,1.05,0.42,-2.45,2.10,3.25,TYPING
9356,-0.28,0.31,0.92,1.01,0.49,-2.24,-1.12,2.55,TYPING
9414,-0.29,0.29,0.95,1.03,-1.33,-2.73,-0.63,3.10,TYPING
9474,-0.28,0.29,0.93,1.02,1.40,-1.54,-0.07,2.08,TYPING
9533,-0.28,0.29,0.93,1.02,-0.07,-2.80,0.49,2.84,TYPING
9592,-0.29,0.26,0.93,1.01,-0.70,2.80,3.43,4.48,TYPING
9651,-0.27,0.33,0.88,0.98,1.19,1.26,1.26,2.14,TYPING
9709,-0.27,0.31,0.96,1.05,-7.00,-2.45,-2.59,7.86,TYPING
9769,-0.31,0.30,0.89,0.99,-7.63,-3.36,-3.92,9.21,TYPING
9827,-0.30,0.32,1.09,1.17,-3.29,-0.49,-2.66,4.26,TYPING
9886,-0.25,0.24,0.80,0.87,8.54,-1.47,2.17,8.93,TYPING
9945,-0.30,0.26,1.04,1.11,-3.92,-9.17,-2.10,10.19,TYPING
10003,-0.30,0.29,1.02,1.10,5.81,1.47,-1.40,6.15,TYPING
10062,-0.25,0.29,0.91,0.98,6.37,5.88,0.56,8.69,TYPING
10119,-0.27,0.31,0.96,1.05,-2.80,-8.68,0.42,9.13,TYPING
10178,-0.28,0.31,0.95,1.04,-2.03,-3.57,2.10,4.61,TYPING
10237,-0.29,0.29,0.94,1.02,0.70,-0.07,0.28,0.76,TYPING
10295,-0.29,0.30,0.96,1.04,0.07,-3.92,2.38,4.59,TYPING
10355,-0.29,0.31,0.92,1.01,2.17,-1.82,0.63,2.90,TYPING
10414,-0.28,0.26,0.94,1.02,-2.10,2.38,-4.06,5.15,TYPING
10473,-0.29,0.26,1.03,1.10,4.76,-0.84,2.24,5.33,TYPING
10532,-0.26,0.35,0.93,1.03,2.31,3.08,-2.52,4.60,TYPING
10590,-0.30,0.31,0.86,0.96,-4.06,2.31,-6.30,7.84,TYPING
10650,-0.30,0.26,0.95,1.03,2.94,-0.21,1.12,3.15,TYPING
10708,-0.28,0.35,0.95,1.05,-1.40,-8.12,-1.47,8.37,TYPING
10767,-0.29,0.27,0.99,1.07,-8.19,-3.78,0.42,9.03,TYPING
10826,-0.30,0.33,0.92,1.02,-7.49,-3.50,-2.80,8.73,TYPING
10885,-0.28,0.27,0.93,1.01,-3.99,-1.33,-3.57,5.52,TYPING
10944,-0.28,0.28,0.92,1.00,-7.70,3.43,-0.28,8.43,TYPING
11002,-0.27,0.27,1.01,1.08,-5.11,-0.91,-1.82,5.50,TYPING
11061,-0.27,0.27,0.94,1.01,1.26,1.47,0.14,1.94,TYPING
11121,-0.28,0.35,0.95,1.05,3.15,-12.95,3.36,13.74,TYPING
11180,-0.31,0.24,1.16,1.23,-5.53,-1.54,1.75,6.00,TYPING
11239,-0.27,0.32,0.96,1.05,1.26,1.33,-1.33,2.26,TYPING
11298,-0.24,0.27,1.01,1.07,-1.96,-7.56,0.35,7.82,TYPING
11357,-0.29,0.34,0.99,1.08,-1.40,-3.71,-0.07,3.97,TYPING
11415,-0.27,0.27,0.95,1.03,1.33,0.21,-4.13,4.34,TYPING
11475,-0.26,0.27,0.97,1.04,3.15,0.98,0.56,3.35,TYPING
11534,-0.30,0.31,0.92,1.01,3.01,0.70,-0.91,3.22,TYPING
11592,-0.30,0.29,0.93,1.02,-3.85,-0.14,-0.98,3.98,TYPING
11651,-0.28,0.30,0.93,1.01,-17.36,-2.24,-2.38,17.66,TYPING
11709,-0.27,0.29,0.96,1.03,-3.01,-1.33,-2.31,4.02,TYPING
11769,-0.26,0.30,0.92,1.00,0.91,-1.96,-0.84,2.32,TYPING
11827,-0.28,0.27,0.94,1.01,2.03,1.12,0.42,2.36,TYPING
11886,-0.31,0.33,0.98,1.08,5.39,-1.33,-0.42,5.57,TYPING
11946,-0.29,0.29,0.89,0.98,3.92,3.22,0.42,5.09,TYPING
12004,-0.28,0.29,0.93,1.01,-3.01,-5.81,-1.68,6.76,TYPING
12064,-0.28,0.27,0.91,0.99,-1.12,-5.81,-2.66,6.49,TYPING
12123,-0.29,0.30,0.98,1.06,-1.05,-2.24,-0.28,2.49,TYPING
12182,-0.29,0.31,0.91,1.00,-0.77,-3.08,0.42,3.20,TYPING
12241,-0.29,0.29,0.94,1.03,-3.71,-1.47,3.78,5.50,TYPING
12299,-0.27,0.29,0.94,1.02,3.08,-0.98,0.70,3.31,TYPING
12358,-0.27,0.30,0.94,1.03,1.68,-1.61,0.77,2.45,TYPING
12416,-0.28,0.29,0.95,1.03,-1.96,1.26,-3.50,4.20,TYPING
12476,-0.26,0.31,0.89,0.98,5.39,2.87,1.26,6.24,TYPING
12534,-0.27,0.30,0.87,0.96,2.59,-5.60,-0.77,6.22,TYPING
12592,-0.27,0.31,0.96,1.05,3.22,-3.85,0.84,5.09,TYPING
12651,-0.30,0.29,0.97,1.06,-0.35,-0.84,-0.63,1.11,TYPING
12709,-0.28,0.31,0.92,1.01,0.98,-0.63,-0.77,1.40,TYPING
12769,-0.28,0.31,0.95,1.04,2.31,-4.69,-1.61,5.47,TYPING
12827,-0.28,0.29,0.94,1.02,-0.14,0.14,-1.05,1.07,TYPING
12886,-0.27,0.29,0.95,1.03,-5.32,2.38,1.68,6.07,TYPING
12946,-0.26,0.29,0.96,1.03,1.61,-2.45,-0.63,3.00,TYPING
13004,-0.29,0.30,0.93,1.02,0.42,-1.75,-17.85,17.94,TYPING
13063,-0.28,0.29,0.93,1.02,-3.50,1.19,-5.32,6.48,TYPING
13122,-0.28,0.27,0.94,1.02,1.12,-4.06,0.35,4.23,TYPING
13181,-0.28,0.30,0.93,1.02,0.63,-3.01,-0.42,3.10,TYPING
13240,-0.28,0.29,0.94,1.02,-0.07,-1.89,-1.12,2.20,TYPING
13298,-0.28,0.12,1.00,1.05,-0.98,-2.38,0.70,2.67,TYPING
13357,-0.28,0.29,0.96,1.04,8.47,2.59,3.36,9.47,TYPING
13415,-0.28,0.27,0.90,0.98,2.87,4.06,-0.84,5.04,TYPING
13475,-0.25,0.27,0.97,1.04,1.75,-2.17,1.26,3.06,TYPING
13534,-0.29,0.28,0.95,1.03,-2.45,-4.55,1.33,5.34,TYPING
13592,-0.29,0.33,0.96,1.05,-2.80,-3.99,-2.10,5.31,TYPING
13652,-0.30,0.31,0.90,1.00,-1.19,-2.87,0.14,3.11,TYPING
13710,-0.27,0.28,0.94,1.02,-0.63,-3.50,-1.40,3.82,TYPING
13769,-0.28,0.29,0.95,1.03,1.33,-4.90,-0.63,5.12,TYPING
13827,-0.30,0.30,1.01,1.09,-0.77,-1.33,-0.42,1.59,TYPING
13886,-0.28,0.28,0.96,1.04,-2.59,1.54,-0.35,3.03,TYPING
13945,-0.29,0.29,0.92,1.01,-1.05,17.78,-1.96,17.92,TYPING
14003,-0.30,0.32,0.84,0.95,-4.48,-1.26,-4.41,6.41,TYPING
14062,-0.30,0.25,0.87,0.95,-3.29,-8.33,-3.99,9.80,TYPING
14121,-0.31,0.28,0.98,1.07,-7.35,-10.22,-3.08,12.96,TYPING
14180,-0.27,0.22,1.11,1.16,-2.45,-3.78,-1.19,4.66,TYPING
14239,-0.28,0.24,0.88,0.96,3.01,4.20,7.14,8.81,TYPING
14297,-0.28,0.32,0.97,1.06,2.24,-7.21,0.21,7.55,TYPING
14356,-0.29,0.25,0.99,1.06,0.07,-4.90,0.28,4.91,TYPING
14414,-0.29,0.28,0.96,1.04,0.63,0.07,0.63,0.89,TYPING
14473,-0.28,0.27,0.94,1.02,0.56,-3.36,0.70,3.48,TYPING
14532,-0.28,0.26,0.96,1.04,1.26,-1.47,0.70,2.06,TYPING
14590,-0.27,0.28,0.94,1.02,-0.49,-1.33,2.73,3.08,TYPING
14649,-0.28,0.28,0.94,1.02,2.73,-7.63,-0.49,8.12,TYPING
14707,-0.28,0.28,0.95,1.03,2.31,-1.33,-0.21,2.67,TYPING
14767,-0.28,0.28,0.94,1.01,0.35,0.91,-0.91,1.33,TYPING
14826,-0.28,0.27,0.94,1.02,2.45,-2.10,17.36,17.66,TYPING
14885,-0.28,0.28,0.94,1.02,3.15,-2.59,-0.49,4.11,TYPING
14945,-0.28,0.28,0.93,1.01,2.73,-2.10,0.00,3.44,TYPING
15003,-0.29,0.30,0.95,1.03,3.22,-0.70,-0.28,3.31,TYPING
15062,-0.28,0.29,0.94,1.02,2.38,-0.77,0.21,2.51,TYPING
15120,-0.29,0.31,0.92,1.01,3.99,-1.40,-0.14,4.23,TYPING
15179,-0.28,0.31,0.95,1.04,0.70,-0.70,-1.33,1.66,TYPING
15238,-0.26,0.28,0.93,1.01,-3.57,-3.78,-1.89,5.53,TYPING
15297,-0.28,0.26,0.92,1.00,2.17,-3.08,3.85,5.39,TYPING
15356,-0.28,0.29,0.91,1.00,-1.96,-3.57,3.22,5.19,TYPING
15415,-0.29,0.32,1.05,1.13,-1.40,1.61,3.15,3.80,TYPING
15474,-0.28,0.28,0.94,1.02,6.72,5.04,4.55,9.55,TYPING
15533,-0.29,0.28,0.88,0.97,4.20,0.35,3.08,5.22,TYPING
15591,-0.26,0.31,0.91,1.00,-4.41,-4.20,0.70,6.13,TYPING
15650,-0.27,0.33,0.87,0.96,-3.99,-5.18,-1.68,6.75,TYPING
15708,-0.30,0.27,1.01,1.09,-2.45,-1.12,-1.40,3.04,TYPING
15767,-0.28,0.31,0.90,1.00,2.31,-6.37,-1.26,6.89,TYPING
15826,-0.27,0.27,0.95,1.03,2.17,-3.78,-1.26,4.54,TYPING
15885,-0.26,0.35,0.93,1.02,3.50,2.38,-1.82,4.61,TYPING
15945,-0.28,0.30,0.94,1.03,1.54,-0.42,-1.12,1.95,TYPING
16004,-0.28,0.30,0.93,1.02,1.54,-1.05,-2.03,2.76,TYPING
16063,-0.28,0.30,0.93,1.02,1.75,-1.47,-3.15,3.89,TYPING
16122,-0.28,0.28,0.95,1.03,3.43,-1.12,-0.35,3.63,TYPING
16181,-0.28,0.31,0.92,1.01,1.96,-1.96,-0.07,2.77,TYPING
16241,-0.28,0.31,0.92,1.01,-0.98,-0.42,-2.24,2.48,TYPING
16300,-0.29,0.29,0.96,1.04,1.05,-1.33,-0.28,1.72,TYPING
16359,-0.28,0.28,0.93,1.01,3.22,1.33,0.42,3.51,TYPING
16418,-0.29,0.34,0.83,0.94,1.61,2.45,0.49,2.97,TYPING
16477,-0.31,0.28,0.90,0.99,0.56,-6.09,0.14,6.12,TYPING
16535,-0.28,0.34,1.02,1.11,0.49,-1.12,-3.29,3.51,TYPING
16594,-0.26,0.33,0.86,0.96,1.96,-3.64,3.57,5.46,TYPING
16653,-0.24,0.27,0.94,1.00,-2.31,-4.62,0.00,5.17,TYPING
16711,-0.29,0.29,0.97,1.06,-4.41,-4.13,-0.21,6.05,TYPING
16771,-0.30,0.31,0.92,1.01,-0.14,-2.87,2.66,3.92,TYPING
16829,-0.28,0.31,0.96,1.04,0.56,-2.03,-0.70,2.22,TYPING
16888,-0.27,0.31,0.91,1.00,-0.70,-2.73,0.14,2.82,TYPING
16948,-0.28,0.30,0.95,1.03,-3.92,-0.07,-2.94,4.90,TYPING
17006,-0.29,0.30,0.99,1.07,-7.98,1.12,-5.39,9.69,TYPING
17065,-0.30,0.30,0.91,1.00,9.45,-0.28,0.35,9.46,TYPING
17123,-0.27,0.27,0.84,0.92,0.49,-7.77,-2.45,8.16,TYPING
17182,-0.29,0.23,0.96,1.03,-4.34,-7.35,-2.45,8.88,TYPING
17241,-0.28,0.26,0.96,1.04,-1.40,2.59,-2.52,3.88,TYPING
17300,-0.29,0.32,0.92,1.02,3.08,-4.97,0.35,5.86,TYPING
17359,-0.28,0.29,0.96,1.04,3.15,-0.91,-0.63,3.34,TYPING
17418,-0.28,0.29,0.95,1.03,0.21,-1.47,-3.15,3.48,TYPING
17478,-0.28,0.29,0.95,1.03,2.73,-1.82,0.77,3.37,TYPING
17536,-0.28,0.30,0.93,1.02,2.45,-1.82,0.00,3.05,TYPING
17596,-0.27,0.29,0.95,1.03,0.98,-3.71,0.14,3.84,TYPING
17655,-0.28,0.29,0.94,1.03,0.63,-2.45,0.21,2.54,TYPING
17713,-0.27,0.29,0.93,1.01,3.01,-5.25,1.47,6.23,TYPING
17772,-0.29,0.29,0.94,1.03,0.77,-3.01,-0.07,3.11,TYPING
17830,-0.28,0.31,0.94,1.03,-1.12,-4.13,-0.70,4.34,TYPING
17889,-0.27,0.28,0.94,1.02,-1.33,3.29,-0.56,3.59,TYPING
17949,-0.27,0.29,0.95,1.03,1.75,-0.42,0.49,1.87,TYPING
18007,-0.28,0.30,0.94,1.02,1.33,-1.19,-0.35,1.82,TYPING
18067,-0.28,0.29,0.94,1.02,4.34,-1.47,-0.28,4.59,TYPING
18125,-0.28,0.29,0.93,1.02,1.61,-1.68,-0.84,2.47,TYPING
18184,-0.28,0.30,0.94,1.02,0.28,-2.66,17.43,17.63,TYPING
18244,-0.28,0.31,0.94,1.03,-0.35,-0.28,-2.38,2.42,TYPING
18303,-0.28,0.30,0.94,1.02,0.63,-1.33,0.28,1.50,TYPING
18362,-0.28,0.29,0.94,1.02,0.70,-0.14,-0.49,0.87,TYPING
18421,-0.28,0.30,0.93,1.02,2.45,-0.63,0.84,2.67,TYPING
18480,-0.29,0.31,0.92,1.01,0.14,-1.75,-0.14,1.76,TYPING
18538,-0.29,0.30,0.93,1.02,1.82,-1.12,-0.70,2.25,TYPING
18597,-0.28,0.30,0.93,1.02,0.63,-2.59,-0.21,2.67,TYPING
18656,-0.28,0.30,0.93,1.01,-0.28,-1.33,0.07,1.36,TYPING
18714,-0.28,0.30,0.94,1.02,-1.33,2.59,2.03,3.55,TYPING
18773,-0.28,0.29,0.93,1.01,-0.63,1.19,1.26,1.84,TYPING
18831,-0.29,0.31,0.93,1.02,-0.42,-1.75,-0.56,1.88,TYPING
18891,-0.29,0.30,0.93,1.02,-2.10,-4.06,1.96,4.97,TYPING
18950,-0.28,0.30,0.95,1.03,0.21,-1.96,-0.21,1.98,TYPING
19009,-0.28,0.29,0.92,1.01,-0.07,-3.43,2.24,4.10,TYPING
19068,-0.28,0.32,0.94,1.03,-1.75,0.98,0.00,2.01,TYPING
19126,-0.28,0.29,0.93,1.02,-0.42,-1.61,-0.07,1.67,TYPING
19185,-0.28,0.29,0.96,1.04,2.24,1.54,-0.70,2.81,TYPING
19243,-0.28,0.30,0.93,1.01,-0.21,0.84,-2.52,2.66,TYPING
19302,-0.28,0.30,0.96,1.04,-2.94,-0.28,-2.66,3.97,TYPING
19361,-0.30,0.29,0.93,1.02,2.10,0.49,-0.84,2.31,TYPING
19420,-0.30,0.29,0.96,1.05,2.38,-4.76,0.98,5.41,TYPING
19479,-0.29,0.29,0.96,1.05,-0.77,-2.38,0.49,2.55,TYPING
19537,-0.29,0.29,0.94,1.03,3.01,2.73,-0.42,4.09,TYPING
19596,-0.29,0.27,0.76,0.86,10.36,-0.35,3.57,10.96,TYPING
19655,-0.31,0.28,0.90,0.99,-4.20,-9.59,-0.56,10.48,TYPING
19714,-0.31,0.29,0.93,1.02,-7.56,-5.95,2.10,9.85,TYPING
19774,-0.29,0.34,0.91,1.01,-8.89,-11.20,1.75,14.41,TYPING
19832,-0.24,0.29,1.00,1.07,-1.68,0.84,-2.24,2.92,TYPING
19892,-0.25,0.24,0.83,0.90,2.10,-6.37,5.39,8.60,TYPING
19950,-0.26,0.29,0.99,1.07,-0.42,-4.55,-2.17,5.06,TYPING
20009,-0.28,0.33,0.94,1.04,8.54,7.56,-1.61,11.52,TYPING
20068,-0.26,0.33,0.86,0.96,-0.28,-6.09,-0.84,6.15,TYPING
20127,-0.27,0.27,0.92,0.99,-2.31,-6.58,0.28,6.98,TYPING
20186,-0.29,0.29,1.01,1.09,-3.71,-1.75,1.12,4.25,TYPING
20244,-0.28,0.27,0.93,1.01,4.55,-3.99,1.61,6.26,TYPING
20303,-0.29,0.32,0.93,1.03,-1.19,-2.73,-0.21,2.99,TYPING
20362,-0.30,0.31,0.90,1.00,-5.46,-4.97,-3.36,8.11,TYPING
20421,-0.30,0.28,0.94,1.02,-3.08,-5.88,1.89,6.90,TYPING
20480,-0.27,0.29,0.91,0.99,1.26,2.73,0.98,3.16,TYPING
20538,-0.31,0.24,0.91,0.99,-5.39,-1.47,1.47,5.78,TYPING
20597,-0.27,0.33,0.92,1.01,2.17,-7.56,3.99,8.82,TYPING
20656,-0.24,0.33,0.93,1.02,1.61,-3.43,0.56,3.83,TYPING
20714,-0.25,0.31,0.95,1.03,-3.43,-2.45,-1.82,4.59,TYPING
20774,-0.28,0.26,0.93,1.01,1.54,-1.26,-0.35,2.02,TYPING
20832,-0.28,0.27,0.96,1.04,-1.19,-2.10,-0.70,2.51,TYPING
20891,-0.27,0.28,0.94,1.02,-2.03,-0.56,1.12,2.39,TYPING
20950,-0.27,0.25,0.97,1.04,2.73,-0.42,-0.42,2.79,TYPING
21008,-0.26,0.27,0.93,1.00,1.54,-3.15,0.07,3.51,TYPING
21066,-0.27,0.27,0.94,1.01,1.05,-7.28,2.66,7.82,TYPING
21124,-0.26,0.29,0.97,1.05,1.05,-1.96,0.14,2.23,TYPING
21183,-0.27,0.28,0.91,0.99,3.92,1.75,-0.84,4.37,TYPING
21242,-0.29,0.27,0.94,1.02,1.82,-2.38,-1.89,3.54,TYPING
21300,-0.27,0.28,0.99,1.07,2.17,0.49,-0.84,2.38,TYPING
21359,-0.26,0.28,0.92,1.00,1.89,-0.98,-3.85,4.40,TYPING
21418,-0.27,0.31,0.94,1.02,-4.76,-3.36,-3.08,6.59,TYPING
21477,-0.28,0.24,0.98,1.04,-1.68,-3.01,-1.68,3.83,TYPING
21535,-0.27,0.26,0.96,1.03,0.98,-2.38,0.07,2.57,TYPING
21593,-0.26,0.28,0.94,1.02,0.35,2.59,2.24,3.44,TYPING
21652,-0.28,0.28,0.94,1.02,-0.14,-1.75,0.35,1.79,TYPING
21710,-0.27,0.30,0.97,1.05,2.66,-0.70,0.14,2.75,TYPING
21769,-0.27,0.24,0.90,0.97,2.38,4.97,0.63,5.55,TYPING
21828,-0.27,0.31,0.94,1.02,-8.96,-3.08,-3.85,10.23,TYPING
21887,-0.28,0.22,0.98,1.04,0.14,-2.80,-0.56,2.86,TYPING
21947,-0.28,0.28,0.95,1.03,1.54,2.24,-0.42,2.75,TYPING
22005,-0.27,0.29,0.93,1.01,3.36,-0.91,-0.98,3.62,TYPING
22064,-0.28,0.26,0.94,1.02,-0.49,-2.17,-1.54,2.71,TYPING
22123,-0.27,0.29,0.93,1.02,3.36,-3.01,0.07,4.51,TYPING
22182,-0.27,0.28,0.94,1.02,0.35,-1.47,-0.49,1.59,TYPING
22241,-0.27,0.27,0.94,1.02,-1.05,-0.35,-1.26,1.68,TYPING
22300,-0.28,0.25,0.94,1.01,-2.94,3.22,-1.33,4.56,TYPING
22359,-0.29,0.31,0.91,1.00,10.01,1.96,-4.41,11.11,TYPING
22417,-0.28,0.30,0.89,0.99,9.87,0.07,1.33,9.96,TYPING
22476,-0.26,0.29,0.94,1.02,11.62,-5.39,1.33,12.88,TYPING
22534,-0.27,0.27,0.91,0.99,1.26,-6.79,-0.14,6.91,TYPING
22593,-0.29,0.29,1.03,1.11,2.24,-2.24,2.94,4.32,TYPING
22652,-0.28,0.32,0.90,1.00,4.48,-0.56,1.33,4.71,TYPING
22710,-0.28,0.30,0.95,1.03,1.26,0.07,-2.59,2.88,TYPING
22769,-0.28,0.28,0.90,0.99,1.12,4.48,-2.10,5.07,TYPING
22828,-0.28,0.28,0.86,0.95,2.94,-3.92,1.82,5.23,TYPING
22887,-0.29,0.27,0.93,1.02,1.96,-4.13,0.35,4.58,TYPING
22946,-0.31,0.24,1.03,1.10,-2.94,-3.29,0.70,4.47,TYPING
23004,-0.26,0.34,0.92,1.01,-0.42,-2.87,1.47,3.25,TYPING
23063,-0.28,0.29,0.94,1.02,-1.26,-1.68,-0.56,2.17,TYPING
23122,-0.28,0.27,0.95,1.02,-3.57,-2.45,1.05,4.46,TYPING
23181,-0.26,0.29,0.89,0.98,2.66,-0.84,-0.28,2.80,TYPING
23240,-0.29,0.30,0.94,1.03,-0.07,3.43,0.77,3.52,TYPING
23299,-0.28,0.38,0.97,1.08,5.81,-2.66,2.73,6.95,TYPING
23358,-0.26,0.30,0.93,1.01,2.87,-2.17,1.61,3.94,TYPING
23416,-0.26,0.29,0.90,0.99,12.04,-1.75,6.86,13.97,TYPING
23475,-0.29,0.29,0.95,1.03,-1.96,-6.51,-0.70,6.83,TYPING
23534,-0.26,0.34,0.97,1.06,-6.30,-3.15,-4.62,8.42,TYPING
23592,-0.25,0.36,0.93,1.03,-6.44,3.29,-9.52,11.96,TYPING
23652,-0.29,0.22,0.96,1.03,-4.20,5.04,-5.67,8.67,TYPING
23710,-0.29,0.27,0.87,0.95,2.03,1.47,-2.80,3.76,TYPING
23770,-0.26,0.20,0.78,0.84,17.08,-4.41,0.49,17.65,TYPING
23828,-0.28,0.31,0.98,1.06,-8.26,-11.83,-0.14,14.43,TYPING
23887,-0.29,0.28,0.93,1.01,4.97,-3.99,3.99,7.52,TYPING
23947,-0.30,0.30,0.97,1.06,-1.12,-1.96,0.56,2.33,TYPING
24005,-0.27,0.31,0.93,1.02,0.91,-2.94,-0.56,3.13,TYPING
24064,-0.27,0.29,0.94,1.02,-0.07,-3.71,-1.96,4.20,TYPING
24123,-0.28,0.28,0.96,1.04,0.70,-4.69,1.19,4.89,TYPING
24182,-0.27,0.29,0.93,1.01,1.75,-1.89,0.91,2.73,TYPING
24241,-0.28,0.29,0.94,1.02,-1.19,-1.33,-1.12,2.11,TYPING
24299,-0.29,0.30,0.91,1.00,1.05,-0.14,0.00,1.06,TYPING
24358,-0.26,0.32,0.95,1.04,-4.90,-1.89,-1.40,5.44,TYPING
24416,-0.25,0.27,0.92,0.99,4.41,-1.47,-0.98,4.75,TYPING
24475,-0.28,0.29,0.96,1.04,-0.49,-2.38,-1.68,2.95,TYPING
24534,-0.28,0.29,0.91,1.00,4.20,-0.56,1.96,4.67,TYPING
24592,-0.25,0.29,0.97,1.04,5.04,-1.75,-2.17,5.76,TYPING
24651,-0.30,0.29,0.93,1.02,6.37,-0.28,-2.45,6.83,TYPING
24709,-0.31,0.32,0.93,1.03,3.43,-1.40,-1.89,4.16,TYPING
24768,-0.26,0.30,0.95,1.03,4.34,-1.68,-0.98,4.76,TYPING
24826,-0.27,0.30,0.92,1.01,5.11,-0.56,-0.91,5.22,TYPING
24885,-0.28,0.31,0.95,1.04,2.59,-1.82,0.28,3.18,TYPING
24945,-0.29,0.31,0.89,0.99,1.54,-3.92,1.75,4.56,TYPING
25003,-0.31,0.33,0.90,1.00,-0.35,-4.48,1.12,4.63,TYPING
25062,-0.27,0.31,0.94,1.03,-0.42,-3.43,1.75,3.87,TYPING
25120,-0.21,0.29,0.99,1.05,0.42,-0.42,3.08,3.14,TYPING
25179,-0.25,0.29,0.96,1.04,3.92,-1.19,6.02,7.28,TYPING
25238,-0.27,0.29,0.94,1.01,8.96,0.21,3.08,9.48,TYPING
25296,-0.30,0.34,0.91,1.02,8.33,-1.54,1.12,8.54,TYPING
25355,-0.28,0.34,0.91,1.02,16.73,-0.84,2.94,17.01,TYPING
25414,-0.26,0.36,0.90,1.00,7.63,-4.62,2.03,9.15,TYPING
25473,-0.26,0.37,0.94,1.04,6.72,-3.15,-0.49,7.44,TYPING
25532,-0.27,0.38,0.90,1.01,7.00,-2.17,-3.50,8.12,TYPING
25590,-0.27,0.36,0.90,1.01,6.23,-3.36,2.17,7.40,TYPING
25649,-0.27,0.41,0.88,1.01,0.49,-3.22,3.71,4.94,TYPING
25707,-0.26,0.38,0.92,1.03,-0.35,-2.31,0.63,2.42,TYPING
25766,-0.26,0.37,0.92,1.02,-0.42,-2.87,-0.35,2.92,TYPING
25825,-0.27,0.36,0.92,1.02,2.94,-0.07,2.10,3.61,TYPING
25883,-0.27,0.39,0.90,1.02,1.75,-1.96,-0.49,2.67,TYPING
25942,-0.28,0.39,0.90,1.02,0.35,-2.94,-0.77,3.06,TYPING
26000,-0.27,0.38,0.91,1.02,0.28,-1.68,-0.84,1.90,TYPING
26059,-0.26,0.39,0.92,1.03,2.66,-0.91,-2.80,3.97,TYPING
26117,-0.25,0.38,0.92,1.03,2.59,-1.75,-0.14,3.13,TYPING
26176,-0.25,0.38,0.92,1.02,3.36,-0.91,0.84,3.58,TYPING
26235,-0.27,0.39,0.90,1.02,1.26,-0.91,1.75,2.34,TYPING
26293,-0.26,0.39,0.91,1.02,1.89,-0.28,1.33,2.33,TYPING
26352,-0.26,0.38,0.91,1.02,-0.07,-1.54,-0.21,1.56,TYPING
26410,-0.27,0.37,0.90,1.01,-0.77,-3.36,-0.42,3.47,TYPING
26469,-0.26,0.40,0.90,1.02,1.33,-1.96,-0.14,2.37,TYPING
26528,-0.26,0.39,0.91,1.02,1.26,-1.68,-1.12,2.38,TYPING
26586,-0.27,0.39,0.90,1.02,0.42,-1.68,-1.12,2.06,TYPING
26645,-0.27,0.39,0.90,1.02,-0.56,-1.61,-0.42,1.76,TYPING
26703,-0.27,0.39,0.90,1.02,0.91,-1.75,-0.21,1.98,TYPING
26762,-0.27,0.39,0.90,1.02,-0.07,-2.73,-0.21,2.74,TYPING
26821,-0.26,0.39,0.91,1.02,-0.77,-1.75,-0.07,1.91,TYPING
26879,-0.27,0.39,0.91,1.02,-0.42,-3.01,17.50,17.76,TYPING
26938,-0.26,0.38,0.90,1.02,0.77,-2.10,-0.35,2.26,TYPING
26996,-0.27,0.39,0.90,1.02,-0.07,-2.87,-0.35,2.89,TYPING
27055,-0.26,0.38,0.91,1.02,0.35,-2.24,-0.56,2.34,TYPING
27114,-0.26,0.39,0.91,1.02,1.26,-2.52,-0.84,2.94,TYPING
27172,-0.26,0.39,0.90,1.02,0.91,-2.17,-0.49,2.40,TYPING
27231,-0.26,0.39,0.91,1.02,0.49,-2.87,-0.35,2.93,TYPING
27289,-0.26,0.40,0.92,1.03,1.05,-2.45,-0.84,2.79,TYPING
27348,-0.27,0.39,0.91,1.02,1.33,-2.38,-0.56,2.78,TYPING
27407,-0.26,0.39,0.91,1.02,0.98,-1.54,-0.35,1.86,TYPING
27465,-0.26,0.39,0.91,1.02,1.12,-2.94,-1.05,3.32,TYPING
27524,-0.27,0.39,0.91,1.02,0.56,-1.82,-0.70,2.03,TYPING
27583,-0.26,0.39,0.91,1.03,1.05,-1.61,-0.14,1.93,TYPING
27642,-0.26,0.39,0.91,1.02,0.35,-2.38,-0.49,2.45,TYPING
27700,-0.26,0.40,0.90,1.02,0.07,-2.45,-0.21,2.46,TYPING
27759,-0.26,0.39,0.91,1.02,0.00,-2.31,-0.21,2.32,TYPING
27818,-0.26,0.39,0.91,1.02,0.84,-1.68,-0.21,1.89,TYPING
27876,-0.26,0.39,0.91,1.02,0.35,-1.33,-0.35,1.42,TYPING
27935,-0.27,0.39,0.90,1.02,-0.21,-2.38,0.07,2.39,TYPING
27993,-0.27,0.39,0.90,1.02,0.21,-0.98,-2.10,2.33,TYPING
28053,-0.26,0.39,0.91,1.03,1.54,-2.03,-1.05,2.76,TYPING
28112,-0.26,0.38,0.91,1.02,-0.21,-2.73,-0.07,2.74,TYPING
28170,-0.26,0.39,0.90,1.02,-0.56,-1.82,0.07,1.91,TYPING
28229,-0.27,0.39,0.91,1.03,0.07,-1.75,-0.49,1.82,TYPING
28287,-0.26,0.39,0.91,1.02,0.35,-1.96,0.00,1.99,TYPING
28346,-0.26,0.39,0.91,1.02,-17.85,-2.59,0.00,18.04,TYPING
28405,-0.26,0.39,0.91,1.02,0.07,-1.96,-0.42,2.01,TYPING
28463,-0.26,0.39,0.91,1.02,0.70,-1.75,-0.14,1.89,TYPING
28522,-0.26,0.39,0.91,1.03,0.91,-2.03,-0.35,2.25,TYPING
28580,-0.26,0.38,0.91,1.02,0.21,-1.96,-0.98,2.20,TYPING
28639,-0.27,0.40,0.88,1.00,1.61,-2.03,-17.57,17.76,TYPING
28698,-0.27,0.39,0.90,1.02,0.98,-2.52,-0.28,2.72,TYPING
28756,-0.26,0.39,0.91,1.02,-0.35,-1.33,-0.98,1.69,TYPING
28815,-0.26,0.39,0.91,1.02,-0.14,-2.52,-0.14,2.53,TYPING
28873,-0.27,0.40,0.90,1.02,-0.28,-2.45,-0.35,2.49,TYPING
28932,-0.26,0.39,0.91,1.02,0.98,-1.26,-0.91,1.84,TYPING
28991,-0.26,0.39,0.91,1.02,0.42,-1.61,-0.28,1.69,TYPING
29049,-0.26,0.39,0.91,1.02,0.14,-2.31,-0.56,2.38,TYPING
29108,-0.27,0.39,0.91,1.02,0.42,-1.40,-0.42,1.52,TYPING
29166,-0.26,0.39,0.90,1.02,0.77,-1.54,-0.70,1.86,TYPING
29225,-0.26,0.39,0.91,1.02,-0.07,-2.45,0.07,2.45,TYPING
29284,-0.27,0.39,0.90,1.02,0.07,-1.68,-0.35,1.72,TYPING
29343,-0.27,0.39,0.90,1.02,0.28,-2.73,-0.42,2.78,TYPING
29402,-0.26,0.39,0.91,1.02,0.84,-2.24,0.21,2.40,TYPING
29460,-0.26,0.39,0.90,1.02,0.07,-2.10,-0.63,2.19,TYPING
29519,-0.27,0.39,0.91,1.02,-0.14,-2.66,17.36,17.56,TYPING
29577,-0.27,0.39,0.91,1.02,0.84,-2.52,-0.63,2.73,TYPING
29636,-0.26,0.39,0.90,1.01,0.70,-1.54,-0.42,1.74,TYPING
29695,-0.26,0.39,0.91,1.02,-1.05,-3.01,-1.68,3.60,TYPING
29754,-0.27,0.39,0.90,1.02,0.14,-2.03,-0.56,2.11,TYPING
29813,-0.27,0.39,0.91,1.02,0.91,-2.38,-0.35,2.57,TYPING
29871,-0.26,0.39,0.90,1.01,1.54,-2.10,-0.35,2.63,TYPING
29930,-0.27,0.38,0.91,1.02,-0.42,-2.03,0.28,2.09,TYPING
29989,-0.28,0.41,0.90,1.03,0.91,-2.66,0.28,2.83,TYPING
30047,-0.27,0.38,0.91,1.02,1.12,-2.10,-0.63,2.46,TYPING
30106,-0.26,0.38,0.91,1.02,-0.14,-1.12,-0.56,1.26,TYPING
30165,-0.26,0.39,0.91,1.02,-3.29,1.19,1.40,3.77,TYPING
30224,-0.27,0.40,0.90,1.02,0.98,-1.12,-0.42,1.55,TYPING
30283,-0.26,0.39,0.91,1.03,1.54,-0.70,-1.54,2.29,TYPING
30341,-0.25,0.38,0.91,1.02,0.42,-2.59,-0.63,2.70,TYPING
30400,-0.24,0.38,0.93,1.03,-1.05,-0.84,0.42,1.41,TYPING
30458,-0.27,0.39,0.88,1.00,3.50,-3.01,1.33,4.80,TYPING
30517,-0.27,0.39,0.92,1.04,-3.50,0.07,-1.82,3.95,TYPING
30575,-0.25,0.40,0.94,1.05,-6.93,4.13,-1.75,8.25,TYPING
30634,-0.23,0.43,1.04,1.15,-25.55,19.46,-14.35,35.18,TYPING
30694,-0.31,0.42,0.88,1.02,-19.11,37.45,-23.03,47.94,TYPING
30752,-0.42,0.16,0.84,0.95,-20.09,31.85,-11.34,39.33,TYPING
30812,-0.39,0.25,0.69,0.84,-2.31,8.61,3.78,9.68,TYPING
30870,-0.37,0.40,0.92,1.07,-1.68,-10.64,3.92,11.46,TYPING
30929,-0.37,0.33,0.91,1.03,1.75,-1.47,-2.87,3.67,TYPING
30988,-0.38,0.28,0.92,1.04,-0.70,7.07,-4.76,8.55,TYPING
31046,-0.37,0.29,0.82,0.95,2.80,-3.64,-2.17,5.08,TYPING
31105,-0.40,0.27,0.96,1.07,-7.42,-5.46,-3.29,9.78,TYPING
31163,-0.40,0.26,0.94,1.05,1.96,7.28,0.14,7.54,TYPING
31222,-0.38,0.23,0.88,0.99,-1.61,4.55,2.52,5.44,TYPING
31281,-0.40,0.30,0.90,1.03,-2.03,1.82,4.06,4.89,TYPING
31339,-0.41,0.29,0.88,1.01,-0.77,2.17,4.69,5.22,TYPING
31398,-0.41,0.28,0.89,1.02,0.77,2.52,6.72,7.22,TYPING
31457,-0.40,0.32,0.88,1.02,1.89,0.35,4.97,5.33,TYPING
31516,-0.40,0.32,0.88,1.01,1.82,-2.87,0.00,3.40,TYPING
31575,-0.39,0.27,0.90,1.02,1.26,-5.46,0.14,5.61,TYPING
31633,-0.40,0.30,0.89,1.02,1.89,-3.92,1.82,4.72,TYPING
31692,-0.39,0.28,0.87,0.99,5.88,-8.54,1.89,10.54,TYPING
31750,-0.38,0.34,0.93,1.06,5.04,-10.64,0.84,11.80,TYPING
31809,-0.38,0.31,0.91,1.03,4.27,-2.17,0.84,4.86,TYPING
31867,-0.39,0.31,0.91,1.04,-0.56,-5.39,0.91,5.49,TYPING
31925,-0.38,0.34,0.86,1.00,0.07,-0.28,-1.47,1.50,TYPING
31984,-0.39,0.29,0.88,1.01,-1.61,0.14,0.98,1.89,TYPING
32042,-0.38,0.33,0.92,1.05,-0.28,0.00,0.14,0.31,TYPING
32101,-0.39,0.30,0.87,1.00,2.03,-1.12,-0.07,2.32,TYPING
32159,-0.38,0.34,0.87,1.01,2.17,-2.59,-2.03,3.94,TYPING
32218,-0.39,0.30,0.89,1.01,3.36,-5.60,0.49,6.55,TYPING
32277,-0.39,0.30,0.89,1.02,-0.42,-0.42,-1.68,1.78,TYPING
32334,-0.39,0.31,0.87,1.01,0.91,1.40,-0.77,1.84,TYPING
32393,-0.37,0.37,0.92,1.06,-1.19,-4.48,-1.82,4.98,TYPING
32451,-0.38,0.31,0.88,1.01,1.54,-2.59,2.45,3.88,TYPING
32510,-0.38,0.32,0.88,1.01,1.05,-1.05,0.14,1.49,TYPING
32569,-0.38,0.31,0.87,1.00,3.15,-0.77,-0.35,3.26,TYPING
32627,-0.39,0.32,0.92,1.05,-3.29,-8.75,-1.89,9.54,TYPING
32686,-0.38,0.36,0.95,1.08,-3.15,0.07,-2.45,3.99,TYPING
32744,-0.37,0.28,0.89,1.00,2.24,3.08,-1.89,4.25,TYPING
32803,-0.37,0.33,0.86,0.99,7.56,-11.90,-0.63,14.11,TYPING
32862,-0.38,0.33,0.94,1.06,-0.91,-5.74,-1.68,6.05,TYPING
32920,-0.38,0.32,0.89,1.02,1.82,0.84,-2.17,2.95,TYPING
32979,-0.39,0.30,0.85,0.98,5.67,-5.04,0.14,7.59,TYPING
33037,-0.36,0.34,0.94,1.06,-0.07,-7.91,-1.47,8.05,TYPING
33096,-0.37,0.30,0.91,1.02,2.73,-3.92,1.33,4.96,TYPING
33155,-0.36,0.31,0.90,1.02,3.08,-2.94,2.66,5.02,TYPING
33213,-0.37,0.33,0.89,1.02,2.17,-4.06,0.77,4.67,TYPING
33272,-0.36,0.32,0.89,1.02,4.13,-3.43,1.96,5.72,TYPING
Recording stopped
