Recording started
time,accelX,accelY,accelZ,accelMagnitude,gyroX,gyroY,gyroZ,gyroMagnitude,activity
9,0.93,0.47,0.15,1.05,-13.09,-12.11,-2.94,18.07,WALKING_IN_PLACE
68,0.93,0.49,0.17,1.07,-16.24,-12.88,-8.82,22.53,WALKING_IN_PLACE
127,0.89,0.49,0.16,1.03,-21.77,-11.13,-14.77,28.57,WALKING_IN_PLACE
187,0.84,0.56,0.15,1.02,-24.22,-13.02,-22.54,35.56,WALKING_IN_PLACE
247,0.79,0.62,0.14,1.01,-34.51,-20.86,-33.39,52.35,WALKING_IN_PLACE
306,0.83,0.65,0.18,1.07,-38.92,-20.79,-44.17,62.43,WALKING_IN_PLACE
366,0.83,0.70,0.15,1.10,-38.36,-9.38,-57.33,69.61,WALKING_IN_PLACE
425,0.80,0.58,0.14,1.00,-40.04,-0.07,-59.01,71.31,WALKING_IN_PLACE
485,0.79,0.64,0.12,1.03,-10.85,4.34,-46.20,47.65,WALKING_IN_PLACE
544,0.78,0.59,0.09,0.99,-30.87,5.88,-47.88,57.27,WALKING_IN_PLACE
604,0.80,0.56,0.08,0.98,-10.08,1.40,-25.62,27.57,WALKING_IN_PLACE
664,0.80,0.59,0.13,1.00,-22.05,-5.25,-29.26,37.01,WALKING_IN_PLACE
723,0.79,0.47,0.21,0.94,-23.17,2.66,-19.32,30.29,WALKING_IN_PLACE
783,0.82,0.47,0.23,0.98,-9.94,8.54,7.84,15.27,WALKING_IN_PLACE
842,0.82,0.46,0.23,0.97,-6.79,11.97,35.98,38.52,WALKING_IN_PLACE
902,0.90,0.49,0.30,1.07,-19.25,10.50,68.88,72.29,WALKING_IN_PLACE
961,0.87,0.48,0.31,1.04,-24.22,8.26,77.84,81.94,WALKING_IN_PLACE
1021,0.80,0.51,0.29,0.99,-24.64,5.04,72.73,76.96,WALKING_IN_PLACE
1081,0.82,0.49,0.33,1.01,-14.28,1.68,70.91,72.35,WALKING_IN_PLACE
1140,0.81,0.52,0.36,1.03,-4.06,-3.92,56.70,56.98,WALKING_IN_PLACE
1200,0.78,0.50,0.40,1.01,2.03,-3.78,40.60,40.83,WALKING_IN_PLACE
1259,0.66,0.54,0.43,0.96,9.45,-4.62,25.34,27.44,WALKING_IN_PLACE
1319,0.64,0.55,0.44,0.95,3.78,-3.85,7.70,9.40,WALKING_IN_PLACE
1378,0.69,0.62,0.43,1.03,2.87,-7.56,-20.86,22.37,WALKING_IN_PLACE
1439,0.81,0.67,0.39,1.13,-12.04,-22.75,-49.77,56.03,WALKING_IN_PLACE
1499,0.94,0.59,0.43,1.19,-26.11,-17.50,-70.70,77.37,WALKING_IN_PLACE
1558,0.80,0.58,0.32,1.04,-10.78,-5.11,-89.95,90.74,WALKING_IN_PLACE
1618,0.81,0.56,0.34,1.04,-6.16,-1.68,-100.52,100.72,WALKING_IN_PLACE
1677,0.88,0.72,0.33,1.18,5.46,0.91,-89.81,89.98,WALKING_IN_PLACE
1737,0.88,0.69,0.31,1.16,-15.61,7.07,-84.84,86.55,WALKING_IN_PLACE
1796,0.85,0.64,0.31,1.11,-5.74,10.22,-69.79,70.77,WALKING_IN_PLACE
1856,0.72,0.57,0.27,0.96,-4.20,7.84,-59.43,60.09,WALKING_IN_PLACE
1916,0.61,0.48,0.25,0.82,-17.64,7.21,-46.83,50.56,WALKING_IN_PLACE
1975,0.60,0.44,0.23,0.78,-8.12,13.93,-12.32,20.29,WALKING_IN_PLACE
2035,0.64,0.50,0.22,0.84,-5.95,12.04,32.06,34.76,WALKING_IN_PLACE
2094,0.71,0.51,0.30,0.93,0.28,2.66,71.47,71.52,WALKING_IN_PLACE
2154,0.64,0.58,0.32,0.92,9.66,-10.57,78.89,80.18,WALKING_IN_PLACE
2213,0.73,0.61,0.39,1.03,-18.06,-20.86,66.01,71.54,WALKING_IN_PLACE
2273,0.88,0.54,0.50,1.15,-1.40,-7.42,77.07,77.44,WALKING_IN_PLACE
2333,0.89,0.60,0.48,1.17,35.21,10.57,92.19,99.25,WALKING_IN_PLACE
2392,0.81,0.61,0.42,1.10,35.56,7.98,85.05,92.53,WALKING_IN_PLACE
2452,0.83,0.62,0.44,1.12,2.38,-5.32,65.17,65.43,WALKING_IN_PLACE
2511,0.84,0.54,0.47,1.11,6.09,-5.39,50.05,50.71,WALKING_IN_PLACE
2571,0.77,0.55,0.45,1.04,16.03,-1.12,36.82,40.17,WALKING_IN_PLACE
2630,0.66,0.56,0.42,0.96,9.10,-9.24,22.05,25.58,WALKING_IN_PLACE
2690,0.68,0.64,0.46,1.05,1.05,-6.58,4.90,8.27,WALKING_IN_PLACE
2750,0.75,0.63,0.45,1.08,-12.11,-7.07,-17.99,22.81,WALKING_IN_PLACE
2809,0.78,0.68,0.46,1.13,-9.17,-1.47,-49.00,49.87,WALKING_IN_PLACE
2869,0.81,0.52,0.29,1.01,2.10,-0.56,-67.76,67.79,WALKING_IN_PLACE
2928,0.79,0.58,0.31,1.03,-3.36,-13.65,-78.12,79.37,WALKING_IN_PLACE
2989,0.84,0.51,0.21,1.01,-36.68,-25.55,-73.15,85.73,WALKING_IN_PLACE
3048,0.89,0.55,0.37,1.11,-30.80,-28.70,-66.57,78.76,WALKING_IN_PLACE
3108,0.92,0.60,0.30,1.14,-28.77,-19.95,-62.23,71.40,WALKING_IN_PLACE
3167,0.90,0.59,0.34,1.13,-9.03,-7.98,-54.95,56.26,WALKING_IN_PLACE
3227,0.79,0.68,0.33,1.09,11.69,-3.85,-60.97,62.20,WALKING_IN_PLACE
3287,0.69,0.61,0.32,0.97,-3.57,-1.12,-63.14,63.25,WALKING_IN_PLACE
3346,0.63,0.58,0.32,0.91,3.01,4.69,-44.03,44.38,WALKING_IN_PLACE
3406,0.63,0.52,0.33,0.88,-3.64,10.01,-16.52,19.66,WALKING_IN_PLACE
3465,0.68,0.49,0.32,0.90,1.19,14.00,18.55,23.27,WALKING_IN_PLACE
3525,0.71,0.50,0.28,0.91,1.19,11.06,48.86,50.11,WALKING_IN_PLACE
3584,0.71,0.54,0.30,0.95,-2.45,2.52,62.93,63.03,WALKING_IN_PLACE
3644,0.74,0.55,0.34,0.99,-8.19,0.14,71.61,72.08,WALKING_IN_PLACE
3704,0.81,0.58,0.39,1.08,-5.74,4.34,82.60,82.91,WALKING_IN_PLACE
3764,0.84,0.57,0.41,1.09,10.36,6.37,84.56,85.43,WALKING_IN_PLACE
3824,0.85,0.57,0.40,1.10,18.76,4.20,82.46,84.67,WALKING_IN_PLACE
3883,0.78,0.63,0.44,1.10,14.84,-0.21,63.98,65.68,WALKING_IN_PLACE
3943,0.80,0.55,0.47,1.07,8.12,-1.68,52.29,52.94,WALKING_IN_PLACE
4002,0.76,0.55,0.47,1.05,16.52,-2.45,39.48,42.87,WALKING_IN_PLACE
4062,0.72,0.55,0.44,1.01,9.17,-6.58,18.62,21.77,WALKING_IN_PLACE
4122,0.67,0.54,0.42,0.96,3.08,-12.74,-4.41,13.83,WALKING_IN_PLACE
4181,0.78,0.58,0.45,1.07,-19.74,-22.47,-19.18,35.53,WALKING_IN_PLACE
4241,0.87,0.55,0.48,1.13,-21.00,-8.26,-34.16,40.94,WALKING_IN_PLACE
4300,0.75,0.49,0.27,0.93,-2.10,-0.84,-52.78,52.83,WALKING_IN_PLACE
4360,0.83,0.61,0.37,1.10,-5.81,-4.27,-65.52,65.92,WALKING_IN_PLACE
4419,0.90,0.60,0.33,1.13,-19.39,-10.92,-67.41,70.99,WALKING_IN_PLACE
4479,0.91,0.60,0.38,1.15,-19.18,-8.33,-91.35,93.71,WALKING_IN_PLACE
4540,0.85,0.60,0.37,1.10,7.00,2.17,-87.43,87.74,WALKING_IN_PLACE
4599,0.77,0.62,0.30,1.03,8.40,-0.35,-84.07,84.49,WALKING_IN_PLACE
4659,0.72,0.65,0.30,1.01,-12.53,-8.33,-69.86,71.46,WALKING_IN_PLACE
4718,0.71,0.59,0.33,0.98,-10.92,-1.19,-50.47,51.65,WALKING_IN_PLACE
4778,0.61,0.61,0.31,0.92,15.19,3.22,-36.05,39.25,WALKING_IN_PLACE
4837,0.57,0.61,0.29,0.88,1.26,-0.63,-20.44,20.49,WALKING_IN_PLACE
4897,0.57,0.56,0.33,0.86,-7.56,-1.54,5.32,9.37,WALKING_IN_PLACE
4957,0.69,0.58,0.34,0.96,-7.77,0.00,38.85,39.62,WALKING_IN_PLACE
5016,0.68,0.59,0.31,0.95,0.63,-5.32,59.57,59.81,WALKING_IN_PLACE
5076,0.67,0.56,0.33,0.93,-12.67,-14.21,70.63,73.15,WALKING_IN_PLACE
5135,0.69,0.53,0.38,0.95,-12.95,-9.94,82.04,83.65,WALKING_IN_PLACE
5195,0.86,0.55,0.42,1.10,-8.33,4.27,104.93,105.35,WALKING_IN_PLACE
5254,0.91,0.57,0.43,1.16,11.27,8.47,100.94,101.92,WALKING_IN_PLACE
5314,0.92,0.59,0.41,1.16,23.31,9.17,65.73,70.34,WALKING_IN_PLACE
5374,0.88,0.55,0.43,1.12,22.61,4.97,39.62,45.89,WALKING_IN_PLACE
5433,0.80,0.51,0.46,1.06,13.58,-0.14,31.01,33.85,WALKING_IN_PLACE
5493,0.73,0.51,0.44,0.99,3.36,-3.01,17.36,17.94,WALKING_IN_PLACE
5552,0.72,0.47,0.43,0.96,6.16,-2.73,3.64,7.66,WALKING_IN_PLACE
5612,0.70,0.47,0.42,0.95,9.10,-2.80,-7.49,12.11,WALKING_IN_PLACE
5671,0.74,0.49,0.43,0.99,-3.15,-12.46,-10.92,16.86,WALKING_IN_PLACE
5731,0.82,0.52,0.50,1.10,-21.91,-13.16,-13.86,29.07,WALKING_IN_PLACE
5791,0.71,0.51,0.37,0.94,-10.43,-2.52,-30.10,31.96,WALKING_IN_PLACE
5850,0.79,0.48,0.33,0.98,4.97,1.33,-39.06,39.40,WALKING_IN_PLACE
5910,0.79,0.58,0.33,1.03,1.33,-5.46,-46.48,46.82,WALKING_IN_PLACE
5969,0.79,0.57,0.30,1.02,-17.85,-18.27,-56.21,61.74,WALKING_IN_PLACE
6029,0.79,0.58,0.34,1.04,-6.86,-14.63,-63.70,65.72,WALKING_IN_PLACE
6089,0.81,0.63,0.35,1.08,-10.01,-10.36,-59.08,60.81,WALKING_IN_PLACE
6149,0.83,0.70,0.34,1.14,-5.74,-7.63,-65.38,66.07,WALKING_IN_PLACE
6209,0.82,0.73,0.35,1.15,-3.64,-3.22,-71.19,71.36,WALKING_IN_PLACE
6268,0.73,0.72,0.35,1.08,7.42,-0.91,-78.26,78.62,WALKING_IN_PLACE
6328,0.59,0.69,0.29,0.96,6.86,-1.54,-76.79,77.11,WALKING_IN_PLACE
6387,0.55,0.63,0.33,0.90,0.91,2.59,-63.14,63.20,WALKING_IN_PLACE
6447,0.53,0.55,0.33,0.83,4.20,11.83,-31.99,34.36,WALKING_IN_PLACE
6506,0.61,0.53,0.31,0.86,2.59,7.35,24.78,25.98,WALKING_IN_PLACE
6566,0.59,0.57,0.27,0.87,-8.96,-12.53,55.44,57.54,WALKING_IN_PLACE
6625,0.58,0.51,0.31,0.83,-28.63,-25.27,60.34,71.41,WALKING_IN_PLACE
6685,0.73,0.52,0.32,0.95,-28.35,-17.15,86.03,92.19,WALKING_IN_PLACE
6745,0.89,0.55,0.33,1.10,-15.68,-11.76,109.83,111.57,WALKING_IN_PLACE
6804,0.90,0.58,0.37,1.14,-4.41,-14.28,110.39,111.40,WALKING_IN_PLACE
6865,0.94,0.54,0.45,1.17,1.12,-5.95,99.47,99.65,WALKING_IN_PLACE
6924,0.91,0.53,0.39,1.12,29.96,6.72,78.40,84.20,WALKING_IN_PLACE
6984,0.90,0.60,0.43,1.16,45.50,11.20,62.23,77.90,WALKING_IN_PLACE
7043,0.79,0.54,0.47,1.07,34.86,5.67,39.83,53.23,WALKING_IN_PLACE
7103,0.72,0.50,0.45,0.98,20.44,6.23,19.39,28.85,WALKING_IN_PLACE
7163,0.70,0.50,0.45,0.97,25.48,5.67,8.19,27.36,WALKING_IN_PLACE
7222,0.72,0.52,0.42,0.98,11.20,-2.17,-6.51,13.14,WALKING_IN_PLACE
7282,0.83,0.57,0.51,1.13,-7.07,-10.22,-17.15,21.18,WALKING_IN_PLACE
7341,0.78,0.52,0.36,1.00,-5.18,-3.57,-35.70,36.25,WALKING_IN_PLACE
7401,0.73,0.56,0.29,0.97,4.69,-6.30,-50.05,50.66,WALKING_IN_PLACE
7460,0.80,0.65,0.34,1.08,-6.02,-14.07,-62.09,63.95,WALKING_IN_PLACE
7520,0.86,0.72,0.28,1.16,-19.39,-20.30,-71.12,76.46,WALKING_IN_PLACE
7580,0.91,0.64,0.33,1.16,-45.22,-24.71,-92.96,106.29,WALKING_IN_PLACE
7640,0.95,0.63,0.36,1.20,-17.50,-22.33,-96.32,100.41,WALKING_IN_PLACE
7700,0.89,0.64,0.34,1.15,-16.24,-11.90,-91.14,93.34,WALKING_IN_PLACE
7759,0.75,0.62,0.31,1.02,-10.43,-6.58,-90.30,91.14,WALKING_IN_PLACE
7819,0.62,0.58,0.31,0.91,-7.91,-3.99,-85.82,86.28,WALKING_IN_PLACE
7878,0.51,0.55,0.29,0.80,-2.52,-0.07,-55.79,55.85,WALKING_IN_PLACE
7938,0.51,0.51,0.28,0.77,-7.77,2.17,-14.70,16.77,WALKING_IN_PLACE
7998,0.64,0.51,0.29,0.87,-8.68,4.55,35.98,37.29,WALKING_IN_PLACE
8057,0.73,0.58,0.30,0.98,-7.35,1.26,70.56,70.95,WALKING_IN_PLACE
8117,0.65,0.59,0.34,0.94,0.49,-10.22,72.59,73.31,WALKING_IN_PLACE
8176,0.70,0.56,0.34,0.96,-19.53,-10.71,72.87,76.20,WALKING_IN_PLACE
8236,0.87,0.54,0.34,1.08,2.24,1.47,107.80,107.83,WALKING_IN_PLACE
8295,0.86,0.60,0.33,1.10,22.68,3.64,114.80,117.08,WALKING_IN_PLACE
8355,0.89,0.60,0.33,1.12,11.13,-1.96,92.82,93.51,WALKING_IN_PLACE
8416,0.90,0.57,0.42,1.15,33.67,7.21,71.19,79.08,WALKING_IN_PLACE
8475,0.87,0.59,0.43,1.14,41.02,7.14,56.49,70.18,WALKING_IN_PLACE
8535,0.73,0.58,0.44,1.03,21.00,0.00,32.97,39.09,WALKING_IN_PLACE
8594,0.65,0.56,0.48,0.98,18.06,0.77,9.87,20.60,WALKING_IN_PLACE
8654,0.68,0.56,0.49,1.01,12.04,-1.33,-0.84,12.14,WALKING_IN_PLACE
8713,0.80,0.55,0.47,1.08,-17.29,-5.95,-7.14,19.63,WALKING_IN_PLACE
8773,0.82,0.56,0.47,1.10,-8.47,4.27,-33.18,34.51,WALKING_IN_PLACE
8833,0.76,0.52,0.31,0.97,-18.41,-1.33,-61.95,64.64,WALKING_IN_PLACE
8892,0.88,0.64,0.40,1.16,-0.21,-2.24,-79.80,79.83,WALKING_IN_PLACE
8952,0.88,0.67,0.32,1.15,-12.39,-12.18,-96.39,97.94,WALKING_IN_PLACE
9011,0.83,0.68,0.31,1.11,-16.17,-15.96,-108.78,111.13,WALKING_IN_PLACE
9071,0.87,0.68,0.26,1.13,-35.28,-17.15,-103.11,110.32,WALKING_IN_PLACE
9130,0.77,0.57,0.31,1.00,-36.33,-16.94,-85.26,94.21,WALKING_IN_PLACE
9191,0.64,0.58,0.29,0.92,-16.10,-25.62,-62.16,69.13,WALKING_IN_PLACE
9250,0.58,0.48,0.35,0.83,-12.67,-20.16,-41.51,47.85,WALKING_IN_PLACE
9310,0.54,0.48,0.36,0.81,3.29,-8.47,-12.39,15.36,WALKING_IN_PLACE
9370,0.63,0.50,0.35,0.88,0.91,2.45,25.27,25.40,WALKING_IN_PLACE
9429,0.77,0.54,0.33,0.99,11.41,4.34,63.42,64.58,WALKING_IN_PLACE
9489,0.77,0.60,0.33,1.03,-5.04,-11.34,84.14,85.05,WALKING_IN_PLACE
9548,0.74,0.53,0.38,0.98,-37.59,-23.24,77.77,89.45,WALKING_IN_PLACE
9608,0.84,0.46,0.44,1.05,-27.37,-12.18,83.37,88.59,WALKING_IN_PLACE
9667,0.97,0.49,0.42,1.16,17.08,6.86,106.33,107.91,WALKING_IN_PLACE
9727,0.94,0.55,0.40,1.16,41.51,14.21,97.86,107.25,WALKING_IN_PLACE
9787,0.89,0.59,0.38,1.13,47.81,11.13,63.56,80.31,WALKING_IN_PLACE
9846,0.86,0.49,0.42,1.07,36.68,10.71,37.59,53.60,WALKING_IN_PLACE
9906,0.79,0.50,0.43,1.03,36.82,12.88,28.00,48.02,WALKING_IN_PLACE
9965,0.70,0.45,0.45,0.95,23.45,4.90,12.32,26.94,WALKING_IN_PLACE
10025,0.68,0.45,0.48,0.95,19.88,4.90,4.55,20.97,WALKING_IN_PLACE
10084,0.67,0.46,0.48,0.94,18.20,4.69,-3.57,19.13,WALKING_IN_PLACE
10144,0.71,0.51,0.45,0.98,9.17,-3.50,-18.20,20.68,WALKING_IN_PLACE
10204,0.81,0.51,0.43,1.05,-10.08,-12.95,-22.75,28.05,WALKING_IN_PLACE
10264,0.79,0.54,0.40,1.03,-15.75,-11.41,-35.14,40.16,WALKING_IN_PLACE
10324,0.86,0.61,0.43,1.14,-18.20,-7.14,-60.13,63.23,WALKING_IN_PLACE
10383,0.92,0.59,0.40,1.17,0.98,-5.67,-71.40,71.63,WALKING_IN_PLACE
10443,0.91,0.57,0.36,1.13,6.23,-7.84,-81.69,82.30,WALKING_IN_PLACE
10502,0.83,0.59,0.32,1.07,14.49,-11.20,-89.04,90.90,WALKING_IN_PLACE
10562,0.78,0.65,0.33,1.07,-4.06,-17.36,-100.59,102.16,WALKING_IN_PLACE
10622,0.70,0.66,0.33,1.02,-11.83,-21.91,-97.09,100.23,WALKING_IN_PLACE
10680,0.69,0.67,0.33,1.01,-12.74,-11.90,-62.09,64.49,WALKING_IN_PLACE
10741,0.61,0.68,0.31,0.97,13.16,-1.05,-43.12,45.10,WALKING_IN_PLACE
10800,0.49,0.62,0.29,0.84,-0.56,-7.00,-31.92,32.68,WALKING_IN_PLACE
10860,0.48,0.55,0.30,0.79,-17.92,-9.52,-1.05,20.32,WALKING_IN_PLACE
10919,0.65,0.59,0.38,0.96,-27.79,0.35,38.43,47.43,WALKING_IN_PLACE
10979,0.78,0.58,0.34,1.03,6.16,16.10,76.37,78.29,WALKING_IN_PLACE
11039,0.70,0.61,0.30,0.98,8.19,3.92,82.18,82.68,WALKING_IN_PLACE
11098,0.75,0.58,0.33,1.00,-15.05,-8.12,70.84,72.87,WALKING_IN_PLACE
11158,0.85,0.56,0.40,1.09,0.00,3.71,70.35,70.45,WALKING_IN_PLACE
11217,0.89,0.53,0.35,1.10,24.92,16.66,89.39,94.28,WALKING_IN_PLACE
11277,0.81,0.55,0.27,1.02,45.36,14.28,93.52,104.92,WALKING_IN_PLACE
11336,0.79,0.55,0.31,1.01,20.23,4.97,80.92,83.56,WALKING_IN_PLACE
11396,0.81,0.52,0.34,1.02,24.50,-0.98,71.12,75.23,WALKING_IN_PLACE
11456,0.81,0.56,0.40,1.07,34.30,-4.06,61.32,70.38,WALKING_IN_PLACE
11516,0.76,0.57,0.47,1.06,31.08,-3.22,40.67,51.29,WALKING_IN_PLACE
11576,0.69,0.59,0.47,1.03,22.89,-4.41,4.55,23.75,WALKING_IN_PLACE
11635,0.67,0.61,0.45,1.01,4.69,-6.93,-26.53,27.82,WALKING_IN_PLACE
11695,0.80,0.54,0.45,1.07,-15.05,-12.60,-37.17,42.03,WALKING_IN_PLACE
11754,0.89,0.56,0.46,1.14,-14.07,1.54,-48.09,50.13,WALKING_IN_PLACE
11815,0.84,0.55,0.26,1.04,-2.94,-0.35,-60.20,60.27,WALKING_IN_PLACE
11875,0.86,0.58,0.26,1.07,-26.04,-16.52,-77.35,83.27,WALKING_IN_PLACE
11934,0.93,0.57,0.31,1.14,-33.74,-28.21,-71.47,83.92,WALKING_IN_PLACE
11994,0.89,0.56,0.33,1.11,-53.48,-28.56,-82.46,102.35,WALKING_IN_PLACE
12053,0.84,0.52,0.35,1.05,-33.81,-22.05,-84.35,93.51,WALKING_IN_PLACE
12113,0.77,0.49,0.30,0.96,-32.20,-16.80,-65.31,74.73,WALKING_IN_PLACE
12172,0.78,0.51,0.29,0.98,-15.26,-8.40,-31.43,35.93,WALKING_IN_PLACE
12232,0.75,0.49,0.30,0.94,-9.80,-3.50,-6.02,12.02,WALKING_IN_PLACE
12292,0.71,0.49,0.30,0.92,-1.89,0.35,-2.73,3.34,WALKING_IN_PLACE
12351,0.72,0.46,0.30,0.90,-2.52,6.44,12.39,14.19,WALKING_IN_PLACE
12411,0.76,0.50,0.31,0.96,9.45,14.07,33.81,37.82,WALKING_IN_PLACE
12470,0.87,0.56,0.35,1.09,32.83,22.47,50.54,64.32,WALKING_IN_PLACE
12530,0.84,0.62,0.33,1.09,53.83,19.11,63.84,85.66,WALKING_IN_PLACE
12589,0.68,0.70,0.33,1.03,20.37,2.66,54.46,58.21,WALKING_IN_PLACE
12649,0.76,0.49,0.36,0.97,-8.47,-2.17,53.55,54.26,WALKING_IN_PLACE
12709,0.85,0.51,0.36,1.06,22.26,15.12,78.61,83.09,WALKING_IN_PLACE
12768,0.84,0.58,0.39,1.09,27.23,18.76,74.34,81.36,WALKING_IN_PLACE
12828,0.86,0.52,0.46,1.11,24.99,21.14,48.79,58.75,WALKING_IN_PLACE
12887,0.81,0.50,0.40,1.03,34.72,19.67,28.42,48.99,WALKING_IN_PLACE
12947,0.76,0.54,0.45,1.03,35.56,11.76,17.50,41.34,WALKING_IN_PLACE
13006,0.67,0.49,0.37,0.90,13.51,-2.52,12.39,18.50,WALKING_IN_PLACE
13067,0.60,0.52,0.41,0.89,-9.73,-15.26,1.26,18.14,WALKING_IN_PLACE
13126,0.64,0.55,0.36,0.91,-13.23,-20.51,-13.58,27.93,WALKING_IN_PLACE
13186,0.83,0.53,0.39,1.06,-20.58,-25.97,-15.68,36.66,WALKING_IN_PLACE
13246,0.89,0.66,0.37,1.17,-15.19,-19.74,-28.56,37.90,WALKING_IN_PLACE
13305,0.92,0.59,0.38,1.16,-35.07,-20.37,-60.76,73.05,WALKING_IN_PLACE
13365,0.93,0.52,0.32,1.11,-12.46,-11.62,-78.68,80.50,WALKING_IN_PLACE
13424,0.94,0.48,0.32,1.10,-2.87,-2.59,-87.50,87.59,WALKING_IN_PLACE
13484,0.87,0.53,0.27,1.05,0.56,-4.55,-91.84,91.95,WALKING_IN_PLACE
13543,0.88,0.55,0.28,1.08,-19.25,-8.12,-69.65,72.72,WALKING_IN_PLACE
13603,0.78,0.56,0.29,1.01,-2.52,-6.65,-41.44,42.05,WALKING_IN_PLACE
13663,0.65,0.55,0.28,0.89,-12.60,-11.97,-33.67,37.89,WALKING_IN_PLACE
13722,0.61,0.47,0.30,0.83,-19.88,-11.76,-10.15,25.23,WALKING_IN_PLACE
13782,0.69,0.47,0.30,0.89,-10.64,-0.56,27.23,29.24,WALKING_IN_PLACE
13842,0.76,0.50,0.30,0.96,-17.71,4.69,56.28,59.19,WALKING_IN_PLACE
13902,0.88,0.49,0.32,1.06,-1.33,8.54,76.30,76.79,WALKING_IN_PLACE
13961,0.86,0.56,0.32,1.07,12.60,1.40,79.38,80.39,WALKING_IN_PLACE
14021,0.81,0.56,0.37,1.05,-14.84,-9.17,55.30,57.99,WALKING_IN_PLACE
14081,0.87,0.45,0.44,1.07,5.74,4.41,46.27,46.83,WALKING_IN_PLACE
14140,0.89,0.53,0.45,1.13,52.08,23.10,58.59,81.72,WALKING_IN_PLACE
14200,0.85,0.54,0.41,1.08,46.06,20.86,43.75,66.86,WALKING_IN_PLACE
14259,0.76,0.49,0.41,0.99,37.10,17.57,28.91,50.21,WALKING_IN_PLACE
14319,0.71,0.49,0.45,0.97,39.90,17.71,25.62,50.62,WALKING_IN_PLACE
14378,0.68,0.53,0.48,0.99,26.25,12.95,20.37,35.66,WALKING_IN_PLACE
14438,0.69,0.54,0.50,1.01,15.54,6.86,6.09,18.05,WALKING_IN_PLACE
14498,0.70,0.57,0.48,1.02,-3.22,-1.61,-10.99,11.56,WALKING_IN_PLACE
14557,0.74,0.53,0.46,1.02,-21.98,-5.81,-25.20,33.94,WALKING_IN_PLACE
14618,0.73,0.53,0.41,1.00,-22.75,-11.97,-37.03,45.08,WALKING_IN_PLACE
14677,0.86,0.57,0.48,1.14,-17.85,-9.45,-35.91,41.20,WALKING_IN_PLACE
14737,0.83,0.57,0.33,1.06,12.67,-7.00,-42.56,44.95,WALKING_IN_PLACE
14796,0.80,0.58,0.23,1.02,7.49,-21.21,-64.33,68.15,WALKING_IN_PLACE
14856,0.81,0.57,0.27,1.03,-12.88,-35.77,-66.99,77.03,WALKING_IN_PLACE
14917,0.82,0.66,0.26,1.08,-10.36,-38.71,-74.83,84.88,WALKING_IN_PLACE
14976,0.79,0.58,0.26,1.01,-29.68,-38.36,-86.52,99.19,WALKING_IN_PLACE
15036,0.82,0.55,0.28,1.03,-26.18,-36.54,-61.04,75.81,WALKING_IN_PLACE
15095,0.83,0.51,0.30,1.02,-31.08,-16.03,-25.76,43.43,WALKING_IN_PLACE
15155,0.71,0.46,0.32,0.91,4.13,-6.37,-7.63,10.76,WALKING_IN_PLACE
15214,0.66,0.48,0.31,0.87,-6.86,-8.40,10.92,15.39,WALKING_IN_PLACE
15274,0.72,0.45,0.35,0.92,-25.62,-1.40,46.13,52.79,WALKING_IN_PLACE
15334,0.86,0.49,0.36,1.05,-10.01,12.81,81.76,83.36,WALKING_IN_PLACE
15394,0.96,0.60,0.37,1.20,20.65,14.70,94.43,97.77,WALKING_IN_PLACE
15454,0.77,0.63,0.31,1.04,17.57,6.23,63.21,65.90,WALKING_IN_PLACE
15513,0.79,0.55,0.37,1.03,1.68,6.44,47.60,48.06,WALKING_IN_PLACE
15573,0.88,0.54,0.32,1.08,36.54,19.32,57.68,70.96,WALKING_IN_PLACE
15632,0.90,0.54,0.35,1.11,36.61,20.09,51.45,66.26,WALKING_IN_PLACE
15692,0.86,0.50,0.36,1.06,38.01,8.54,33.81,51.58,WALKING_IN_PLACE
15751,0.71,0.50,0.39,0.95,21.70,-7.28,26.60,35.09,WALKING_IN_PLACE
15811,0.63,0.47,0.46,0.91,6.09,-10.08,30.24,32.45,WALKING_IN_PLACE
15871,0.60,0.53,0.48,0.94,3.01,-5.81,23.38,24.28,WALKING_IN_PLACE
15930,0.71,0.56,0.52,1.04,-7.56,-4.62,2.73,9.27,WALKING_IN_PLACE
15990,0.84,0.59,0.50,1.15,-10.08,-2.10,-19.46,22.02,WALKING_IN_PLACE
16049,0.92,0.57,0.46,1.18,-6.02,3.50,-39.27,39.88,WALKING_IN_PLACE
16109,0.85,0.56,0.33,1.06,15.54,10.15,-59.64,62.46,WALKING_IN_PLACE
16168,0.88,0.54,0.28,1.07,4.48,1.12,-78.19,78.33,WALKING_IN_PLACE
16228,0.96,0.54,0.31,1.14,0.77,-7.91,-75.53,75.95,WALKING_IN_PLACE
16288,0.90,0.56,0.31,1.10,-4.97,-12.18,-82.25,83.30,WALKING_IN_PLACE
16347,0.84,0.51,0.35,1.04,-17.08,-12.25,-90.93,93.33,WALKING_IN_PLACE
16407,0.76,0.43,0.33,0.93,-16.17,-8.19,-56.56,59.39,WALKING_IN_PLACE
16466,0.68,0.43,0.32,0.87,-12.67,-3.08,-17.43,21.77,WALKING_IN_PLACE
16526,0.67,0.43,0.32,0.86,1.26,1.68,11.27,11.46,WALKING_IN_PLACE
16585,0.71,0.46,0.33,0.91,0.14,6.37,38.43,38.95,WALKING_IN_PLACE
16645,0.83,0.49,0.33,1.02,-2.59,6.44,65.80,66.17,WALKING_IN_PLACE
16705,0.86,0.51,0.31,1.05,6.72,0.42,84.98,85.25,WALKING_IN_PLACE
16764,0.83,0.63,0.33,1.10,-16.94,-14.77,70.21,73.72,WALKING_IN_PLACE
16824,0.84,0.53,0.41,1.07,-45.78,-11.76,45.08,65.32,WALKING_IN_PLACE
16883,0.86,0.43,0.49,1.08,11.62,15.54,61.95,64.92,WALKING_IN_PLACE
16943,0.87,0.40,0.40,1.03,23.38,9.52,55.79,61.24,WALKING_IN_PLACE
17002,0.92,0.36,0.43,1.08,41.51,10.22,50.26,65.98,WALKING_IN_PLACE
17062,0.86,0.27,0.42,0.99,24.36,6.44,43.19,50.00,WALKING_IN_PLACE
17122,0.85,0.32,0.41,0.99,33.88,0.14,51.31,61.49,WALKING_IN_PLACE
17181,0.86,0.32,0.45,1.02,19.46,-2.24,47.95,51.80,WALKING_IN_PLACE
17241,0.83,0.34,0.48,1.02,19.04,-2.80,37.24,41.92,WALKING_IN_PLACE
17300,0.77,0.39,0.48,0.99,20.79,-1.33,19.67,28.65,WALKING_IN_PLACE
17360,0.70,0.45,0.44,0.94,19.04,-4.13,3.22,19.75,WALKING_IN_PLACE
17419,0.78,0.53,0.43,1.04,-14.63,-13.02,-21.56,29.13,WALKING_IN_PLACE
17479,0.92,0.53,0.47,1.16,-1.89,-5.25,-42.77,43.13,WALKING_IN_PLACE
17539,0.80,0.51,0.36,1.02,20.65,2.38,-65.24,68.47,WALKING_IN_PLACE
17598,0.83,0.49,0.31,1.02,10.64,-8.82,-76.23,77.47,WALKING_IN_PLACE
17658,0.87,0.49,0.31,1.05,-12.81,-21.49,-71.33,75.59,WALKING_IN_PLACE
17717,0.99,0.54,0.33,1.18,-28.70,-23.66,-64.47,74.43,WALKING_IN_PLACE
17777,0.96,0.52,0.33,1.15,-24.29,-23.80,-79.52,86.49,WALKING_IN_PLACE
17836,0.90,0.57,0.31,1.11,-26.95,-27.93,-99.12,106.45,WALKING_IN_PLACE
17896,0.90,0.51,0.34,1.09,-46.48,-19.39,-84.00,97.94,WALKING_IN_PLACE
17956,0.81,0.52,0.31,1.01,-10.29,0.63,-58.03,58.94,WALKING_IN_PLACE
18015,0.71,0.55,0.25,0.93,-5.25,-0.84,-42.56,42.89,WALKING_IN_PLACE
18075,0.63,0.48,0.27,0.84,-14.84,-8.33,-23.80,29.26,WALKING_IN_PLACE
18134,0.64,0.44,0.33,0.84,-11.69,-1.12,9.73,15.25,WALKING_IN_PLACE
18194,0.87,0.49,0.32,1.04,1.40,8.75,49.70,50.48,WALKING_IN_PLACE
18253,0.82,0.53,0.29,1.02,13.30,5.53,75.60,76.96,WALKING_IN_PLACE
18313,0.75,0.57,0.30,0.99,2.87,-12.53,76.44,77.51,WALKING_IN_PLACE
18373,0.75,0.52,0.34,0.97,-24.08,-22.54,64.96,72.85,WALKING_IN_PLACE
18432,0.94,0.49,0.44,1.14,1.68,3.43,77.49,77.58,WALKING_IN_PLACE
18493,0.96,0.54,0.38,1.16,28.63,13.09,83.79,89.51,WALKING_IN_PLACE
18552,0.89,0.61,0.32,1.13,16.59,5.95,51.94,54.85,WALKING_IN_PLACE
18612,0.84,0.47,0.42,1.05,15.40,1.68,29.96,33.73,WALKING_IN_PLACE
18671,0.76,0.44,0.41,0.97,23.80,4.83,20.93,32.06,WALKING_IN_PLACE
18731,0.76,0.42,0.45,0.98,23.94,5.60,20.37,31.93,WALKING_IN_PLACE
18791,0.70,0.49,0.42,0.95,9.59,-1.05,12.46,15.76,WALKING_IN_PLACE
18850,0.69,0.48,0.47,0.97,-8.19,-5.60,-2.94,10.35,WALKING_IN_PLACE
18910,0.70,0.52,0.44,0.98,0.28,-4.62,-14.56,15.28,WALKING_IN_PLACE
18969,0.80,0.60,0.43,1.09,-3.01,-6.37,-23.03,24.08,WALKING_IN_PLACE
19029,0.82,0.52,0.38,1.05,-10.78,-2.10,-36.33,37.95,WALKING_IN_PLACE
19088,0.86,0.54,0.36,1.08,9.52,2.24,-58.66,59.47,WALKING_IN_PLACE
19148,0.88,0.52,0.25,1.05,0.21,-8.33,-64.82,65.35,WALKING_IN_PLACE
19208,0.90,0.57,0.30,1.11,-30.80,-20.72,-72.73,81.66,WALKING_IN_PLACE
19268,0.92,0.55,0.33,1.12,-33.74,-21.77,-73.43,83.69,WALKING_IN_PLACE
19328,0.92,0.59,0.36,1.15,-6.44,-9.66,-59.57,60.69,WALKING_IN_PLACE
19387,0.77,0.63,0.33,1.05,6.09,-4.13,-67.48,67.88,WALKING_IN_PLACE
19447,0.65,0.61,0.31,0.95,-7.28,-7.42,-71.82,72.57,WALKING_IN_PLACE
19506,0.61,0.59,0.31,0.90,-10.92,-6.09,-55.65,57.04,WALKING_IN_PLACE
19566,0.63,0.56,0.37,0.92,-10.64,3.50,-32.69,34.56,WALKING_IN_PLACE
19625,0.69,0.51,0.33,0.92,-1.33,9.87,1.05,10.01,WALKING_IN_PLACE
19685,0.72,0.49,0.30,0.93,0.77,5.67,44.03,44.40,WALKING_IN_PLACE
19745,0.58,0.50,0.26,0.81,-7.91,-10.85,56.84,58.40,WALKING_IN_PLACE
19804,0.69,0.49,0.36,0.92,-37.80,-20.44,60.97,74.59,WALKING_IN_PLACE
19864,0.95,0.48,0.41,1.14,-8.19,3.50,85.61,86.07,WALKING_IN_PLACE
19923,0.97,0.55,0.37,1.17,24.29,15.82,89.53,94.11,WALKING_IN_PLACE
19983,0.91,0.56,0.39,1.14,18.97,4.69,77.84,80.26,WALKING_IN_PLACE
20043,0.86,0.52,0.34,1.06,-0.35,-4.41,62.30,62.46,WALKING_IN_PLACE
20103,0.80,0.51,0.43,1.04,14.49,-1.61,62.44,64.12,WALKING_IN_PLACE
20163,0.79,0.51,0.47,1.05,25.76,3.57,53.97,59.91,WALKING_IN_PLACE
20222,0.72,0.53,0.48,1.01,26.04,3.99,34.09,43.08,WALKING_IN_PLACE
20282,0.69,0.54,0.49,1.00,15.47,-0.77,14.21,21.02,WALKING_IN_PLACE
20341,0.65,0.53,0.47,0.96,8.68,-0.07,-7.00,11.15,WALKING_IN_PLACE
20401,0.78,0.57,0.50,1.09,-9.94,-2.59,-22.12,24.39,WALKING_IN_PLACE
20460,0.84,0.50,0.47,1.08,3.50,8.61,-31.36,32.71,WALKING_IN_PLACE
20520,0.81,0.53,0.38,1.05,13.65,7.84,-55.02,57.23,WALKING_IN_PLACE
20580,0.85,0.48,0.35,1.04,2.03,-2.73,-69.86,69.94,WALKING_IN_PLACE
20639,0.85,0.54,0.33,1.06,-11.34,-19.32,-67.69,71.30,WALKING_IN_PLACE
20699,0.81,0.53,0.31,1.02,-25.97,-29.96,-73.92,83.88,WALKING_IN_PLACE
20758,0.81,0.53,0.34,1.02,-26.67,-32.41,-77.35,88.00,WALKING_IN_PLACE
20819,0.79,0.58,0.35,1.04,-11.69,-24.08,-75.18,79.80,WALKING_IN_PLACE
20878,0.81,0.64,0.34,1.09,-9.87,-14.84,-59.50,62.11,WALKING_IN_PLACE
20938,0.79,0.66,0.34,1.09,5.88,-7.63,-38.57,39.75,WALKING_IN_PLACE
20998,0.66,0.67,0.31,0.99,15.05,-9.59,-39.90,43.71,WALKING_IN_PLACE
21057,0.59,0.61,0.34,0.91,-13.23,-15.82,-37.38,42.69,WALKING_IN_PLACE
21117,0.59,0.52,0.37,0.87,-16.87,-6.16,-10.50,20.80,WALKING_IN_PLACE
21176,0.61,0.56,0.34,0.89,-7.77,2.73,24.22,25.58,WALKING_IN_PLACE
21236,0.77,0.55,0.35,1.01,-13.44,2.17,54.53,56.20,WALKING_IN_PLACE
21295,0.74,0.57,0.31,0.98,-4.55,-5.18,75.04,75.36,WALKING_IN_PLACE
21355,0.67,0.56,0.30,0.93,-34.58,-21.70,61.88,74.13,WALKING_IN_PLACE
21415,0.84,0.45,0.35,1.01,-32.06,-18.13,64.61,74.37,WALKING_IN_PLACE
21474,0.92,0.44,0.35,1.08,21.70,4.55,85.47,88.30,WALKING_IN_PLACE
21534,0.88,0.52,0.34,1.08,39.27,19.18,76.30,87.93,WALKING_IN_PLACE
21594,0.88,0.49,0.37,1.08,42.63,14.77,52.22,69.01,WALKING_IN_PLACE
21654,0.95,0.46,0.42,1.14,54.18,25.69,49.77,77.93,WALKING_IN_PLACE
21713,0.81,0.49,0.37,1.02,57.54,21.70,46.48,77.09,WALKING_IN_PLACE
21773,0.75,0.50,0.42,0.99,27.79,8.75,36.47,46.68,WALKING_IN_PLACE
21833,0.72,0.48,0.46,0.98,24.01,7.91,24.92,35.50,WALKING_IN_PLACE
21892,0.69,0.51,0.48,0.98,14.91,5.46,8.40,17.96,WALKING_IN_PLACE
21952,0.69,0.53,0.46,0.99,0.91,0.35,-10.85,10.89,WALKING_IN_PLACE
22011,0.74,0.54,0.46,1.02,-6.16,-3.64,-28.35,29.24,WALKING_IN_PLACE
22071,0.83,0.58,0.47,1.11,-11.62,-5.81,-40.11,42.16,WALKING_IN_PLACE
22130,0.79,0.52,0.35,1.01,-25.62,-6.51,-42.21,49.80,WALKING_IN_PLACE
22190,0.88,0.55,0.38,1.10,-8.26,4.34,-56.84,57.60,WALKING_IN_PLACE
22250,0.87,0.53,0.34,1.07,6.93,-2.31,-67.69,68.08,WALKING_IN_PLACE
22309,0.92,0.58,0.31,1.14,-24.22,-18.27,-74.55,80.49,WALKING_IN_PLACE
22370,0.89,0.54,0.31,1.09,-29.75,-36.82,-89.60,101.34,WALKING_IN_PLACE
22429,0.81,0.57,0.36,1.05,12.95,-37.94,-96.74,104.72,WALKING_IN_PLACE
22489,0.78,0.80,0.28,1.15,12.88,-39.06,-104.58,112.38,WALKING_IN_PLACE
22548,0.67,0.60,0.28,0.95,-21.91,-25.83,-80.64,87.46,WALKING_IN_PLACE
22608,0.54,0.67,0.27,0.90,5.95,-20.72,-48.37,52.96,WALKING_IN_PLACE
22668,0.46,0.57,0.29,0.79,-17.22,-22.26,-32.90,43.29,WALKING_IN_PLACE
22728,0.50,0.50,0.32,0.77,-21.84,-14.07,3.92,26.27,WALKING_IN_PLACE
22788,0.60,0.54,0.33,0.87,-19.11,-1.96,48.30,51.98,WALKING_IN_PLACE
22847,0.71,0.58,0.31,0.97,-12.95,2.73,78.75,79.85,WALKING_IN_PLACE
22907,0.84,0.59,0.34,1.08,-0.07,3.43,97.72,97.78,WALKING_IN_PLACE
22966,0.88,0.62,0.34,1.13,18.20,5.81,106.47,108.17,WALKING_IN_PLACE
23026,0.75,0.64,0.31,1.04,10.22,0.07,85.12,85.73,WALKING_IN_PLACE
23086,0.83,0.52,0.45,1.08,-11.20,11.34,79.17,80.76,WALKING_IN_PLACE
23146,0.85,0.50,0.30,1.03,46.55,27.02,66.43,85.50,WALKING_IN_PLACE
23206,0.95,0.50,0.27,1.11,69.37,22.05,72.80,102.95,WALKING_IN_PLACE
23265,0.86,0.52,0.28,1.04,56.07,5.88,58.87,81.51,WALKING_IN_PLACE
23325,0.83,0.48,0.33,1.01,37.17,-4.34,47.04,60.11,WALKING_IN_PLACE
23384,0.86,0.46,0.35,1.03,47.32,-0.07,38.71,61.14,WALKING_IN_PLACE
23444,0.85,0.46,0.33,1.03,62.86,3.64,27.16,68.57,WALKING_IN_PLACE
23503,0.84,0.34,0.28,0.95,59.43,0.00,18.69,62.30,WALKING_IN_PLACE
23563,0.85,0.32,0.20,0.93,51.87,-8.75,18.83,55.87,WALKING_IN_PLACE
23623,0.91,0.21,0.19,0.96,53.76,-14.07,26.74,61.67,WALKING_IN_PLACE
23682,0.99,0.25,0.21,1.04,65.80,-7.21,39.20,76.93,WALKING_IN_PLACE
23742,0.96,0.31,0.16,1.03,82.11,-11.34,44.59,94.12,WALKING_IN_PLACE
23801,1.01,0.31,0.19,1.07,44.59,-14.63,42.56,63.35,WALKING_IN_PLACE
23861,1.04,0.25,0.20,1.09,57.40,-1.26,35.56,67.53,WALKING_IN_PLACE
23921,0.99,0.26,0.18,1.04,54.81,2.66,29.75,62.42,WALKING_IN_PLACE
23981,0.94,0.20,0.17,0.98,47.53,-1.19,25.06,53.74,WALKING_IN_PLACE
24041,0.94,0.17,0.13,0.96,27.23,-1.19,19.11,33.29,WALKING_IN_PLACE
24100,1.04,0.18,0.15,1.06,25.48,-0.14,17.64,30.99,WALKING_IN_PLACE
24160,0.99,0.17,0.15,1.02,17.43,-2.31,2.66,17.78,WALKING_IN_PLACE
24220,0.96,0.10,0.14,0.97,6.37,-5.25,-8.05,11.53,WALKING_IN_PLACE
24280,0.98,0.10,0.20,1.00,23.73,3.78,-8.26,25.41,WALKING_IN_PLACE
24339,0.98,0.05,0.06,0.99,-5.60,-5.81,-6.16,10.15,WALKING_IN_PLACE
24399,1.02,0.04,0.08,1.03,-9.52,-9.17,-7.28,15.09,WALKING_IN_PLACE
24459,1.00,0.01,0.08,1.00,-5.11,-6.72,-3.78,9.25,WALKING_IN_PLACE
24518,1.01,0.02,0.07,1.01,-6.51,-4.34,1.54,7.97,WALKING_IN_PLACE
24578,1.00,0.06,0.05,1.01,0.21,-5.18,6.79,8.54,WALKING_IN_PLACE
24637,1.00,0.10,0.04,1.01,-6.30,-6.86,0.91,9.36,WALKING_IN_PLACE
24697,0.98,0.10,0.07,0.99,0.28,-8.19,1.26,8.29,WALKING_IN_PLACE
24756,0.96,0.08,0.06,0.97,1.33,-5.39,-4.27,7.00,WALKING_IN_PLACE
Recording stopped
