Recording started
time,accelX,accelY,accelZ,accelMagnitude,gyroX,gyroY,gyroZ,gyroMagnitude,activity
9,0.82,0.25,0.42,0.95,-25.20,-8.54,-5.46,27.16,WALKING_IN_PLACE
68,0.78,0.40,0.51,1.01,-17.71,-3.15,-17.08,24.81,WALKING_IN_PLACE
128,0.73,0.61,0.49,1.08,14.84,9.66,-45.43,48.76,WALKING_IN_PLACE
187,0.68,0.78,0.45,1.13,26.74,8.61,-79.17,84.01,WALKING_IN_PLACE
247,0.69,0.83,0.43,1.16,28.00,-5.39,-112.35,115.91,WALKING_IN_PLACE
306,0.77,0.79,0.41,1.18,-4.76,-12.88,-136.22,136.91,WALKING_IN_PLACE
366,0.88,0.66,0.40,1.17,-12.67,-0.84,-130.20,130.82,WALKING_IN_PLACE
426,0.86,0.55,0.35,1.08,-2.52,12.74,-103.95,104.76,WALKING_IN_PLACE
485,0.75,0.46,0.28,0.93,7.56,8.89,-67.48,68.48,WALKING_IN_PLACE
545,0.68,0.42,0.30,0.85,-3.57,-6.86,-30.52,31.48,WALKING_IN_PLACE
605,0.70,0.37,0.39,0.88,-7.84,-2.31,22.82,24.24,WALKING_IN_PLACE
665,0.76,0.45,0.42,0.98,15.89,7.56,74.06,76.12,WALKING_IN_PLACE
724,0.78,0.50,0.37,1.00,-5.04,-1.96,111.65,111.78,WALKING_IN_PLACE
784,0.68,0.55,0.45,0.98,-14.07,-21.42,124.53,127.14,WALKING_IN_PLACE
844,0.79,0.65,0.59,1.18,-47.88,-30.59,106.47,120.68,WALKING_IN_PLACE
903,0.88,0.62,0.64,1.25,-56.84,-25.13,88.97,108.53,WALKING_IN_PLACE
963,0.75,0.60,0.65,1.16,-23.80,-12.74,68.53,73.66,WALKING_IN_PLACE
1022,0.68,0.57,0.53,1.03,2.73,2.38,45.36,45.50,WALKING_IN_PLACE
1082,0.74,0.56,0.46,1.03,32.55,3.50,19.95,38.34,WALKING_IN_PLACE
1141,0.66,0.53,0.42,0.94,34.37,-1.89,-18.06,38.87,WALKING_IN_PLACE
1201,0.65,0.52,0.51,0.98,2.03,-15.61,-27.09,31.33,WALKING_IN_PLACE
1261,0.70,0.51,0.51,1.01,-8.61,-11.48,-29.96,33.22,WALKING_IN_PLACE
1320,0.73,0.55,0.44,1.01,-7.98,-5.25,-43.68,44.71,WALKING_IN_PLACE
1380,0.90,0.67,0.45,1.20,0.49,0.49,-62.37,62.37,WALKING_IN_PLACE
1439,0.97,0.68,0.50,1.29,9.52,12.60,-76.37,77.99,WALKING_IN_PLACE
1499,0.92,0.72,0.46,1.25,26.46,14.35,-88.62,93.59,WALKING_IN_PLACE
1558,0.82,0.63,0.39,1.11,24.92,15.33,-103.32,107.38,WALKING_IN_PLACE
1618,0.69,0.52,0.37,0.94,17.36,8.54,-96.88,98.79,WALKING_IN_PLACE
1678,0.60,0.43,0.34,0.81,-5.74,-0.28,-60.69,60.96,WALKING_IN_PLACE
1737,0.61,0.37,0.35,0.79,-11.55,-4.13,-10.50,16.15,WALKING_IN_PLACE
1797,0.63,0.39,0.34,0.82,-18.27,-11.90,32.90,39.47,WALKING_IN_PLACE
1856,0.79,0.44,0.40,0.99,-28.84,-15.26,71.12,78.25,WALKING_IN_PLACE
1916,0.81,0.47,0.37,1.01,-10.92,-21.07,98.84,101.65,WALKING_IN_PLACE
1975,0.72,0.54,0.39,0.98,-14.00,-32.34,100.10,106.12,WALKING_IN_PLACE
2035,0.83,0.51,0.50,1.10,-41.44,-37.17,97.37,112.16,WALKING_IN_PLACE
2095,0.93,0.47,0.52,1.17,-0.56,-19.60,105.42,107.23,WALKING_IN_PLACE
2155,0.86,0.59,0.51,1.16,21.00,-7.98,89.39,92.17,WALKING_IN_PLACE
2215,0.78,0.60,0.53,1.12,5.32,-9.59,42.07,43.48,WALKING_IN_PLACE
2274,0.75,0.55,0.61,1.11,7.35,-1.19,-1.33,7.56,WALKING_IN_PLACE
2334,0.65,0.53,0.55,1.00,21.42,7.63,-33.95,40.86,WALKING_IN_PLACE
2393,0.71,0.53,0.51,1.03,0.28,0.91,-46.34,46.35,WALKING_IN_PLACE
2453,0.86,0.55,0.55,1.16,-5.53,13.86,-52.36,54.44,WALKING_IN_PLACE
2512,0.83,0.53,0.42,1.07,19.74,26.04,-73.15,80.12,WALKING_IN_PLACE
2572,0.96,0.60,0.44,1.21,31.99,37.45,-81.83,95.51,WALKING_IN_PLACE
2632,0.90,0.58,0.31,1.12,43.96,30.73,-92.33,106.78,WALKING_IN_PLACE
2691,0.83,0.60,0.34,1.08,18.97,5.46,-98.56,100.52,WALKING_IN_PLACE
2751,0.70,0.48,0.34,0.91,-10.29,-13.51,-77.14,78.99,WALKING_IN_PLACE
2810,0.57,0.41,0.35,0.78,-15.33,-23.73,-39.69,48.72,WALKING_IN_PLACE
2870,0.54,0.39,0.35,0.75,-24.29,-29.61,6.79,38.90,WALKING_IN_PLACE
2930,0.65,0.41,0.42,0.88,-23.31,-24.22,52.71,62.52,WALKING_IN_PLACE
2990,0.81,0.52,0.48,1.08,-22.19,-8.82,72.24,76.08,WALKING_IN_PLACE
3050,0.94,0.52,0.47,1.17,-1.47,-7.14,83.02,83.34,WALKING_IN_PLACE
3109,0.89,0.57,0.46,1.16,21.42,-9.87,87.85,90.96,WALKING_IN_PLACE
3169,0.75,0.59,0.48,1.07,-12.60,-15.19,68.95,71.72,WALKING_IN_PLACE
3228,0.74,0.43,0.52,1.00,-21.98,-2.10,53.55,57.92,WALKING_IN_PLACE
3288,0.79,0.45,0.44,1.01,26.46,11.27,62.02,68.36,WALKING_IN_PLACE
3347,0.87,0.54,0.45,1.11,38.08,5.74,60.20,71.46,WALKING_IN_PLACE
3407,0.77,0.55,0.50,1.07,2.38,-2.17,26.53,26.72,WALKING_IN_PLACE
3467,0.70,0.47,0.53,1.00,-10.08,-3.64,-3.92,11.41,WALKING_IN_PLACE
3526,0.69,0.44,0.54,0.98,16.45,3.22,-16.31,23.39,WALKING_IN_PLACE
3586,0.65,0.48,0.48,0.94,11.20,-0.84,-33.04,34.90,WALKING_IN_PLACE
3644,0.71,0.54,0.45,1.00,-13.72,-14.35,-47.18,51.19,WALKING_IN_PLACE
3704,0.88,0.61,0.53,1.19,-25.13,-12.46,-56.42,63.01,WALKING_IN_PLACE
3763,0.87,0.60,0.44,1.15,-8.47,7.98,-84.91,85.70,WALKING_IN_PLACE
3823,0.86,0.61,0.40,1.13,29.89,17.99,-109.76,115.17,WALKING_IN_PLACE
3883,0.81,0.60,0.38,1.08,20.44,7.21,-125.93,127.78,WALKING_IN_PLACE
3942,0.76,0.52,0.34,0.98,-6.72,-7.07,-94.15,94.65,WALKING_IN_PLACE
4002,0.74,0.44,0.36,0.93,-15.05,-10.99,-39.62,43.78,WALKING_IN_PLACE
4061,0.61,0.42,0.35,0.82,-2.59,-19.74,-6.37,20.90,WALKING_IN_PLACE
4121,0.58,0.42,0.36,0.80,-32.62,-32.97,13.30,48.25,WALKING_IN_PLACE
4180,0.67,0.38,0.41,0.88,-34.58,-26.74,53.20,68.86,WALKING_IN_PLACE
4240,0.77,0.47,0.43,1.00,-9.66,-11.06,88.06,89.28,WALKING_IN_PLACE
4300,0.89,0.52,0.45,1.13,6.23,-2.24,103.18,103.39,WALKING_IN_PLACE
4359,0.98,0.55,0.45,1.21,33.95,5.18,112.98,118.08,WALKING_IN_PLACE
4419,0.81,0.62,0.42,1.10,27.51,1.12,96.60,100.45,WALKING_IN_PLACE
4478,0.72,0.58,0.46,1.03,-18.41,-3.15,50.54,53.88,WALKING_IN_PLACE
4538,0.82,0.44,0.50,1.05,-3.78,11.20,41.44,43.09,WALKING_IN_PLACE
4597,0.97,0.48,0.53,1.20,58.52,28.00,46.41,79.77,WALKING_IN_PLACE
4657,0.73,0.55,0.46,1.03,67.62,20.93,19.46,73.41,WALKING_IN_PLACE
4717,0.55,0.55,0.45,0.90,-3.36,-6.30,-9.66,12.01,WALKING_IN_PLACE
4776,0.62,0.47,0.53,0.93,-28.21,-14.98,-9.31,33.27,WALKING_IN_PLACE
4836,0.73,0.56,0.52,1.06,14.21,-3.01,-16.94,22.31,WALKING_IN_PLACE
4895,0.75,0.64,0.40,1.06,2.94,-17.50,-50.05,53.10,WALKING_IN_PLACE
4955,0.93,0.65,0.54,1.26,-42.98,-26.32,-68.88,85.35,WALKING_IN_PLACE
5014,0.84,0.54,0.41,1.08,-16.31,-4.90,-93.59,95.13,WALKING_IN_PLACE
5074,0.90,0.53,0.37,1.10,-0.07,-0.98,-109.90,109.90,WALKING_IN_PLACE
5134,0.85,0.53,0.39,1.08,9.80,-1.68,-109.27,109.72,WALKING_IN_PLACE
5193,0.84,0.51,0.34,1.04,-14.63,-9.66,-88.90,90.61,WALKING_IN_PLACE
5254,0.84,0.39,0.37,1.00,-17.78,-7.70,-39.06,43.60,WALKING_IN_PLACE
5313,0.69,0.42,0.34,0.87,5.95,-11.83,-11.76,17.71,WALKING_IN_PLACE
5373,0.57,0.39,0.34,0.77,-28.70,-27.58,5.25,40.15,WALKING_IN_PLACE
5432,0.61,0.34,0.40,0.81,-29.82,-21.63,51.59,63.39,WALKING_IN_PLACE
5492,0.76,0.41,0.48,0.99,-1.68,-2.24,98.77,98.81,WALKING_IN_PLACE
5552,1.06,0.52,0.49,1.28,27.37,19.18,128.52,132.79,WALKING_IN_PLACE
5611,0.97,0.62,0.45,1.23,61.60,23.66,120.82,137.67,WALKING_IN_PLACE
5671,0.71,0.68,0.45,1.09,-0.07,8.89,67.27,67.85,WALKING_IN_PLACE
5730,0.75,0.45,0.48,0.99,-16.66,16.52,45.78,51.44,WALKING_IN_PLACE
5790,0.88,0.48,0.50,1.12,43.47,29.19,61.95,81.11,WALKING_IN_PLACE
5849,0.72,0.57,0.43,1.01,60.62,23.66,35.98,74.36,WALKING_IN_PLACE
5909,0.69,0.54,0.46,0.99,0.84,-0.21,2.45,2.60,WALKING_IN_PLACE
5969,0.67,0.46,0.50,0.95,-0.84,-7.49,-3.36,8.25,WALKING_IN_PLACE
6028,0.69,0.54,0.53,1.03,9.17,-9.94,-22.54,26.29,WALKING_IN_PLACE
6088,0.69,0.52,0.51,1.01,-31.85,-20.37,-61.74,72.40,WALKING_IN_PLACE
6147,0.71,0.52,0.49,1.01,-24.22,-33.95,-67.41,79.27,WALKING_IN_PLACE
6207,0.88,0.62,0.55,1.20,-45.01,-35.00,-73.57,93.08,WALKING_IN_PLACE
6266,0.80,0.56,0.42,1.06,-20.16,-16.52,-89.81,93.52,WALKING_IN_PLACE
6326,0.76,0.60,0.44,1.06,3.71,-6.51,-97.58,97.87,WALKING_IN_PLACE
6386,0.77,0.62,0.40,1.07,2.31,-5.81,-107.94,108.12,WALKING_IN_PLACE
6445,0.87,0.64,0.38,1.15,-13.16,-10.36,-87.50,89.09,WALKING_IN_PLACE
6505,0.93,0.57,0.44,1.18,-28.21,-0.14,-39.06,48.18,WALKING_IN_PLACE
6564,0.69,0.49,0.36,0.92,0.70,-4.41,-31.99,32.30,WALKING_IN_PLACE
6624,0.48,0.40,0.32,0.71,-19.53,-21.28,-35.98,46.14,WALKING_IN_PLACE
6683,0.49,0.29,0.35,0.67,-22.05,-10.01,9.52,26.02,WALKING_IN_PLACE
6743,0.64,0.36,0.40,0.84,4.62,4.48,85.61,85.85,WALKING_IN_PLACE
6803,0.87,0.51,0.34,1.07,30.66,15.61,127.89,132.44,WALKING_IN_PLACE
6862,0.93,0.59,0.34,1.15,38.92,-5.53,144.90,150.14,WALKING_IN_PLACE
6922,0.86,0.70,0.48,1.21,-13.30,-35.98,118.86,124.90,WALKING_IN_PLACE
6981,0.90,0.51,0.60,1.19,-88.06,-35.77,72.94,119.81,WALKING_IN_PLACE
7041,1.01,0.41,0.65,1.27,-8.68,-4.06,77.70,78.29,WALKING_IN_PLACE
7100,0.87,0.46,0.54,1.12,67.06,37.87,53.97,94.04,WALKING_IN_PLACE
7160,0.74,0.45,0.46,0.99,77.77,42.14,24.08,91.67,WALKING_IN_PLACE
7220,0.57,0.49,0.40,0.85,52.78,21.98,14.35,58.95,WALKING_IN_PLACE
7279,0.54,0.52,0.47,0.88,-1.12,-7.63,1.47,7.85,WALKING_IN_PLACE
7339,0.63,0.51,0.53,0.97,-19.60,-16.94,-23.87,35.23,WALKING_IN_PLACE
7398,0.77,0.52,0.58,1.09,-18.27,-21.21,-51.80,58.88,WALKING_IN_PLACE
7458,0.96,0.57,0.62,1.28,-34.93,-13.23,-67.62,77.25,WALKING_IN_PLACE
7517,0.86,0.47,0.50,1.10,-14.63,5.60,-88.55,89.92,WALKING_IN_PLACE
7578,0.77,0.50,0.42,1.01,9.24,6.02,-103.18,103.77,WALKING_IN_PLACE
7637,0.79,0.50,0.40,1.02,-12.11,-5.32,-105.91,106.73,WALKING_IN_PLACE
7697,0.81,0.49,0.34,1.01,-30.73,-17.15,-96.32,102.55,WALKING_IN_PLACE
7757,1.06,0.45,0.49,1.25,-72.31,-10.15,-41.37,83.92,WALKING_IN_PLACE
7816,0.93,0.32,0.43,1.07,14.49,19.04,-7.91,25.20,WALKING_IN_PLACE
7876,0.61,0.42,0.31,0.80,62.23,-0.42,-5.39,62.46,WALKING_IN_PLACE
7935,0.55,0.48,0.37,0.82,-5.32,-24.22,3.15,25.00,WALKING_IN_PLACE
7995,0.67,0.47,0.46,0.94,-24.57,-23.94,40.46,53.05,WALKING_IN_PLACE
8054,0.74,0.55,0.50,1.05,-7.14,-8.82,71.82,72.71,WALKING_IN_PLACE
8114,0.86,0.61,0.54,1.19,23.80,0.00,91.77,94.81,WALKING_IN_PLACE
8174,0.74,0.69,0.59,1.17,15.96,-7.00,76.58,78.54,WALKING_IN_PLACE
8233,0.61,0.60,0.57,1.02,-39.13,-18.76,35.49,56.06,WALKING_IN_PLACE
8293,0.72,0.47,0.61,1.05,-43.54,-2.10,29.19,52.46,WALKING_IN_PLACE
8353,0.85,0.48,0.59,1.14,15.61,29.40,29.96,44.78,WALKING_IN_PLACE
8413,0.78,0.44,0.49,1.02,43.19,43.12,-4.20,61.17,WALKING_IN_PLACE
8472,0.71,0.41,0.44,0.93,33.74,25.13,-28.28,50.69,WALKING_IN_PLACE
8532,0.68,0.37,0.51,0.92,11.34,6.30,-25.48,28.59,WALKING_IN_PLACE
8592,0.65,0.37,0.55,0.93,3.22,-0.84,-16.17,16.51,WALKING_IN_PLACE
8651,0.69,0.36,0.57,0.97,2.45,2.38,-10.99,11.51,WALKING_IN_PLACE
8711,0.68,0.40,0.58,0.97,20.16,0.35,-10.85,22.90,WALKING_IN_PLACE
8770,0.70,0.41,0.51,0.96,3.08,-10.85,-19.60,22.61,WALKING_IN_PLACE
8830,0.82,0.39,0.55,1.06,-0.98,-17.92,-10.01,20.55,WALKING_IN_PLACE
8889,0.81,0.35,0.54,1.04,8.47,-6.65,-3.78,11.41,WALKING_IN_PLACE
8949,0.73,0.34,0.43,0.91,34.65,2.17,10.15,36.17,WALKING_IN_PLACE
9009,0.75,0.41,0.39,0.94,37.52,-9.87,37.66,54.07,WALKING_IN_PLACE
9068,0.74,0.50,0.41,0.98,-1.05,-26.46,47.88,54.71,WALKING_IN_PLACE
9129,0.88,0.53,0.47,1.13,-48.51,-41.37,56.63,85.27,WALKING_IN_PLACE
9188,0.82,0.51,0.45,1.07,-31.01,-25.76,56.91,69.74,WALKING_IN_PLACE
9248,0.70,0.58,0.41,1.00,-9.66,-18.34,34.37,40.14,WALKING_IN_PLACE
9307,0.78,0.61,0.36,1.05,-10.08,-10.29,14.91,20.73,WALKING_IN_PLACE
9367,0.86,0.68,0.35,1.15,7.91,-0.91,-11.69,14.14,WALKING_IN_PLACE
9427,0.89,0.74,0.39,1.22,24.57,6.37,-50.12,56.18,WALKING_IN_PLACE
9486,0.95,0.68,0.45,1.25,32.62,10.71,-83.23,90.03,WALKING_IN_PLACE
9546,0.94,0.71,0.44,1.26,41.86,3.50,-104.44,112.57,WALKING_IN_PLACE
9605,0.84,0.62,0.43,1.13,-8.68,-15.89,-131.04,132.28,WALKING_IN_PLACE
9665,0.85,0.44,0.43,1.05,-57.47,-21.84,-128.38,142.34,WALKING_IN_PLACE
9724,0.87,0.27,0.43,1.01,-39.06,0.91,-82.04,90.87,WALKING_IN_PLACE
9784,0.76,0.27,0.39,0.90,4.06,27.93,-22.54,36.12,WALKING_IN_PLACE
9844,0.68,0.27,0.35,0.81,18.76,32.41,12.67,39.53,WALKING_IN_PLACE
9904,0.74,0.29,0.37,0.88,17.15,18.41,47.95,54.15,WALKING_IN_PLACE
9964,0.79,0.35,0.41,0.95,10.36,0.49,95.41,95.97,WALKING_IN_PLACE
10023,0.71,0.46,0.43,0.95,-3.64,-18.69,120.61,122.10,WALKING_IN_PLACE
10083,0.79,0.64,0.61,1.19,-24.15,-15.26,119.07,122.45,WALKING_IN_PLACE
10142,0.77,0.70,0.61,1.21,-23.73,-10.64,85.61,89.47,WALKING_IN_PLACE
10202,0.69,0.76,0.55,1.16,32.83,-4.13,55.30,64.44,WALKING_IN_PLACE
10261,0.70,0.72,0.54,1.14,-8.89,-5.32,21.42,23.79,WALKING_IN_PLACE
10321,0.67,0.59,0.45,1.00,-3.57,5.25,-2.59,6.86,WALKING_IN_PLACE
10381,0.71,0.64,0.44,1.05,2.87,9.31,-32.48,33.91,WALKING_IN_PLACE
10440,0.79,0.73,0.42,1.16,43.82,23.94,-68.39,84.68,WALKING_IN_PLACE
10500,0.88,0.82,0.33,1.25,16.17,20.51,-93.45,97.03,WALKING_IN_PLACE
10559,0.91,0.75,0.37,1.24,38.92,7.21,-96.60,104.39,WALKING_IN_PLACE
10619,0.79,0.68,0.35,1.10,29.89,-12.18,-101.08,106.11,WALKING_IN_PLACE
10679,0.60,0.52,0.39,0.89,-21.49,-37.24,-104.02,112.56,WALKING_IN_PLACE
10740,0.63,0.37,0.40,0.83,-51.45,-39.55,-76.51,100.32,WALKING_IN_PLACE
10800,0.68,0.26,0.36,0.81,-19.11,-20.58,-12.88,30.90,WALKING_IN_PLACE
10859,0.70,0.30,0.43,0.88,-38.43,-14.21,48.30,63.34,WALKING_IN_PLACE
10919,0.85,0.36,0.44,1.02,-10.99,-12.32,103.74,105.05,WALKING_IN_PLACE
10978,0.86,0.44,0.43,1.06,9.24,-22.33,131.39,133.59,WALKING_IN_PLACE
11038,0.96,0.49,0.45,1.17,-6.30,-14.84,118.65,119.74,WALKING_IN_PLACE
11097,0.99,0.44,0.39,1.15,27.02,3.78,102.83,106.39,WALKING_IN_PLACE
11157,0.97,0.51,0.38,1.16,63.56,17.99,99.19,119.17,WALKING_IN_PLACE
11217,0.81,0.62,0.43,1.11,37.59,-0.63,82.32,90.50,WALKING_IN_PLACE
11276,0.68,0.64,0.52,1.07,-15.40,-15.05,58.52,62.36,WALKING_IN_PLACE
11336,0.64,0.61,0.56,1.05,-19.95,-11.13,23.66,32.89,WALKING_IN_PLACE
11395,0.70,0.63,0.57,1.10,-3.22,-1.82,-15.61,16.04,WALKING_IN_PLACE
11456,0.79,0.60,0.53,1.12,2.59,5.81,-60.62,60.95,WALKING_IN_PLACE
11515,0.81,0.59,0.43,1.09,-6.86,-0.91,-89.25,89.52,WALKING_IN_PLACE
11575,1.01,0.60,0.48,1.27,-9.31,8.89,-99.89,100.72,WALKING_IN_PLACE
11635,0.94,0.61,0.41,1.20,20.44,18.62,-128.45,131.39,WALKING_IN_PLACE
11694,1.00,0.57,0.42,1.22,14.63,17.99,-156.17,157.88,WALKING_IN_PLACE
11754,0.87,0.45,0.35,1.04,15.61,15.82,-147.56,149.22,WALKING_IN_PLACE
11813,0.82,0.45,0.34,0.99,-15.61,1.75,-88.27,89.66,WALKING_IN_PLACE
11873,0.71,0.32,0.32,0.84,2.52,-6.02,-15.82,17.11,WALKING_IN_PLACE
11932,0.49,0.41,0.33,0.72,4.69,-26.53,17.50,32.13,WALKING_IN_PLACE
11992,0.49,0.39,0.38,0.74,-45.01,-41.93,38.78,72.72,WALKING_IN_PLACE
12052,0.79,0.45,0.49,1.03,-9.31,-21.98,86.24,89.48,WALKING_IN_PLACE
12111,0.90,0.63,0.33,1.15,47.25,1.47,124.53,133.20,WALKING_IN_PLACE
12170,0.88,0.69,0.33,1.16,30.59,1.12,133.63,137.09,WALKING_IN_PLACE
12229,0.78,0.68,0.43,1.12,-13.93,-21.14,123.13,125.71,WALKING_IN_PLACE
12289,0.66,0.63,0.50,1.04,-64.96,-34.51,87.78,114.53,WALKING_IN_PLACE
12348,0.83,0.55,0.54,1.13,-62.23,-17.22,69.16,94.62,WALKING_IN_PLACE
12408,0.97,0.55,0.64,1.29,4.55,23.59,45.78,51.70,WALKING_IN_PLACE
12468,0.84,0.53,0.49,1.11,75.11,41.72,-8.47,86.34,WALKING_IN_PLACE
12527,0.68,0.55,0.39,0.96,46.83,19.25,-39.34,64.12,WALKING_IN_PLACE
12587,0.61,0.48,0.42,0.89,-8.89,-5.39,-51.38,52.42,WALKING_IN_PLACE
12646,0.69,0.51,0.45,0.97,-10.57,-9.31,-59.85,61.49,WALKING_IN_PLACE
12706,0.80,0.64,0.45,1.12,-3.29,-13.58,-77.91,79.15,WALKING_IN_PLACE
12765,1.01,0.73,0.47,1.33,-14.21,-27.65,-111.44,115.69,WALKING_IN_PLACE
12826,0.91,0.63,0.54,1.22,-22.82,-12.74,-130.06,132.66,WALKING_IN_PLACE
12886,0.77,0.47,0.37,0.97,-9.94,5.60,-134.61,135.09,WALKING_IN_PLACE
12946,0.70,0.43,0.40,0.92,5.95,12.32,-102.62,103.53,WALKING_IN_PLACE
13006,0.56,0.50,0.32,0.81,29.96,13.16,-83.65,89.82,WALKING_IN_PLACE
13065,0.66,0.55,0.34,0.92,-5.53,-3.92,-21.77,22.80,WALKING_IN_PLACE
13125,0.61,0.54,0.33,0.88,7.28,-7.63,42.84,44.12,WALKING_IN_PLACE
13184,0.60,0.55,0.32,0.88,19.74,-13.44,55.02,59.98,WALKING_IN_PLACE
13244,0.64,0.53,0.32,0.89,-16.73,-21.91,73.50,78.50,WALKING_IN_PLACE
13303,0.91,0.55,0.46,1.16,-30.73,-10.29,120.89,125.16,WALKING_IN_PLACE
13363,0.93,0.55,0.35,1.14,24.29,7.00,148.61,150.74,WALKING_IN_PLACE
13423,0.90,0.66,0.34,1.16,28.28,6.37,129.29,132.50,WALKING_IN_PLACE
13482,0.93,0.59,0.40,1.17,-10.92,-8.40,114.87,115.69,WALKING_IN_PLACE
13542,0.80,0.60,0.48,1.11,-7.21,-9.45,92.54,93.30,WALKING_IN_PLACE
13601,0.88,0.51,0.52,1.14,-13.16,-5.11,54.88,56.67,WALKING_IN_PLACE
13661,0.88,0.48,0.58,1.16,38.50,16.66,38.36,56.84,WALKING_IN_PLACE
13720,0.75,0.51,0.52,1.05,57.19,35.28,14.56,68.76,WALKING_IN_PLACE
13779,0.60,0.50,0.48,0.91,49.07,28.00,-13.09,57.99,WALKING_IN_PLACE
13839,0.61,0.51,0.47,0.92,26.39,13.16,-34.51,45.39,WALKING_IN_PLACE
13898,0.74,0.51,0.52,1.04,1.82,-1.61,-51.52,51.58,WALKING_IN_PLACE
13958,0.80,0.53,0.44,1.05,-1.40,-7.49,-61.46,61.93,WALKING_IN_PLACE
14017,0.95,0.60,0.47,1.22,-5.39,-18.34,-77.98,80.29,WALKING_IN_PLACE
14077,0.91,0.61,0.47,1.19,-19.18,-28.91,-99.82,105.68,WALKING_IN_PLACE
14136,0.95,0.60,0.51,1.23,-35.07,-25.20,-123.76,131.08,WALKING_IN_PLACE
14197,0.80,0.53,0.43,1.06,-13.86,-10.99,-143.78,144.86,WALKING_IN_PLACE
14258,0.65,0.51,0.31,0.88,-7.49,-9.73,-144.27,144.79,WALKING_IN_PLACE
14317,0.79,0.45,0.39,0.99,-28.56,0.21,-57.19,63.93,WALKING_IN_PLACE
14377,0.71,0.45,0.24,0.87,22.54,4.06,35.21,42.00,WALKING_IN_PLACE
14436,0.53,0.49,0.26,0.76,3.36,-22.19,30.31,37.71,WALKING_IN_PLACE
14496,0.57,0.37,0.33,0.75,-44.24,-37.10,51.52,77.38,WALKING_IN_PLACE
14556,0.75,0.34,0.39,0.91,-37.73,-27.93,113.12,122.47,WALKING_IN_PLACE
14616,1.09,0.41,0.44,1.24,2.87,-4.76,170.94,171.03,WALKING_IN_PLACE
14676,1.21,0.59,0.43,1.41,60.06,1.96,173.32,183.44,WALKING_IN_PLACE
14735,0.93,0.75,0.44,1.27,-7.21,-17.01,96.88,98.63,WALKING_IN_PLACE
14795,0.85,0.52,0.51,1.12,-57.68,-17.50,34.23,69.32,WALKING_IN_PLACE
14854,0.78,0.40,0.49,1.01,12.95,6.02,34.58,37.41,WALKING_IN_PLACE
14914,0.82,0.47,0.50,1.07,74.55,21.35,40.95,87.70,WALKING_IN_PLACE
14973,0.74,0.59,0.51,1.07,56.63,9.73,16.87,59.89,WALKING_IN_PLACE
15033,0.57,0.55,0.50,0.94,-27.16,-12.04,-33.04,44.43,WALKING_IN_PLACE
15093,0.70,0.40,0.56,0.98,-23.10,-1.33,-47.88,53.18,WALKING_IN_PLACE
15152,0.77,0.50,0.50,1.05,38.43,14.56,-52.64,66.78,WALKING_IN_PLACE
15212,0.93,0.70,0.48,1.26,2.73,-8.33,-78.05,78.54,WALKING_IN_PLACE
15271,0.99,0.64,0.52,1.29,-32.62,3.92,-119.49,123.92,WALKING_IN_PLACE
15332,0.99,0.56,0.42,1.21,25.06,23.45,-133.84,138.17,WALKING_IN_PLACE
15391,0.83,0.53,0.37,1.05,64.68,24.36,-136.08,152.63,WALKING_IN_PLACE
15451,0.62,0.50,0.22,0.82,54.60,-0.28,-122.22,133.86,WALKING_IN_PLACE
15511,0.71,0.54,0.27,0.93,-44.87,-15.40,-52.15,70.50,WALKING_IN_PLACE
15570,0.67,0.33,0.29,0.80,-5.25,-8.12,25.27,27.06,WALKING_IN_PLACE
15630,0.58,0.49,0.23,0.79,-3.99,-26.74,39.41,47.79,WALKING_IN_PLACE
15689,0.57,0.41,0.31,0.77,-62.16,-49.91,63.28,101.78,WALKING_IN_PLACE
15749,0.78,0.44,0.39,0.98,-72.59,-45.92,125.02,151.68,WALKING_IN_PLACE
15808,1.14,0.39,0.45,1.28,-25.34,-26.25,178.01,181.71,WALKING_IN_PLACE
15868,1.19,0.60,0.38,1.39,62.72,-17.43,170.45,182.46,WALKING_IN_PLACE
15928,0.91,0.67,0.40,1.20,3.71,-27.65,78.26,83.08,WALKING_IN_PLACE
15987,0.80,0.41,0.49,1.03,-20.72,-12.95,32.41,40.59,WALKING_IN_PLACE
16047,0.76,0.43,0.49,1.00,50.19,11.13,44.59,68.05,WALKING_IN_PLACE
16106,0.89,0.56,0.53,1.18,50.68,13.79,35.35,63.31,WALKING_IN_PLACE
16166,0.76,0.59,0.53,1.10,1.82,7.49,-11.34,13.71,WALKING_IN_PLACE
16225,0.70,0.47,0.47,0.97,-20.16,6.02,-47.11,51.59,WALKING_IN_PLACE
16285,0.83,0.55,0.54,1.13,7.56,9.45,-60.76,61.95,WALKING_IN_PLACE
16345,0.91,0.65,0.43,1.20,-32.76,8.12,-106.19,111.42,WALKING_IN_PLACE
16405,1.02,0.55,0.50,1.26,-34.93,1.33,-114.38,119.60,WALKING_IN_PLACE
16465,0.88,0.55,0.44,1.13,-9.59,1.54,-132.02,132.38,WALKING_IN_PLACE
16524,0.84,0.57,0.43,1.11,-1.05,14.28,-153.23,153.90,WALKING_IN_PLACE
16584,0.76,0.46,0.36,0.95,28.42,20.65,-147.49,151.62,WALKING_IN_PLACE
16643,0.56,0.42,0.25,0.74,29.68,6.09,-108.99,113.12,WALKING_IN_PLACE
16703,0.63,0.47,0.27,0.83,0.91,-0.77,-26.11,26.14,WALKING_IN_PLACE
16762,0.53,0.34,0.18,0.66,7.14,-13.37,57.82,59.77,WALKING_IN_PLACE
16821,0.54,0.52,0.26,0.79,-3.01,-55.02,95.97,110.66,WALKING_IN_PLACE
16881,0.75,0.48,0.35,0.96,-73.01,-62.79,109.90,146.12,WALKING_IN_PLACE
16940,1.02,0.44,0.45,1.20,-56.63,-43.47,151.69,167.65,WALKING_IN_PLACE
17000,1.25,0.51,0.43,1.41,16.66,-14.77,166.53,168.01,WALKING_IN_PLACE
17059,1.07,0.71,0.47,1.37,32.62,-15.40,124.25,129.38,WALKING_IN_PLACE
17119,0.85,0.61,0.63,1.22,-24.64,-14.91,48.44,56.35,WALKING_IN_PLACE
17178,0.79,0.43,0.57,1.07,8.19,17.36,31.85,37.19,WALKING_IN_PLACE
17238,0.75,0.47,0.46,1.00,58.52,46.34,25.48,78.87,WALKING_IN_PLACE
17298,0.77,0.48,0.36,0.98,69.86,32.62,-0.56,77.10,WALKING_IN_PLACE
17357,0.77,0.50,0.50,1.04,30.94,15.33,-22.40,41.16,WALKING_IN_PLACE
17417,0.60,0.47,0.42,0.87,4.06,3.36,-37.17,37.54,WALKING_IN_PLACE
17476,0.63,0.46,0.48,0.91,-0.14,-3.01,-45.08,45.18,WALKING_IN_PLACE
17536,0.76,0.62,0.50,1.10,11.55,-9.24,-57.68,59.55,WALKING_IN_PLACE
17595,1.01,0.72,0.62,1.38,-26.95,-17.15,-81.41,87.45,WALKING_IN_PLACE
17656,1.03,0.66,0.57,1.35,-1.12,4.13,-125.37,125.44,WALKING_IN_PLACE
17716,0.91,0.66,0.47,1.22,27.44,21.35,-160.44,164.16,WALKING_IN_PLACE
17775,0.70,0.53,0.39,0.96,30.17,18.62,-155.61,159.60,WALKING_IN_PLACE
17835,0.51,0.46,0.27,0.74,31.57,0.00,-119.70,123.79,WALKING_IN_PLACE
17894,0.41,0.42,0.25,0.64,-9.03,-21.49,-53.97,58.79,WALKING_IN_PLACE
17954,0.52,0.46,0.27,0.74,-20.93,-22.54,24.08,39.06,WALKING_IN_PLACE
18013,0.56,0.49,0.28,0.79,1.05,-19.46,73.57,76.11,WALKING_IN_PLACE
18073,0.62,0.55,0.32,0.89,-17.22,-31.29,102.20,108.26,WALKING_IN_PLACE
18133,0.80,0.64,0.37,1.08,-29.33,-29.19,114.73,121.96,WALKING_IN_PLACE
18192,0.95,0.69,0.42,1.25,-15.89,-24.92,130.20,133.51,WALKING_IN_PLACE
18252,0.99,0.67,0.40,1.26,15.40,-9.31,122.85,124.16,WALKING_IN_PLACE
18311,0.89,0.66,0.42,1.19,45.71,1.40,112.91,121.82,WALKING_IN_PLACE
18371,0.62,0.61,0.43,0.98,21.28,1.19,86.94,89.51,WALKING_IN_PLACE
18430,0.80,0.57,0.60,1.15,-24.43,-8.68,74.76,79.13,WALKING_IN_PLACE
18490,0.90,0.54,0.66,1.24,5.67,16.52,53.48,56.26,WALKING_IN_PLACE
18550,0.76,0.54,0.53,1.08,40.39,28.63,6.58,49.94,WALKING_IN_PLACE
18609,0.71,0.54,0.46,1.00,29.26,19.53,-31.64,47.31,WALKING_IN_PLACE
18669,0.70,0.53,0.46,0.99,1.47,-1.26,-48.51,48.55,WALKING_IN_PLACE
18728,0.73,0.55,0.45,1.02,-15.26,-11.48,-65.59,68.31,WALKING_IN_PLACE
18788,0.85,0.63,0.49,1.17,-14.56,-16.03,-87.50,90.14,WALKING_IN_PLACE
18847,0.93,0.67,0.49,1.25,9.59,-0.49,-111.93,112.34,WALKING_IN_PLACE
18907,0.93,0.70,0.42,1.24,19.53,9.10,-143.15,144.76,WALKING_IN_PLACE
18967,0.92,0.61,0.37,1.16,-3.01,9.87,-140.35,140.73,WALKING_IN_PLACE
19026,0.77,0.56,0.32,1.00,-2.94,6.09,-102.62,102.84,WALKING_IN_PLACE
19086,0.62,0.46,0.26,0.81,5.04,4.34,-64.68,65.02,WALKING_IN_PLACE
19145,0.45,0.40,0.23,0.65,1.19,-9.24,-20.65,22.65,WALKING_IN_PLACE
19206,0.49,0.39,0.25,0.67,-10.08,-15.12,30.31,35.34,WALKING_IN_PLACE
19265,0.59,0.50,0.27,0.82,-14.42,-17.85,77.07,80.41,WALKING_IN_PLACE
19325,0.77,0.58,0.34,1.02,-21.91,-18.48,102.83,106.75,WALKING_IN_PLACE
19385,0.93,0.55,0.36,1.14,-1.26,-16.59,135.52,136.54,WALKING_IN_PLACE
19444,0.96,0.60,0.40,1.19,17.29,-19.25,151.76,153.95,WALKING_IN_PLACE
19504,0.90,0.66,0.47,1.22,-31.43,-24.01,119.35,125.73,WALKING_IN_PLACE
19563,0.92,0.52,0.55,1.19,-33.04,-7.42,75.95,83.16,WALKING_IN_PLACE
19623,0.88,0.47,0.49,1.11,44.03,20.93,58.38,76.06,WALKING_IN_PLACE
19682,0.88,0.49,0.42,1.09,80.22,25.62,34.09,90.85,WALKING_IN_PLACE
19742,0.81,0.57,0.54,1.13,58.59,17.99,8.33,61.85,WALKING_IN_PLACE
19802,0.56,0.56,0.45,0.91,7.21,-1.40,-16.80,18.34,WALKING_IN_PLACE
19861,0.61,0.50,0.52,0.95,-33.11,-11.90,-34.51,49.28,WALKING_IN_PLACE
19921,0.81,0.56,0.55,1.13,8.89,-3.08,-53.55,54.37,WALKING_IN_PLACE
19980,0.87,0.65,0.46,1.18,14.35,-9.38,-83.72,85.46,WALKING_IN_PLACE
20040,0.96,0.69,0.51,1.29,-33.67,-18.48,-118.65,124.71,WALKING_IN_PLACE
20100,0.87,0.62,0.42,1.15,-7.98,1.47,-147.70,147.92,WALKING_IN_PLACE
20160,0.76,0.57,0.33,1.01,10.01,16.80,-158.83,160.03,WALKING_IN_PLACE
20220,0.77,0.58,0.33,1.02,7.42,14.70,-101.22,102.55,WALKING_IN_PLACE
20280,0.72,0.50,0.24,0.91,13.72,15.61,-30.59,36.98,WALKING_IN_PLACE
20340,0.48,0.47,0.21,0.70,9.45,-10.01,-2.80,14.05,WALKING_IN_PLACE
20399,0.42,0.40,0.29,0.65,-37.59,-36.19,26.74,58.63,WALKING_IN_PLACE
20459,0.57,0.37,0.39,0.78,-46.83,-25.13,82.95,98.52,WALKING_IN_PLACE
20518,0.85,0.44,0.41,1.04,-11.48,-6.93,146.23,146.84,WALKING_IN_PLACE
20578,1.11,0.54,0.41,1.30,37.38,1.33,181.16,184.98,WALKING_IN_PLACE
20637,1.00,0.73,0.46,1.32,18.90,-14.56,148.26,150.17,WALKING_IN_PLACE
20697,0.89,0.67,0.56,1.24,-82.53,-27.44,77.07,116.21,WALKING_IN_PLACE
20758,0.91,0.42,0.54,1.14,-17.99,5.67,55.93,59.03,WALKING_IN_PLACE
20817,0.93,0.50,0.52,1.18,77.56,40.81,54.04,102.96,WALKING_IN_PLACE
20877,0.74,0.53,0.36,0.98,108.99,48.51,6.65,119.48,WALKING_IN_PLACE
20936,0.78,0.55,0.34,1.01,46.69,1.75,-31.08,56.12,WALKING_IN_PLACE
20996,0.65,0.43,0.42,0.89,10.43,-23.80,-31.50,40.83,WALKING_IN_PLACE
21055,0.56,0.47,0.51,0.89,-6.09,-32.97,-25.62,42.20,WALKING_IN_PLACE
21115,0.67,0.45,0.57,0.99,-25.55,-32.06,-31.50,51.70,WALKING_IN_PLACE
21175,0.72,0.52,0.53,1.04,-19.32,-31.15,-40.39,54.54,WALKING_IN_PLACE
21234,0.91,0.60,0.55,1.22,-58.10,-36.40,-50.40,85.09,WALKING_IN_PLACE
21294,0.90,0.57,0.51,1.18,-41.30,-3.85,-80.57,90.62,WALKING_IN_PLACE
21353,0.85,0.58,0.41,1.11,3.78,16.10,-107.17,108.44,WALKING_IN_PLACE
21413,0.85,0.57,0.35,1.08,16.66,30.03,-115.22,120.23,WALKING_IN_PLACE
21472,0.90,0.60,0.31,1.12,4.69,19.18,-85.54,87.79,WALKING_IN_PLACE
21532,0.86,0.49,0.27,1.03,11.13,25.83,-39.97,48.87,WALKING_IN_PLACE
21592,0.61,0.50,0.22,0.82,36.61,5.11,-19.11,41.61,WALKING_IN_PLACE
21651,0.53,0.45,0.29,0.76,-17.85,-23.94,-8.26,30.98,WALKING_IN_PLACE
21711,0.58,0.33,0.32,0.74,-34.30,-21.49,37.80,55.38,WALKING_IN_PLACE
21770,0.72,0.36,0.38,0.89,-18.27,-16.87,106.12,108.99,WALKING_IN_PLACE
21831,1.02,0.44,0.40,1.18,0.98,-12.88,159.67,160.19,WALKING_IN_PLACE
21890,1.08,0.64,0.48,1.34,-1.40,-28.70,154.14,156.80,WALKING_IN_PLACE
21950,0.92,0.65,0.55,1.26,-79.87,-39.27,87.01,124.47,WALKING_IN_PLACE
22010,0.80,0.42,0.57,1.07,-58.17,-16.66,51.73,79.61,WALKING_IN_PLACE
22069,0.76,0.42,0.50,1.00,28.84,11.90,56.28,64.35,WALKING_IN_PLACE
22129,0.97,0.49,0.54,1.22,76.23,28.70,49.49,95.31,WALKING_IN_PLACE
22188,0.68,0.56,0.51,1.02,70.00,24.78,5.60,74.47,WALKING_IN_PLACE
22248,0.56,0.50,0.48,0.89,-5.46,4.90,-51.94,52.46,WALKING_IN_PLACE
22308,0.71,0.38,0.57,0.99,3.78,4.97,-52.01,52.38,WALKING_IN_PLACE
22368,0.73,0.50,0.51,1.02,37.38,-0.91,-56.49,67.74,WALKING_IN_PLACE
22428,0.93,0.62,0.60,1.27,-44.10,-26.53,-71.47,88.07,WALKING_IN_PLACE
22487,0.89,0.53,0.53,1.16,-15.26,7.14,-98.98,100.40,WALKING_IN_PLACE
22547,0.82,0.57,0.39,1.07,39.97,18.62,-131.39,138.59,WALKING_IN_PLACE
22606,0.71,0.50,0.29,0.92,31.92,7.63,-138.04,141.89,WALKING_IN_PLACE
22666,0.78,0.55,0.35,1.02,-11.20,-4.97,-74.06,75.07,WALKING_IN_PLACE
22725,0.72,0.45,0.20,0.87,10.50,-0.14,-1.33,10.58,WALKING_IN_PLACE
22785,0.51,0.55,0.23,0.78,13.23,-33.95,26.46,45.03,WALKING_IN_PLACE
22845,0.59,0.53,0.38,0.88,-62.72,-58.17,29.75,90.57,WALKING_IN_PLACE
22904,0.80,0.40,0.40,0.98,-80.71,-35.35,53.20,102.93,WALKING_IN_PLACE
22964,0.99,0.36,0.48,1.16,-23.10,-5.32,87.64,90.79,WALKING_IN_PLACE
23023,1.11,0.46,0.40,1.26,40.88,14.35,101.08,109.97,WALKING_IN_PLACE
23084,0.93,0.62,0.46,1.21,38.36,-5.95,87.71,95.92,WALKING_IN_PLACE
23143,0.63,0.56,0.52,0.99,-44.59,-15.05,30.66,56.17,WALKING_IN_PLACE
23203,0.70,0.34,0.47,0.91,-38.57,3.36,25.97,46.62,WALKING_IN_PLACE
23262,0.90,0.38,0.47,1.08,57.33,31.43,69.16,95.17,WALKING_IN_PLACE
23322,0.95,0.55,0.49,1.20,99.68,32.13,65.87,123.72,WALKING_IN_PLACE
23382,0.61,0.61,0.44,0.97,33.04,5.04,16.87,37.44,WALKING_IN_PLACE
23441,0.59,0.51,0.58,0.97,-53.97,-17.29,-12.67,58.07,WALKING_IN_PLACE
23501,0.67,0.43,0.58,0.98,-19.95,-9.52,-15.47,26.98,WALKING_IN_PLACE
23560,0.69,0.52,0.57,1.04,0.35,-3.22,-33.60,33.76,WALKING_IN_PLACE
23620,0.89,0.54,0.60,1.20,-37.59,-13.86,-43.54,59.17,WALKING_IN_PLACE
23679,0.96,0.58,0.53,1.24,10.15,13.44,-70.98,72.95,WALKING_IN_PLACE
23739,0.88,0.56,0.41,1.12,43.40,17.64,-113.75,123.02,WALKING_IN_PLACE
23799,0.78,0.55,0.39,1.03,41.58,12.11,-133.70,140.54,WALKING_IN_PLACE
23859,0.65,0.49,0.26,0.86,10.78,-10.15,-137.20,138.00,WALKING_IN_PLACE
23919,0.95,0.43,0.43,1.12,-32.48,-7.84,-61.39,69.89,WALKING_IN_PLACE
23978,0.74,0.36,0.24,0.86,31.50,-4.06,19.04,37.03,WALKING_IN_PLACE
24038,0.58,0.52,0.33,0.84,4.62,-39.97,34.44,52.96,WALKING_IN_PLACE
24097,0.65,0.40,0.44,0.88,-69.23,-46.76,44.59,94.70,WALKING_IN_PLACE
24157,0.78,0.31,0.44,0.95,-45.22,-20.65,97.23,109.20,WALKING_IN_PLACE
24217,1.04,0.38,0.47,1.21,28.91,1.61,159.32,161.93,WALKING_IN_PLACE
24276,0.99,0.65,0.49,1.28,54.39,-3.71,152.46,161.91,WALKING_IN_PLACE
24336,0.80,0.67,0.58,1.19,-63.35,-15.68,66.78,93.37,WALKING_IN_PLACE
24395,0.95,0.41,0.58,1.18,-46.62,1.68,27.37,54.09,WALKING_IN_PLACE
24455,0.88,0.41,0.45,1.07,70.77,28.14,21.84,79.23,WALKING_IN_PLACE
24514,0.72,0.52,0.54,1.04,76.37,28.49,-2.52,81.55,WALKING_IN_PLACE
24574,0.60,0.45,0.44,0.87,20.51,18.20,-20.58,34.28,WALKING_IN_PLACE
24635,0.59,0.42,0.52,0.89,13.30,-2.38,-18.20,22.67,WALKING_IN_PLACE
24694,0.59,0.49,0.55,0.94,4.13,-17.99,-22.26,28.92,WALKING_IN_PLACE
24754,0.75,0.51,0.57,1.07,-38.71,-28.63,-35.98,60.11,WALKING_IN_PLACE
24813,0.94,0.51,0.61,1.23,-38.36,-11.83,-31.92,51.29,WALKING_IN_PLACE
24873,0.95,0.56,0.44,1.19,28.14,20.09,-64.61,73.28,WALKING_IN_PLACE
24932,0.89,0.61,0.41,1.16,42.98,11.41,-109.90,118.56,WALKING_IN_PLACE
24992,0.85,0.55,0.33,1.06,21.21,3.64,-131.25,133.00,WALKING_IN_PLACE
25052,0.73,0.45,0.26,0.90,1.26,-8.05,-116.41,116.69,WALKING_IN_PLACE
25111,0.80,0.40,0.32,0.95,-16.73,-10.64,-46.48,50.53,WALKING_IN_PLACE
25171,0.72,0.40,0.25,0.86,21.00,-14.35,21.14,33.07,WALKING_IN_PLACE
25230,0.63,0.50,0.29,0.85,-6.65,-42.07,44.45,61.56,WALKING_IN_PLACE
25290,0.72,0.42,0.40,0.93,-63.49,-49.63,60.34,100.67,WALKING_IN_PLACE
25349,0.89,0.38,0.47,1.07,-54.04,-31.01,95.62,114.13,WALKING_IN_PLACE
25409,1.12,0.39,0.47,1.28,9.24,4.97,127.33,127.76,WALKING_IN_PLACE
25469,1.08,0.54,0.39,1.27,69.72,16.80,126.28,145.22,WALKING_IN_PLACE
25528,0.88,0.66,0.49,1.20,10.99,6.72,72.87,74.00,WALKING_IN_PLACE
25588,0.76,0.46,0.49,1.01,-24.01,14.63,28.49,40.03,WALKING_IN_PLACE
25647,0.70,0.38,0.38,0.88,30.17,29.61,21.42,47.39,WALKING_IN_PLACE
25707,0.92,0.47,0.49,1.14,63.70,24.29,34.09,76.22,WALKING_IN_PLACE
25766,0.62,0.53,0.46,0.93,46.76,10.64,17.08,50.91,WALKING_IN_PLACE
25826,0.54,0.53,0.56,0.94,-33.88,-10.71,-17.64,39.67,WALKING_IN_PLACE
25886,0.71,0.41,0.63,1.03,-18.76,-1.82,-29.05,34.63,WALKING_IN_PLACE
25945,0.73,0.50,0.61,1.08,24.78,6.23,-39.90,47.38,WALKING_IN_PLACE
26005,0.83,0.57,0.57,1.15,-31.08,-16.17,-62.09,71.29,WALKING_IN_PLACE
26064,0.93,0.50,0.61,1.22,-30.45,1.12,-75.88,81.77,WALKING_IN_PLACE
26124,0.84,0.55,0.42,1.09,14.49,6.72,-93.45,94.81,WALKING_IN_PLACE
26183,0.82,0.59,0.39,1.09,22.26,4.13,-106.68,109.06,WALKING_IN_PLACE
26243,0.73,0.54,0.31,0.95,18.90,-1.12,-119.56,121.05,WALKING_IN_PLACE
26303,0.69,0.48,0.27,0.88,-5.95,-20.30,-103.53,105.67,WALKING_IN_PLACE
26362,0.87,0.45,0.42,1.07,-31.78,-20.23,-29.19,47.66,WALKING_IN_PLACE
26422,0.77,0.42,0.35,0.94,16.17,-18.48,15.40,28.99,WALKING_IN_PLACE
26481,0.60,0.51,0.37,0.87,-13.58,-33.88,13.72,38.99,WALKING_IN_PLACE
26541,0.67,0.35,0.43,0.87,-41.44,-26.18,35.07,60.27,WALKING_IN_PLACE
26600,0.77,0.34,0.42,0.94,-4.62,-8.68,100.31,100.79,WALKING_IN_PLACE
26660,0.97,0.42,0.40,1.13,37.03,6.30,151.20,155.80,WALKING_IN_PLACE
26720,1.03,0.60,0.40,1.26,48.02,-4.69,156.10,163.39,WALKING_IN_PLACE
26779,0.84,0.67,0.49,1.18,-42.21,-23.73,90.51,102.65,WALKING_IN_PLACE
26839,0.91,0.48,0.57,1.18,-59.08,-14.35,45.50,75.94,WALKING_IN_PLACE
26898,0.83,0.39,0.51,1.05,37.59,18.90,38.99,57.36,WALKING_IN_PLACE
26959,0.80,0.52,0.51,1.08,83.79,23.87,26.74,91.13,WALKING_IN_PLACE
27018,0.62,0.54,0.48,0.95,34.65,12.74,-8.33,37.85,WALKING_IN_PLACE
27078,0.58,0.52,0.53,0.94,-8.33,-5.25,-24.99,26.86,WALKING_IN_PLACE
27137,0.71,0.50,0.59,1.05,-6.44,-6.86,-36.54,37.73,WALKING_IN_PLACE
27197,0.78,0.54,0.55,1.10,-11.55,-6.09,-58.87,60.30,WALKING_IN_PLACE
27258,0.96,0.58,0.55,1.25,-31.92,-16.17,-76.86,84.78,WALKING_IN_PLACE
27317,1.00,0.56,0.51,1.25,-13.37,2.03,-97.16,98.10,WALKING_IN_PLACE
27377,0.80,0.53,0.40,1.04,22.89,7.21,-130.48,132.67,WALKING_IN_PLACE
27436,0.77,0.54,0.34,1.00,0.42,-2.73,-131.18,131.21,WALKING_IN_PLACE
27496,0.81,0.50,0.36,1.02,-4.83,-3.50,-93.73,93.92,WALKING_IN_PLACE
27555,0.75,0.47,0.33,0.94,5.39,-2.73,-52.85,53.19,WALKING_IN_PLACE
27615,0.61,0.43,0.28,0.79,6.16,-10.57,-19.88,23.34,WALKING_IN_PLACE
27675,0.54,0.39,0.30,0.73,-7.91,-21.00,18.13,28.85,WALKING_IN_PLACE
27735,0.63,0.43,0.34,0.83,-19.74,-26.81,59.92,68.55,WALKING_IN_PLACE
27795,0.81,0.49,0.39,1.03,-12.74,-19.95,100.03,102.79,WALKING_IN_PLACE
27854,0.92,0.53,0.38,1.13,0.56,-15.68,119.35,120.38,WALKING_IN_PLACE
27914,0.99,0.55,0.42,1.21,-4.34,-13.30,118.02,118.85,WALKING_IN_PLACE
27973,0.92,0.57,0.45,1.18,-2.94,-11.55,99.19,99.90,WALKING_IN_PLACE
28033,0.82,0.52,0.47,1.08,-3.85,-5.32,65.31,65.64,WALKING_IN_PLACE
28093,0.82,0.48,0.45,1.05,24.64,6.23,49.84,55.95,WALKING_IN_PLACE
28152,0.94,0.55,0.55,1.22,38.36,8.33,47.46,61.59,WALKING_IN_PLACE
28212,0.63,0.57,0.50,0.99,24.22,5.60,8.68,26.33,WALKING_IN_PLACE
28271,0.64,0.51,0.58,1.00,-19.95,-1.54,-22.47,30.09,WALKING_IN_PLACE
28331,0.74,0.49,0.61,1.08,3.92,6.09,-32.69,33.48,WALKING_IN_PLACE
28390,0.73,0.56,0.52,1.06,-13.65,2.45,-60.13,61.71,WALKING_IN_PLACE
28449,0.92,0.55,0.56,1.21,-46.27,-13.44,-75.95,89.94,WALKING_IN_PLACE
28509,1.01,0.55,0.52,1.27,-8.54,17.01,-91.56,93.52,WALKING_IN_PLACE
28568,0.87,0.54,0.39,1.10,30.94,24.01,-121.87,128.01,WALKING_IN_PLACE
28628,0.79,0.55,0.31,1.01,23.45,11.34,-140.35,142.75,WALKING_IN_PLACE
28687,0.70,0.50,0.29,0.91,1.89,-4.90,-119.21,119.33,WALKING_IN_PLACE
28747,0.68,0.49,0.31,0.90,-13.79,-11.20,-69.65,71.88,WALKING_IN_PLACE
28806,0.59,0.43,0.28,0.78,2.59,-9.45,-19.46,21.79,WALKING_IN_PLACE
28866,0.50,0.46,0.28,0.74,8.47,-20.44,19.88,29.74,WALKING_IN_PLACE
28926,0.56,0.49,0.33,0.81,-15.05,-31.85,49.56,60.80,WALKING_IN_PLACE
28985,0.73,0.49,0.38,0.96,-21.56,-30.38,84.84,92.66,WALKING_IN_PLACE
29045,0.84,0.51,0.39,1.06,-10.92,-22.68,113.12,115.89,WALKING_IN_PLACE
29104,1.01,0.52,0.44,1.22,-5.11,-16.38,128.45,129.59,WALKING_IN_PLACE
29164,1.06,0.57,0.45,1.29,14.14,-14.84,125.86,127.52,WALKING_IN_PLACE
29223,0.79,0.61,0.45,1.09,-9.52,-19.11,72.31,75.40,WALKING_IN_PLACE
29284,0.85,0.48,0.53,1.11,-30.66,-11.06,34.72,47.62,WALKING_IN_PLACE
29344,0.92,0.37,0.50,1.11,41.02,21.91,37.66,59.84,WALKING_IN_PLACE
29403,0.87,0.49,0.49,1.11,86.10,31.71,25.20,95.15,WALKING_IN_PLACE
29463,0.66,0.53,0.45,0.96,40.39,19.74,-1.96,45.00,WALKING_IN_PLACE
29522,0.66,0.50,0.56,1.00,-13.72,0.21,-14.70,20.11,WALKING_IN_PLACE
29583,0.75,0.46,0.64,1.09,-4.27,9.52,-24.22,26.37,WALKING_IN_PLACE
29642,0.69,0.53,0.53,1.02,11.20,8.82,-43.75,46.01,WALKING_IN_PLACE
29702,0.77,0.57,0.51,1.09,-37.87,-9.45,-63.49,74.53,WALKING_IN_PLACE
29761,0.82,0.59,0.46,1.11,-24.64,-2.80,-79.38,83.16,WALKING_IN_PLACE
29821,0.93,0.64,0.47,1.23,1.47,9.59,-97.09,97.57,WALKING_IN_PLACE
29881,0.69,0.54,0.31,0.93,32.41,18.97,-137.55,142.58,WALKING_IN_PLACE
29940,0.83,0.58,0.32,1.07,-5.88,0.00,-99.68,99.85,WALKING_IN_PLACE
30000,0.83,0.43,0.35,1.00,21.42,9.03,-38.43,44.91,WALKING_IN_PLACE
30059,0.62,0.48,0.27,0.83,38.36,-10.01,-13.23,41.79,WALKING_IN_PLACE
30119,0.49,0.41,0.31,0.71,-11.34,-35.63,1.61,37.43,WALKING_IN_PLACE
30178,0.58,0.36,0.33,0.76,-25.20,-42.21,49.56,69.81,WALKING_IN_PLACE
30238,0.76,0.41,0.39,0.95,-6.72,-30.10,104.30,108.76,WALKING_IN_PLACE
30298,0.98,0.54,0.35,1.18,22.05,-11.97,135.59,137.89,WALKING_IN_PLACE
30357,1.11,0.59,0.40,1.32,31.36,-4.62,139.16,142.72,WALKING_IN_PLACE
30417,1.18,0.55,0.38,1.35,33.18,6.37,124.18,128.69,WALKING_IN_PLACE
30476,1.04,0.48,0.32,1.19,67.83,23.80,113.89,134.68,WALKING_IN_PLACE
30536,0.86,0.53,0.27,1.05,57.82,19.18,92.61,110.85,WALKING_IN_PLACE
30595,0.99,0.39,0.33,1.11,40.95,23.10,72.38,86.31,WALKING_IN_PLACE
30655,0.93,0.39,0.36,1.07,102.13,34.72,52.92,120.15,WALKING_IN_PLACE
30715,0.73,0.39,0.37,0.91,70.21,23.03,23.31,77.48,WALKING_IN_PLACE
30774,0.67,0.32,0.43,0.86,15.26,-0.14,6.51,16.59,WALKING_IN_PLACE
30835,0.74,0.29,0.53,0.96,-2.31,-21.98,-6.51,23.04,WALKING_IN_PLACE
30894,0.81,0.27,0.55,1.01,-7.84,-20.02,-24.57,32.65,WALKING_IN_PLACE
30954,0.89,0.22,0.50,1.04,0.98,-10.22,-44.03,45.21,WALKING_IN_PLACE
31013,0.94,0.22,0.47,1.07,15.96,2.94,-51.17,53.68,WALKING_IN_PLACE
31073,0.95,0.19,0.41,1.05,22.54,12.04,-51.24,57.26,WALKING_IN_PLACE
31133,0.91,0.18,0.35,0.99,20.72,11.13,-40.88,47.16,WALKING_IN_PLACE
31192,0.87,0.18,0.34,0.95,10.64,1.19,-21.77,24.26,WALKING_IN_PLACE
31252,0.87,0.21,0.34,0.96,2.10,-8.40,-0.63,8.68,WALKING_IN_PLACE
31311,0.88,0.29,0.37,1.00,-3.71,-13.02,14.28,19.68,WALKING_IN_PLACE
31371,0.87,0.33,0.39,1.01,-8.82,-14.63,18.41,25.11,WALKING_IN_PLACE
31430,0.87,0.35,0.40,1.02,-8.82,-10.99,15.47,20.93,WALKING_IN_PLACE
31490,0.89,0.33,0.38,1.02,-1.54,-3.22,11.27,11.82,WALKING_IN_PLACE
31550,0.87,0.33,0.35,0.99,-2.45,-1.19,6.65,7.19,WALKING_IN_PLACE
31610,0.85,0.31,0.33,0.96,-7.35,-10.50,1.82,12.95,WALKING_IN_PLACE
31670,0.87,0.32,0.35,0.98,-11.06,-15.89,1.05,19.39,WALKING_IN_PLACE
31729,0.90,0.32,0.37,1.02,-13.23,-15.12,-1.40,20.14,WALKING_IN_PLACE
31789,0.93,0.32,0.38,1.05,-12.18,-11.13,-7.35,18.06,WALKING_IN_PLACE
Recording stopped
