
Recording started
time,accelX,accelY,accelZ,accelMagnitude,gyroX,gyroY,gyroZ,gyroMagnitude,activity
0,0.795,-0.545,-0.226,0.990,-2.5,4.8,1.1,5.52,WALKING
50,0.797,-0.542,-0.223,0.989,-1.6,0.0,1.3,2.06,WALKING
100,0.800,-0.538,-0.228,0.991,0.9,-3.0,0.3,3.15,WALKING
150,0.795,-0.533,-0.231,0.985,2.2,-4.6,-0.5,5.12,WALKING
200,0.791,-0.535,-0.231,0.982,1.0,-3.6,-2.4,4.44,WALKING
250,0.791,-0.551,-0.233,0.992,-2.2,0.3,-6.0,6.40,WALKING
300,0.798,-0.560,-0.243,1.005,-1.8,3.0,0.9,3.61,WALKING
350,0.789,-0.548,-0.239,0.990,-1.5,-1.1,-2.8,3.36,WALKING
400,0.786,-0.545,-0.232,0.984,1.1,-0.9,-3.8,4.06,WALKING
450,0.791,-0.552,-0.228,0.991,0.9,-2.5,4.7,5.40,WALKING
500,0.784,-0.540,-0.228,0.979,-0.4,-3.8,4.3,5.75,WALKING
550,0.778,-0.544,-0.228,0.976,3.2,-4.5,-0.2,5.53,WALKING
600,0.776,-0.533,-0.232,0.970,4.5,-2.1,0.2,4.97,WALKING
650,0.772,-0.527,-0.237,0.964,6.0,-2.8,1.0,6.70,WALKING
700,0.774,-0.532,-0.237,0.969,9.4,-1.2,5.2,10.81,WALKING
750,0.763,-0.527,-0.229,0.955,8.6,0.9,0.1,8.65,WALKING
800,0.760,-0.561,-0.230,0.972,6.8,5.8,-6.0,10.76,WALKING
850,0.759,-0.601,-0.242,0.998,8.8,3.6,-2.3,9.78,WALKING
900,0.745,-0.646,-0.252,1.018,8.1,1.7,2.2,8.56,WALKING
950,0.709,-0.669,-0.256,1.008,5.3,1.6,12.0,13.22,WALKING
1000,0.725,-0.745,-0.222,1.063,-7.5,-5.3,22.1,23.93,WALKING
1050,0.749,-0.711,-0.187,1.050,0.0,-4.0,26.3,26.60,WALKING
1100,0.709,-0.706,-0.173,1.015,7.9,-0.9,23.3,24.62,WALKING
1150,0.735,-0.725,-0.204,1.052,-16.3,13.9,25.2,33.07,WALKING
1200,0.748,-0.699,-0.227,1.049,-17.2,6.8,26.6,32.40,WALKING
1250,0.741,-0.671,-0.220,1.024,-14.8,3.9,31.2,34.75,WALKING
1300,0.714,-0.639,-0.178,0.975,-17.2,4.6,23.0,29.09,WALKING
1350,0.701,-0.645,-0.171,0.968,-17.7,0.2,14.9,23.14,WALKING
1400,0.691,-0.633,-0.206,0.959,-16.5,0.3,5.3,17.33,WALKING
1450,0.704,-0.628,-0.220,0.969,-13.8,1.7,-6.2,15.22,WALKING
1500,0.748,-0.596,-0.160,0.970,-6.7,-5.8,-11.5,14.52,WALKING
1550,0.802,-0.581,-0.174,1.006,1.8,-6.0,-23.3,24.13,WALKING
1600,0.839,-0.570,-0.185,1.031,5.2,-4.3,-39.3,39.88,WALKING
1650,0.792,-0.587,-0.215,1.009,6.7,-0.8,-47.2,47.68,WALKING
1700,0.752,-0.529,-0.269,0.958,6.9,-9.4,-47.3,48.72,WALKING
1750,0.752,-0.534,-0.293,0.968,28.6,-38.2,-46.0,66.28,WALKING
1800,0.719,-0.527,-0.234,0.922,46.1,-48.4,-35.2,75.54,WALKING
1850,0.905,-0.604,-0.217,1.109,50.1,-45.8,-26.8,72.98,WALKING
1900,0.934,-0.552,-0.203,1.104,23.7,-35.5,-18.4,46.48,WALKING
1950,0.845,-0.517,-0.214,1.013,23.2,-19.6,-7.8,31.36,WALKING
2000,0.769,-0.443,-0.218,0.914,12.3,-0.1,-12.9,17.82,WALKING
2050,0.771,-0.438,-0.259,0.924,10.5,-11.2,-14.2,20.91,WALKING
2100,0.745,-0.433,-0.284,0.907,9.8,-6.3,-14.7,18.76,WALKING
2150,0.728,-0.426,-0.305,0.897,6.5,-2.6,-13.9,15.56,WALKING
2200,0.736,-0.486,-0.285,0.927,12.8,-2.5,-20.8,24.55,WALKING
2250,0.755,-0.555,-0.267,0.974,8.3,-6.4,-14.0,17.49,WALKING
2300,0.793,-0.588,-0.293,1.030,13.3,-4.0,-5.4,14.90,WALKING
2350,0.810,-0.616,-0.294,1.059,13.0,-0.6,-4.5,13.77,WALKING
2400,0.748,-0.614,-0.282,1.008,13.7,0.9,8.0,15.89,WALKING
2450,0.762,-0.633,-0.316,1.040,6.4,7.4,11.2,14.87,WALKING
2500,0.754,-0.658,-0.298,1.044,1.5,7.3,14.7,16.48,WALKING
2550,0.785,-0.657,-0.255,1.055,-17.7,14.2,20.0,30.25,WALKING
2600,0.768,-0.657,-0.196,1.030,-23.8,16.6,45.0,53.54,WALKING
2650,0.754,-0.586,-0.180,0.972,-43.4,24.5,62.4,79.86,WALKING
2700,0.850,-0.608,-0.150,1.056,-55.7,24.5,61.7,86.66,WALKING
2750,0.916,-0.651,-0.098,1.128,-50.6,17.4,53.7,75.81,WALKING
2800,0.943,-0.671,-0.086,1.161,-49.5,20.8,51.4,74.33,WALKING
2850,0.881,-0.644,-0.088,1.095,-35.0,23.8,54.6,69.08,WALKING
2900,0.789,-0.589,-0.125,0.993,-28.6,22.9,67.7,76.98,WALKING
2950,0.740,-0.559,-0.162,0.941,-33.7,23.6,74.4,85.02,WALKING
3000,0.739,-0.527,-0.103,0.913,-25.2,19.3,62.3,69.92,WALKING
3050,0.710,-0.527,-0.224,0.912,13.9,-2.7,48.6,50.62,WALKING
3100,0.646,-0.545,-0.285,0.892,19.2,-6.7,32.4,38.25,WALKING
3150,0.615,-0.525,-0.171,0.826,10.2,0.0,-7.4,12.60,WALKING
3200,0.635,-0.516,-0.302,0.872,12.0,-7.4,-35.9,38.57,WALKING
3250,0.691,-0.568,-0.310,0.947,13.0,-16.6,-65.6,68.91,WALKING
3300,0.882,-0.658,-0.284,1.136,17.9,-26.2,-94.7,99.87,WALKING
3350,0.876,-0.774,-0.221,1.190,13.3,-24.0,-107.5,110.95,WALKING
3400,0.719,-0.768,-0.224,1.076,-8.3,-0.6,-74.2,74.67,WALKING
3450,0.708,-0.646,-0.213,0.982,1.2,-20.0,-48.3,52.29,WALKING
3500,0.775,-0.583,-0.172,0.985,51.1,-37.2,-45.1,77.65,WALKING
3550,0.851,-0.650,-0.092,1.075,68.6,-50.0,-41.1,94.31,WALKING
3600,0.802,-0.613,-0.101,1.014,52.2,-32.4,-25.2,66.41,WALKING
3650,0.779,-0.576,-0.142,0.979,6.5,-5.8,-13.0,15.65,WALKING
3700,0.802,-0.445,-0.250,0.951,-14.2,10.5,-8.5,19.60,WALKING
3750,0.804,-0.387,-0.305,0.943,1.2,2.9,-17.0,17.29,WALKING
3800,0.813,-0.427,-0.314,0.971,7.4,-2.2,-29.0,30.01,WALKING
3850,0.778,-0.476,-0.355,0.979,-2.6,-0.3,-34.0,34.10,WALKING
3900,0.727,-0.545,-0.298,0.956,-31.4,10.4,-33.1,46.79,WALKING
3950,0.723,-0.562,-0.332,0.974,-31.7,4.2,-21.8,38.70,WALKING
4000,0.740,-0.599,-0.314,1.002,-9.3,2.4,-17.5,19.96,WALKING
4050,0.773,-0.664,-0.278,1.056,-6.8,-3.9,-10.1,12.79,WALKING
4100,0.845,-0.693,-0.239,1.119,-20.7,4.2,0.2,21.12,WALKING
4150,0.935,-0.707,-0.251,1.199,-10.6,6.5,22.6,25.79,WALKING
4200,0.851,-0.680,-0.192,1.106,-9.8,13.4,44.5,47.50,WALKING
4250,0.775,-0.619,-0.168,1.006,-17.9,12.4,69.2,72.55,WALKING
4300,0.828,-0.583,-0.144,1.023,-16.9,9.8,78.5,80.89,WALKING
4350,0.873,-0.641,-0.142,1.092,-19.8,11.4,85.1,88.11,WALKING
4400,0.918,-0.617,-0.115,1.112,-26.8,20.0,89.8,95.82,WALKING
4450,0.922,-0.596,-0.119,1.104,-45.2,26.4,87.9,102.31,WALKING
4500,0.883,-0.564,-0.117,1.054,-48.3,28.2,54.8,78.30,WALKING
4550,0.810,-0.569,-0.155,1.002,-20.0,20.2,64.8,70.76,WALKING
4600,0.738,-0.660,-0.137,1.000,17.7,26.8,63.4,71.07,WALKING
4650,0.664,-0.694,-0.132,0.970,-7.2,20.7,63.4,67.08,WALKING
4700,0.601,-0.537,-0.155,0.821,-32.6,11.6,49.3,60.23,WALKING
4750,0.528,-0.601,-0.147,0.813,-7.0,7.4,18.8,21.38,WALKING
4800,0.559,-0.552,-0.207,0.812,0.8,-5.3,-8.5,10.05,WALKING
4850,0.625,-0.554,-0.223,0.864,-5.3,-6.7,-47.8,48.56,WALKING
4900,0.719,-0.605,-0.246,0.971,-8.2,-5.0,-79.3,79.88,WALKING
4950,0.870,-0.646,-0.231,1.108,22.0,-12.3,-98.5,101.67,WALKING
5000,0.991,-0.618,-0.208,1.186,49.4,-30.2,-125.3,138.03,WALKING
5050,0.806,-0.683,-0.144,1.066,60.1,-20.6,-125.7,140.84,WALKING
5100,0.758,-0.711,-0.112,1.045,13.9,-12.6,-85.4,87.44,WALKING
5150,0.890,-0.554,-0.158,1.060,15.8,-25.2,-65.5,71.94,WALKING
5200,0.976,-0.539,-0.154,1.126,86.0,-56.8,-51.1,115.04,WALKING
5250,0.864,-0.616,-0.085,1.065,99.2,-58.2,-21.5,117.00,WALKING
5300,0.753,-0.579,-0.128,0.958,61.1,-27.6,-10.2,67.82,WALKING
5350,0.696,-0.517,-0.188,0.887,29.9,-13.3,-8.7,33.86,WALKING
5400,0.726,-0.498,-0.264,0.919,29.7,-15.5,-8.8,34.64,WALKING
5450,0.748,-0.539,-0.275,0.962,24.2,-8.7,-4.6,26.12,WALKING
5500,0.783,-0.531,-0.246,0.978,14.2,-5.3,2.8,15.41,WALKING
5550,0.756,-0.540,-0.256,0.964,1.9,0.4,4.4,4.81,WALKING
5600,0.730,-0.534,-0.271,0.944,-15.2,13.3,-1.4,20.25,WALKING
5650,0.769,-0.561,-0.287,0.994,-10.2,14.4,-12.8,21.80,WALKING
5700,0.793,-0.620,-0.282,1.045,-9.4,8.6,-20.8,24.39,WALKING
5750,0.908,-0.685,-0.292,1.174,-11.6,9.5,-19.6,24.68,WALKING
5800,0.928,-0.661,-0.257,1.168,-8.6,3.5,-1.8,9.46,WALKING
5850,0.903,-0.677,-0.230,1.152,-1.2,-2.7,36.4,36.52,WALKING
5900,0.840,-0.620,-0.165,1.057,2.2,-6.5,79.7,79.99,WALKING
5950,0.825,-0.547,-0.129,0.998,-4.0,-1.8,91.7,91.80,WALKING
6000,0.850,-0.556,-0.083,1.019,-15.6,-0.5,73.5,75.14,WALKING
6050,0.844,-0.598,-0.079,1.037,-40.8,7.0,62.3,74.80,WALKING
6100,0.812,-0.622,-0.107,1.028,-43.2,9.8,55.9,71.32,WALKING
6150,0.794,-0.646,-0.216,1.046,-37.7,-2.5,65.8,75.88,WALKING
6200,0.771,-0.602,-0.145,0.989,-26.3,-3.9,71.1,75.91,WALKING
6250,0.695,-0.500,-0.133,0.866,-1.8,-4.4,70.0,70.16,WALKING
6300,0.633,-0.648,-0.160,0.920,0.4,-2.8,60.2,60.27,WALKING
6350,0.585,-0.666,-0.175,0.904,-4.6,4.4,45.0,45.45,WALKING
6400,0.543,-0.664,-0.209,0.883,0.2,2.8,26.1,26.25,WALKING
6450,0.529,-0.687,-0.254,0.904,4.5,-11.3,12.6,17.51,WALKING
6500,0.557,-0.672,-0.274,0.915,1.7,0.6,-14.9,15.01,WALKING
6550,0.659,-0.686,-0.157,0.964,6.5,3.2,-55.5,55.97,WALKING
6600,0.745,-0.615,-0.261,1.001,10.2,11.2,-93.3,94.52,WALKING
6650,0.668,-0.641,-0.276,0.966,11.8,13.6,-105.0,106.53,WALKING
6700,0.659,-0.635,-0.302,0.964,-33.3,21.3,-95.7,103.54,WALKING
6750,0.800,-0.540,-0.367,1.033,-21.5,-14.3,-83.1,87.02,WALKING
6800,0.984,-0.633,-0.282,1.204,-14.2,-64.6,-73.8,99.10,WALKING
6850,0.955,-0.512,-0.227,1.107,91.4,-78.8,-55.0,132.62,WALKING
6900,0.804,-0.690,-0.213,1.081,87.5,-58.8,-26.3,108.65,WALKING
6950,0.703,-0.513,-0.187,0.890,40.7,-38.9,-17.2,58.87,WALKING
7000,0.712,-0.446,-0.210,0.866,68.3,-33.3,-25.4,80.12,WALKING
7050,0.713,-0.570,-0.192,0.933,62.1,-25.7,-29.7,73.48,WALKING
7100,0.721,-0.520,-0.245,0.922,31.5,-8.1,-31.3,45.14,WALKING
7150,0.727,-0.537,-0.257,0.940,22.1,11.5,-34.7,42.72,WALKING
7200,0.724,-0.564,-0.286,0.961,-1.3,16.7,-30.7,34.97,WALKING
7250,0.755,-0.547,-0.318,0.985,-8.8,22.1,-31.5,39.47,WALKING
7300,0.806,-0.549,-0.338,1.032,-13.3,21.2,-31.7,40.39,WALKING
7350,0.838,-0.535,-0.377,1.063,-8.1,21.1,-28.0,35.98,WALKING
7400,1.015,-0.605,-0.390,1.244,5.8,7.2,-29.1,30.53,WALKING
7450,0.913,-0.592,-0.259,1.119,31.2,-2.6,-6.3,31.94,WALKING
7500,0.850,-0.626,-0.252,1.085,27.2,-3.9,18.4,33.07,WALKING
7550,0.794,-0.603,-0.235,1.024,6.3,0.9,43.5,43.96,WALKING
7600,0.758,-0.592,-0.192,0.981,-11.5,-1.2,62.6,63.66,WALKING
7650,0.860,-0.566,-0.158,1.042,-13.4,-7.9,69.5,71.22,WALKING
7700,0.954,-0.549,-0.137,1.109,-7.2,-20.6,68.4,71.80,WALKING
7750,0.983,-0.587,-0.125,1.152,-0.6,-23.5,67.9,71.85,WALKING
7800,0.899,-0.567,-0.101,1.068,8.0,-18.6,70.4,73.25,WALKING
7850,0.784,-0.584,-0.143,0.988,1.4,-13.0,84.4,85.41,WALKING
7900,0.714,-0.600,-0.118,0.940,-13.7,-8.6,81.1,82.70,WALKING
7950,0.678,-0.659,-0.158,0.959,-10.7,-3.0,72.9,73.74,WALKING
8000,0.613,-0.679,-0.180,0.932,-5.6,-5.6,59.4,59.93,WALKING
8050,0.559,-0.680,-0.213,0.906,4.7,-6.7,47.8,48.50,WALKING
8100,0.509,-0.670,-0.264,0.882,1.8,-5.1,39.4,39.77,WALKING
8150,0.515,-0.611,-0.263,0.841,-5.6,-10.5,9.8,15.42,WALKING
8200,0.575,-0.555,-0.225,0.830,2.7,-19.4,-25.0,31.76,WALKING
8250,0.663,-0.575,-0.274,0.919,11.2,-18.2,-64.3,67.76,WALKING
8300,0.895,-0.639,-0.291,1.138,30.7,-35.0,-113.0,122.21,WALKING
8350,0.840,-0.620,-0.219,1.067,60.5,-44.5,-132.2,152.04,WALKING
8400,0.718,-0.698,-0.237,1.029,45.4,-35.5,-119.9,133.03,WALKING
8450,0.783,-0.538,-0.167,0.965,33.0,-48.3,-95.7,112.16,WALKING
8500,1.043,-0.511,-0.099,1.166,89.3,-73.3,-106.7,157.26,WALKING
8550,0.974,-0.650,-0.045,1.172,115.9,-63.9,-91.4,160.84,WALKING
8600,0.859,-0.669,-0.083,1.092,57.4,-31.8,-53.5,84.67,WALKING
8650,0.794,-0.554,-0.133,0.977,43.4,-25.4,-36.8,62.31,WALKING
8700,0.752,-0.508,-0.197,0.929,68.1,-30.3,-26.3,79.04,WALKING
8750,0.683,-0.516,-0.228,0.886,78.6,-25.8,-28.0,87.34,WALKING
8800,0.651,-0.525,-0.252,0.873,60.1,-22.3,-25.5,68.99,WALKING
8850,0.692,-0.563,-0.290,0.938,39.2,-6.3,-32.2,51.12,WALKING
8900,0.774,-0.606,-0.327,1.036,27.6,-4.9,-30.0,41.06,WALKING
8950,0.820,-0.602,-0.333,1.070,25.5,-9.3,-25.4,37.17,WALKING
9000,0.754,-0.647,-0.298,1.037,32.9,-3.0,-12.7,35.39,WALKING
9050,0.883,-0.710,-0.300,1.172,20.8,5.3,-6.3,22.37,WALKING
9100,0.951,-0.695,-0.280,1.211,7.5,-0.2,4.1,8.55,WALKING
9150,0.780,-0.663,-0.247,1.053,-1.6,6.0,53.9,54.26,WALKING
9200,0.774,-0.608,-0.240,1.013,-26.3,8.6,88.5,92.72,WALKING
9250,0.914,-0.538,-0.255,1.091,-11.1,-16.5,78.6,81.08,WALKING
9300,0.921,-0.553,-0.156,1.086,-0.1,-29.0,58.5,65.29,WALKING
9350,0.938,-0.608,-0.137,1.126,-0.4,-23.8,56.6,61.40,WALKING
9400,0.918,-0.628,-0.140,1.121,-13.7,-11.8,83.0,84.95,WALKING
9450,0.894,-0.594,-0.138,1.082,-13.5,-7.7,87.7,89.07,WALKING
9500,0.828,-0.554,-0.143,1.006,-8.1,-11.1,85.2,86.30,WALKING
9550,0.735,-0.581,-0.190,0.956,11.5,-17.5,77.2,79.99,WALKING
9600,0.586,-0.587,-0.223,0.859,14.3,-11.6,59.4,62.19,WALKING
9650,0.474,-0.505,-0.257,0.739,-6.4,-6.3,27.0,28.45,WALKING
9700,0.429,-0.486,-0.280,0.706,0.1,-18.4,-14.4,23.37,WALKING
9750,0.525,-0.527,-0.272,0.792,5.2,-17.0,-71.4,73.58,WALKING
9800,0.713,-0.621,-0.289,0.989,23.4,-20.0,-104.2,108.65,WALKING
9850,0.853,-0.671,-0.233,1.110,31.9,-30.1,-120.1,127.86,WALKING
9900,0.991,-0.691,-0.204,1.225,41.0,-23.5,-137.2,145.11,WALKING
9950,0.863,-0.710,-0.175,1.131,45.2,-18.8,-123.2,132.57,WALKING
10000,0.788,-0.706,-0.165,1.071,11.5,-11.9,-92.7,94.17,WALKING
10050,0.778,-0.574,-0.176,0.983,27.4,-25.6,-66.2,76.08,WALKING
10100,0.889,-0.596,-0.157,1.082,80.1,-42.2,-47.7,102.33,WALKING
10150,0.908,-0.574,-0.112,1.080,91.9,-49.2,-32.9,109.31,WALKING
10200,0.808,-0.503,-0.155,0.964,100.5,-39.8,-21.6,110.23,WALKING
10250,0.738,-0.486,-0.162,0.898,53.2,-25.1,-29.7,65.90,WALKING
10300,0.772,-0.439,-0.222,0.915,40.1,-21.9,-32.9,56.30,WALKING
10350,0.820,-0.426,-0.192,0.944,23.1,-5.2,-36.7,43.68,WALKING
10400,0.781,-0.524,-0.277,0.980,15.4,-0.3,-30.5,34.17,WALKING
10450,0.774,-0.564,-0.295,1.002,5.3,-2.6,-19.1,19.99,WALKING
10500,0.794,-0.575,-0.314,1.029,-12.1,1.4,-10.3,15.95,WALKING
10550,0.827,-0.637,-0.312,1.090,-24.5,3.4,14.2,28.52,WALKING
10600,0.821,-0.648,-0.295,1.087,-14.1,1.5,16.9,22.06,WALKING
10650,0.973,-0.684,-0.308,1.229,-16.8,9.5,27.1,33.27,WALKING
10700,0.916,-0.637,-0.250,1.143,0.5,6.8,53.6,54.03,WALKING
10750,0.798,-0.600,-0.175,1.014,1.9,-3.1,76.8,76.89,WALKING
10800,0.785,-0.562,-0.170,0.980,-6.8,5.5,94.4,94.80,WALKING
10850,0.833,-0.576,-0.083,1.016,-23.4,16.1,101.7,105.59,WALKING
10900,1.001,-0.591,-0.047,1.163,-30.8,11.7,85.5,91.63,WALKING
10950,0.945,-0.626,-0.015,1.134,-21.7,16.8,75.3,80.14,WALKING
11000,0.794,-0.658,-0.062,1.033,-3.7,15.8,81.9,83.49,WALKING
11050,0.702,-0.632,-0.130,0.953,-26.0,21.0,87.2,93.39,WALKING
11100,0.620,-0.566,-0.148,0.852,-30.5,20.8,73.2,81.98,WALKING
11150,0.593,-0.560,-0.218,0.844,-22.3,14.4,47.1,54.07,WALKING
11200,0.580,-0.560,-0.209,0.833,-15.1,0.5,15.8,21.86,WALKING
11250,0.589,-0.578,-0.210,0.852,-14.7,-4.2,-9.2,17.84,WALKING
11300,0.613,-0.640,-0.234,0.917,0.8,-5.5,-29.5,30.02,WALKING
11350,0.626,-0.672,-0.242,0.950,0.0,-5.8,-44.0,44.38,WALKING
11400,0.688,-0.700,-0.231,1.008,7.4,-13.0,-55.9,57.87,WALKING
11450,0.750,-0.721,-0.215,1.062,16.0,-18.0,-67.6,71.76,WALKING
11500,0.947,-0.675,-0.231,1.186,18.1,-25.8,-106.3,110.87,WALKING
11550,0.753,-0.681,-0.180,1.031,48.1,-24.2,-112.4,124.63,WALKING
11600,0.606,-0.715,-0.173,0.953,14.0,-9.2,-75.8,77.63,WALKING
11650,0.736,-0.544,-0.168,0.931,-11.0,-17.0,-63.3,66.46,WALKING
11700,0.966,-0.484,-0.120,1.087,74.1,-52.8,-71.1,115.47,WALKING
11750,0.900,-0.663,-0.066,1.120,106.8,-47.0,-56.1,129.47,WALKING
11800,0.785,-0.637,-0.113,1.017,50.2,-8.6,-32.6,60.47,WALKING
11850,0.761,-0.477,-0.192,0.918,-17.2,14.0,-25.2,33.57,WALKING
11900,0.776,-0.321,-0.281,0.886,-2.6,3.2,-24.6,24.94,WALKING
11950,0.816,-0.481,-0.273,0.986,6.9,2.2,-29.8,30.67,WALKING
12000,0.767,-0.496,-0.244,0.945,-10.5,2.1,-15.9,19.17,WALKING
12050,0.756,-0.538,-0.259,0.963,-19.7,5.6,-8.5,22.17,WALKING
12100,0.794,-0.536,-0.262,0.993,-13.6,1.1,-1.4,13.72,WALKING
12150,0.826,-0.623,-0.250,1.064,3.4,5.3,-0.6,6.33,WALKING
12200,0.864,-0.651,-0.199,1.100,8.4,0.6,15.8,17.90,WALKING
12250,0.976,-0.641,-0.214,1.187,3.4,-0.2,27.9,28.11,WALKING
12300,0.920,-0.640,-0.174,1.134,24.2,-4.8,50.2,55.93,WALKING
12350,0.828,-0.630,-0.155,1.052,11.9,4.3,79.9,80.90,WALKING
12400,0.795,-0.579,-0.148,0.995,6.3,11.9,96.7,97.63,WALKING
12450,0.882,-0.589,-0.129,1.068,-45.6,11.4,98.0,108.69,WALKING
12500,0.934,-0.584,-0.106,1.107,-37.3,5.8,73.3,82.45,WALKING
12550,0.897,-0.632,-0.111,1.103,-31.7,5.8,61.4,69.34,WALKING
12600,0.809,-0.647,-0.124,1.043,-26.3,6.6,73.2,78.06,WALKING
12650,0.711,-0.622,-0.164,0.959,-26.2,8.7,74.4,79.36,WALKING
12700,0.654,-0.613,-0.170,0.912,-27.2,5.3,65.8,71.40,WALKING
12750,0.609,-0.573,-0.156,0.851,-22.9,-1.7,46.0,51.41,WALKING
12800,0.564,-0.553,-0.130,0.801,7.2,-12.4,23.3,27.36,WALKING
12850,0.558,-0.610,-0.094,0.832,11.4,-6.1,-6.0,14.25,WALKING
12900,0.597,-0.613,-0.174,0.873,-4.8,-7.4,-28.3,29.64,WALKING
12950,0.654,-0.616,-0.227,0.927,-2.9,-0.2,-51.8,51.88,WALKING
13000,0.707,-0.648,-0.244,0.990,14.0,-12.1,-67.6,70.09,WALKING
13050,1.005,-0.696,-0.273,1.253,19.6,-20.5,-103.1,106.93,WALKING
13100,0.794,-0.680,-0.225,1.069,61.6,-33.2,-110.6,130.88,WALKING
13150,0.561,-0.777,-0.237,0.987,43.4,-18.2,-68.6,83.19,WALKING
13200,0.671,-0.585,-0.242,0.923,10.6,-34.6,-43.5,56.58,WALKING
13250,0.919,-0.519,-0.199,1.074,69.4,-59.0,-54.8,106.30,WALKING
13300,0.892,-0.618,-0.069,1.087,114.3,-65.8,-47.0,140.01,WALKING
13350,0.768,-0.633,-0.080,0.998,70.2,-33.8,-26.3,82.23,WALKING
13400,0.734,-0.528,-0.150,0.917,22.4,-19.1,-19.7,35.42,WALKING
13450,0.762,-0.465,-0.194,0.914,43.6,-26.3,-22.5,55.67,WALKING
13500,0.782,-0.525,-0.216,0.966,62.1,-30.1,-30.9,75.61,WALKING
13550,0.766,-0.565,-0.237,0.981,53.0,-20.7,-28.2,63.50,WALKING
13600,0.743,-0.578,-0.252,0.974,33.7,-12.8,-24.3,43.47,WALKING
13650,0.748,-0.570,-0.283,0.982,14.5,2.7,-23.3,27.58,WALKING
13700,0.791,-0.593,-0.315,1.038,4.4,-2.5,-26.9,27.37,WALKING
13750,0.854,-0.595,-0.341,1.095,10.3,-7.0,-32.4,34.71,WALKING
13800,0.918,-0.644,-0.312,1.164,16.7,-8.3,-31.8,36.86,WALKING
13850,0.849,-0.659,-0.275,1.109,20.3,-12.1,-14.0,27.47,WALKING
13900,0.792,-0.666,-0.239,1.062,7.4,-8.9,14.2,18.32,WALKING
13950,0.783,-0.638,-0.236,1.037,5.7,-7.5,29.6,31.06,WALKING
14000,0.773,-0.587,-0.205,0.992,6.4,-17.6,49.8,53.20,WALKING
14050,0.793,-0.607,-0.153,1.010,3.1,-16.0,67.4,69.34,WALKING
14100,0.915,-0.623,-0.139,1.116,-20.9,-9.1,63.7,67.66,WALKING
14150,0.972,-0.613,-0.132,1.157,-18.5,-15.5,62.5,67.00,WALKING
14200,0.888,-0.609,-0.122,1.084,-3.7,-6.3,69.6,69.98,WALKING
14250,0.781,-0.610,-0.142,1.001,-3.0,-6.1,79.3,79.59,WALKING
14300,0.714,-0.569,-0.162,0.927,-14.2,-2.3,78.3,79.61,WALKING
14350,0.685,-0.520,-0.183,0.879,-0.7,-0.2,63.2,63.20,WALKING
14400,0.652,-0.610,-0.183,0.911,15.4,-9.1,41.4,45.10,WALKING
14450,0.611,-0.651,-0.174,0.910,6.3,-10.9,32.1,34.48,WALKING
14500,0.575,-0.613,-0.192,0.862,11.3,-5.3,12.3,17.52,WALKING
14550,0.568,-0.638,-0.227,0.884,0.2,0.9,-13.1,13.13,WALKING
14600,0.598,-0.599,-0.233,0.878,-10.9,-7.1,-37.4,39.60,WALKING
14650,0.873,-0.671,-0.237,1.126,-0.7,-3.6,-90.0,90.07,WALKING
14700,0.786,-0.631,-0.206,1.029,20.0,-10.6,-106.6,108.98,WALKING
14750,0.652,-0.703,-0.222,0.984,16.2,3.3,-83.4,85.02,WALKING
14800,0.772,-0.552,-0.269,0.986,-13.3,-12.3,-73.6,75.80,WALKING
14850,0.852,-0.480,-0.219,1.002,54.3,-38.7,-77.2,102.01,WALKING
14900,0.921,-0.611,-0.165,1.117,78.3,-47.5,-78.5,120.62,WALKING
14950,0.857,-0.645,-0.100,1.077,50.6,-36.6,-51.0,80.63,WALKING
15000,0.801,-0.561,-0.156,0.990,25.6,-16.9,-36.4,47.60,WALKING
15050,0.753,-0.553,-0.170,0.950,21.0,-15.1,-33.8,42.56,WALKING
15100,0.747,-0.518,-0.235,0.939,17.4,-9.0,-29.0,35.00,WALKING
15150,0.726,-0.618,-0.171,0.969,20.5,1.6,-17.0,26.68,WALKING
15200,0.796,-0.512,-0.268,0.984,3.0,1.3,-11.3,11.76,WALKING
15250,0.768,-0.523,-0.267,0.967,-13.4,-0.1,-0.1,13.40,WALKING
15300,0.775,-0.549,-0.290,0.993,-16.3,5.8,2.9,17.54,WALKING
15350,0.818,-0.590,-0.309,1.055,-14.0,16.3,6.8,22.54,WALKING
15400,0.845,-0.603,-0.295,1.079,-10.9,14.4,11.8,21.57,WALKING
15450,0.929,-0.631,-0.306,1.164,-6.7,9.2,19.6,22.66,WALKING
15500,0.881,-0.590,-0.258,1.091,-1.4,4.6,25.6,26.05,WALKING
15550,0.819,-0.644,-0.220,1.065,-3.6,0.0,38.2,38.37,WALKING
15600,0.812,-0.595,-0.183,1.023,-19.8,8.4,54.3,58.40,WALKING
15650,0.780,-0.638,-0.186,1.025,-22.5,8.5,75.0,78.76,WALKING
15700,0.790,-0.665,-0.104,1.038,-36.2,8.8,91.7,98.98,WALKING
15750,0.909,-0.623,-0.109,1.107,-57.5,8.6,80.1,98.98,WALKING
15800,0.940,-0.622,-0.095,1.131,-26.8,-2.7,63.5,68.98,WALKING
15850,0.820,-0.638,-0.090,1.043,-0.9,0.4,60.2,60.21,WALKING
15900,0.698,-0.623,-0.119,0.943,-21.7,16.7,61.7,67.50,WALKING
15950,0.635,-0.588,-0.140,0.877,-35.7,22.8,57.8,71.66,WALKING
16000,0.611,-0.553,-0.194,0.847,-36.2,15.6,43.2,58.48,WALKING
16050,0.581,-0.558,-0.218,0.835,-17.1,3.9,18.7,25.64,WALKING
16100,0.544,-0.613,-0.183,0.840,5.9,5.2,-2.3,8.19,WALKING
16150,0.568,-0.629,-0.209,0.873,6.3,8.3,-19.5,22.11,WALKING
16200,0.609,-0.671,-0.229,0.935,-0.6,16.1,-35.0,38.53,WALKING
16250,0.668,-0.682,-0.241,0.985,0.9,13.6,-46.4,48.36,WALKING
16300,0.835,-0.732,-0.246,1.137,11.6,4.6,-67.3,68.45,WALKING
16350,0.932,-0.665,-0.260,1.174,18.6,-1.2,-97.4,99.17,WALKING
16400,0.716,-0.615,-0.263,0.980,35.3,-2.9,-99.2,105.33,WALKING
16450,0.682,-0.635,-0.275,0.972,-18.9,7.2,-83.0,85.43,WALKING
16500,0.815,-0.465,-0.274,0.978,-17.5,-12.6,-70.8,74.01,WALKING
16550,0.992,-0.491,-0.203,1.125,36.9,-45.8,-64.8,87.51,WALKING
16600,0.985,-0.555,-0.136,1.139,50.6,-38.0,-42.1,76.01,WALKING
16650,0.855,-0.524,-0.126,1.011,24.9,-14.0,-25.2,38.09,WALKING
16700,0.806,-0.466,-0.128,0.940,-10.2,3.4,-20.3,22.97,WALKING
16750,0.779,-0.424,-0.162,0.902,-14.7,8.4,-21.3,27.21,WALKING
16800,0.806,-0.465,-0.194,0.951,-21.7,15.6,-20.0,33.38,WALKING
16850,0.800,-0.448,-0.231,0.946,-22.1,17.0,-12.9,30.72,WALKING
16900,0.784,-0.501,-0.254,0.964,-20.8,19.7,-7.4,29.59,WALKING
16950,0.801,-0.519,-0.266,0.991,-24.6,11.7,4.3,27.58,WALKING
17000,0.856,-0.567,-0.280,1.064,-28.5,12.4,11.4,33.11,WALKING
17050,0.856,-0.581,-0.279,1.072,-24.6,14.4,27.2,39.40,WALKING
17100,0.801,-0.593,-0.257,1.029,-16.8,7.4,38.2,42.38,WALKING
17150,0.908,-0.604,-0.267,1.123,-22.8,7.3,41.7,48.08,WALKING
17200,0.878,-0.660,-0.190,1.115,-10.9,5.5,47.6,49.14,WALKING
17250,0.854,-0.622,-0.143,1.066,-21.7,4.2,72.5,75.79,WALKING
17300,0.839,-0.552,-0.104,1.010,-19.0,1.6,86.6,88.67,WALKING
17350,0.893,-0.594,-0.064,1.074,-37.8,14.9,95.8,104.06,WALKING
17400,0.923,-0.591,-0.052,1.097,-62.3,24.7,77.2,102.23,WALKING
17450,0.907,-0.569,-0.046,1.072,-61.9,31.1,59.1,91.06,WALKING
17500,0.839,-0.594,-0.101,1.033,-62.6,29.7,58.9,90.94,WALKING
17550,0.745,-0.554,-0.114,0.935,-46.0,31.1,64.6,85.18,WALKING
17600,0.714,-0.591,-0.161,0.941,-37.8,27.5,64.7,79.82,WALKING
17650,0.676,-0.564,-0.150,0.893,-31.9,19.9,49.7,62.32,WALKING
17700,0.697,-0.561,-0.170,0.911,-21.0,18.2,26.6,38.47,WALKING
17750,0.681,-0.545,-0.187,0.892,-1.8,10.2,8.8,13.59,WALKING
17800,0.687,-0.531,-0.224,0.897,-6.4,12.8,-17.7,22.76,WALKING
17850,0.721,-0.516,-0.234,0.917,-4.1,10.8,-40.5,42.12,WALKING
17900,0.761,-0.534,-0.229,0.957,5.3,5.4,-67.4,67.82,WALKING
17950,0.868,-0.528,-0.226,1.041,14.9,-0.1,-99.1,100.21,WALKING
18000,0.835,-0.604,-0.217,1.053,33.1,-1.8,-113.6,118.34,WALKING
18050,0.794,-0.649,-0.241,1.053,13.5,3.5,-101.2,102.16,WALKING
18100,0.800,-0.610,-0.270,1.042,11.2,-5.0,-86.9,87.76,WALKING
18150,0.841,-0.508,-0.281,1.022,43.6,-30.0,-60.2,80.16,WALKING
18200,0.916,-0.555,-0.218,1.093,80.6,-49.7,-29.3,99.12,WALKING
18250,0.926,-0.514,-0.190,1.076,74.4,-43.4,-6.3,86.36,WALKING
18300,0.829,-0.461,-0.149,0.960,63.9,-29.3,4.4,70.43,WALKING
18350,0.772,-0.413,-0.149,0.888,29.3,-8.1,-1.1,30.42,WALKING
18400,0.779,-0.380,-0.220,0.894,10.9,2.5,-10.1,15.07,WALKING
18450,0.793,-0.414,-0.273,0.935,2.3,12.0,-15.7,19.89,WALKING
18500,0.755,-0.432,-0.354,0.939,8.8,16.8,-16.8,25.34,WALKING
18550,0.779,-0.562,-0.287,1.003,-10.9,13.5,-14.4,22.55,WALKING
18600,0.850,-0.614,-0.314,1.095,-33.4,19.6,1.2,38.74,WALKING
18650,0.843,-0.585,-0.332,1.078,-52.1,9.5,15.4,55.15,WALKING
18700,0.811,-0.577,-0.295,1.038,-1.7,-1.1,25.4,25.48,WALKING
18750,0.894,-0.597,-0.279,1.111,14.4,-9.5,26.8,31.87,WALKING
18800,0.859,-0.651,-0.202,1.097,24.6,-4.6,35.7,43.60,WALKING
18850,0.817,-0.636,-0.134,1.044,7.6,-0.3,51.3,51.86,WALKING
18900,0.809,-0.568,-0.187,1.006,3.9,-0.4,66.9,67.01,WALKING
18950,0.761,-0.577,-0.166,0.969,1.8,9.3,69.5,70.14,WALKING
19000,0.885,-0.564,-0.201,1.069,-22.6,6.3,72.1,75.82,WALKING
19050,0.978,-0.564,-0.168,1.141,-23.0,1.8,62.4,66.53,WALKING
19100,0.924,-0.586,-0.184,1.110,-18.2,4.0,49.4,52.80,WALKING
19150,0.785,-0.603,-0.173,1.005,-28.0,4.0,40.6,49.48,WALKING
19200,0.702,-0.603,-0.250,0.959,-31.7,-1.6,47.0,56.71,WALKING
19250,0.671,-0.556,-0.234,0.902,-27.0,-12.7,45.8,54.66,WALKING
19300,0.681,-0.589,-0.220,0.927,2.7,-27.0,34.5,43.89,WALKING
19350,0.625,-0.647,-0.145,0.911,24.2,-35.2,18.4,46.51,WALKING
19400,0.589,-0.651,-0.156,0.892,-11.0,-21.4,2.6,24.20,WALKING
19450,0.611,-0.599,-0.230,0.886,4.0,-7.1,-18.6,20.31,WALKING
19500,0.628,-0.545,-0.230,0.863,7.7,-11.6,-46.6,48.64,WALKING
19550,0.721,-0.536,-0.235,0.929,18.6,-20.0,-80.3,84.82,WALKING
19600,0.914,-0.498,-0.242,1.069,44.5,-42.7,-123.0,137.60,WALKING
19650,0.721,-0.601,-0.182,0.956,76.7,-41.6,-124.1,151.70,WALKING
19700,0.754,-0.679,-0.222,1.039,30.8,-32.0,-96.2,105.96,WALKING
19750,0.912,-0.519,-0.215,1.071,42.9,-40.4,-82.7,101.55,WALKING
19800,1.022,-0.563,-0.147,1.176,101.1,-62.3,-68.6,137.14,WALKING
19850,0.865,-0.662,-0.086,1.093,111.5,-57.1,-51.2,135.33,WALKING
19900,0.731,-0.612,-0.107,0.959,61.9,-28.4,-36.4,77.22,WALKING
19950,0.718,-0.506,-0.180,0.897,39.4,-17.8,-40.9,59.51,WALKING
20000,0.738,-0.488,-0.232,0.915,54.4,-19.2,-38.2,69.19,WALKING
20050,0.770,-0.540,-0.250,0.973,59.9,-17.0,-33.6,70.75,WALKING
20100,0.740,-0.536,-0.272,0.953,45.5,-7.0,-28.5,54.14,WALKING
20150,0.733,-0.577,-0.313,0.984,22.6,4.3,-26.6,35.17,WALKING
20200,0.740,-0.595,-0.330,1.005,5.2,8.6,-23.0,25.10,WALKING
20250,0.818,-0.628,-0.357,1.091,-8.2,2.5,-13.4,15.91,WALKING
20300,0.865,-0.631,-0.337,1.122,2.2,-1.1,1.6,2.93,WALKING
20350,0.928,-0.668,-0.329,1.190,9.3,-3.0,15.4,18.24,WALKING
20400,0.854,-0.664,-0.280,1.117,17.8,-4.2,36.4,40.74,WALKING
20450,0.800,-0.625,-0.219,1.039,7.7,-3.9,55.4,56.07,WALKING
20500,0.861,-0.591,-0.200,1.063,8.3,-0.8,67.8,68.31,WALKING
20550,0.815,-0.586,-0.176,1.019,-6.7,2.8,84.7,85.01,WALKING
20600,0.879,-0.571,-0.182,1.064,-22.6,5.6,91.7,94.61,WALKING
20650,1.022,-0.478,-0.206,1.147,-17.3,-12.7,75.6,78.59,WALKING
20700,0.907,-0.553,-0.151,1.073,38.7,-29.7,63.7,80.23,WALKING
20750,0.716,-0.636,-0.109,0.964,27.2,-16.2,68.1,75.10,WALKING
20800,0.592,-0.669,-0.144,0.905,4.1,-2.6,66.7,66.88,WALKING
20850,0.511,-0.716,-0.170,0.896,-8.2,0.7,61.0,61.55,WALKING
20900,0.501,-0.783,-0.168,0.945,-8.4,-6.7,53.9,54.96,WALKING
20950,0.472,-0.793,-0.156,0.936,-1.3,-9.2,43.8,44.77,WALKING
21000,0.463,-0.812,-0.112,0.941,-4.1,-3.9,31.3,31.81,WALKING
21050,0.467,-0.745,-0.131,0.889,-11.4,2.1,13.1,17.49,WALKING
21100,0.519,-0.702,-0.158,0.887,-16.3,8.3,-10.3,20.99,WALKING
21150,0.622,-0.626,-0.246,0.916,-23.7,7.0,-38.4,45.66,WALKING
21200,0.712,-0.572,-0.247,0.946,-5.7,-1.8,-76.6,76.83,WALKING
21250,0.854,-0.558,-0.249,1.050,15.0,-11.6,-125.0,126.43,WALKING
21300,0.698,-0.625,-0.237,0.966,33.0,-13.6,-129.2,134.04,WALKING
21350,0.747,-0.655,-0.213,1.016,4.9,-14.9,-111.7,112.80,WALKING
21400,0.941,-0.606,-0.224,1.141,23.5,-35.1,-101.7,110.12,WALKING
21450,1.022,-0.711,-0.145,1.253,64.4,-60.7,-74.4,115.62,WALKING
21500,0.884,-0.647,-0.151,1.106,83.3,-62.0,-44.3,112.90,WALKING
21550,0.726,-0.583,-0.145,0.942,92.0,-56.6,-32.6,112.83,WALKING
21600,0.666,-0.560,-0.173,0.887,76.7,-43.2,-36.5,95.30,WALKING
21650,0.687,-0.569,-0.199,0.914,57.4,-31.3,-40.5,76.91,WALKING
21700,0.710,-0.579,-0.247,0.949,46.0,-20.5,-37.3,62.67,WALKING
21750,0.717,-0.578,-0.269,0.959,28.0,-8.7,-32.9,44.07,WALKING
21800,0.727,-0.591,-0.292,0.981,10.3,2.0,-29.4,31.22,WALKING
21850,0.771,-0.604,-0.315,1.029,-7.8,12.6,-26.4,30.27,WALKING
21900,0.815,-0.624,-0.331,1.078,-12.4,5.7,-19.7,23.97,WALKING
21950,0.857,-0.589,-0.292,1.080,-6.3,1.1,-9.8,11.70,WALKING
22000,0.890,-0.606,-0.304,1.119,2.5,-2.5,-1.1,3.70,WALKING
22050,0.879,-0.658,-0.251,1.126,8.4,-0.9,17.6,19.52,WALKING
22100,0.837,-0.649,-0.262,1.091,-1.3,2.0,47.6,47.66,WALKING
22150,0.764,-0.604,-0.223,0.999,-8.6,6.0,73.9,74.64,WALKING
22200,0.764,-0.596,-0.199,0.989,-21.2,7.9,86.9,89.80,WALKING
22250,0.907,-0.560,-0.181,1.081,-37.4,-1.0,78.8,87.23,WALKING
22300,0.960,-0.578,-0.123,1.127,-25.3,-11.0,63.9,69.60,WALKING
22350,0.946,-0.661,-0.109,1.159,-7.1,-6.9,56.7,57.56,WALKING
22400,0.828,-0.652,-0.112,1.060,-4.7,1.3,77.1,77.25,WALKING
22450,0.713,-0.616,-0.162,0.956,-19.3,13.4,90.2,93.21,WALKING
22500,0.642,-0.587,-0.216,0.896,-24.2,7.6,84.2,87.94,WALKING
22550,0.599,-0.589,-0.224,0.869,-11.4,-4.5,63.6,64.77,WALKING
22600,0.548,-0.607,-0.204,0.843,5.7,-12.6,38.7,41.10,WALKING
22650,0.498,-0.617,-0.239,0.828,21.7,-14.4,14.4,29.76,WALKING
22700,0.486,-0.613,-0.265,0.826,12.1,-6.7,-9.1,16.56,WALKING
22750,0.547,-0.607,-0.286,0.866,5.5,-8.7,-37.1,38.50,WALKING
22800,0.618,-0.655,-0.272,0.941,10.5,-16.1,-61.1,64.05,WALKING
22850,0.831,-0.716,-0.235,1.122,19.2,-23.4,-90.9,95.81,WALKING
22900,0.815,-0.657,-0.178,1.062,44.3,-25.3,-119.7,130.12,WALKING
22950,0.662,-0.732,-0.175,1.002,40.2,-11.5,-105.7,113.67,WALKING
23000,0.701,-0.599,-0.209,0.945,3.2,-16.0,-91.0,92.45,WALKING
23050,0.805,-0.487,-0.193,0.960,56.0,-45.5,-91.9,116.84,WALKING
23100,0.976,-0.617,-0.145,1.164,92.4,-54.8,-89.5,139.83,WALKING
23150,0.913,-0.695,-0.105,1.152,74.2,-38.0,-62.6,104.25,WALKING
23200,0.824,-0.651,-0.137,1.059,31.8,-13.1,-33.6,48.08,WALKING
23250,0.770,-0.453,-0.197,0.915,29.4,-8.1,-22.6,37.96,WALKING
23300,0.746,-0.442,-0.214,0.893,44.5,-13.5,-28.9,54.75,WALKING
23350,0.829,-0.445,-0.261,0.976,59.6,-15.8,-32.7,69.79,WALKING
23400,0.791,-0.543,-0.234,0.988,29.3,-7.1,-28.4,41.42,WALKING
23450,0.801,-0.539,-0.272,1.003,7.9,4.4,-24.3,25.93,WALKING
23500,0.818,-0.582,-0.309,1.050,-2.1,0.4,-20.7,20.81,WALKING
23550,0.799,-0.577,-0.303,1.031,-24.5,-4.8,-8.2,26.28,WALKING
23600,1.008,-0.635,-0.352,1.242,20.3,-14.1,-1.4,24.76,WALKING
23650,0.984,-0.610,-0.254,1.185,48.5,-25.4,21.0,58.64,WALKING
23700,0.862,-0.605,-0.230,1.078,49.0,-19.5,56.3,77.14,WALKING
23750,0.689,-0.569,-0.208,0.917,6.5,2.2,78.6,78.90,WALKING
23800,0.685,-0.529,-0.215,0.892,-24.7,10.4,83.5,87.70,WALKING
23850,0.953,-0.532,-0.253,1.120,-45.1,-5.0,59.5,74.83,WALKING
23900,1.010,-0.484,-0.153,1.130,-1.1,-34.0,39.4,52.05,WALKING
23950,0.889,-0.597,-0.093,1.075,44.3,-30.1,42.9,68.62,WALKING
24000,0.795,-0.662,-0.077,1.037,0.9,-1.7,56.0,56.03,WALKING
24050,0.759,-0.583,-0.141,0.967,-32.2,13.3,68.7,77.03,WALKING
24100,0.761,-0.566,-0.209,0.971,-21.7,0.8,65.1,68.63,WALKING
24150,0.726,-0.588,-0.214,0.958,5.2,-16.6,57.4,59.98,WALKING
24200,0.633,-0.643,-0.219,0.928,35.2,-18.2,44.8,59.81,WALKING
24250,0.547,-0.656,-0.248,0.889,14.7,-10.9,26.3,32.04,WALKING
24300,0.516,-0.613,-0.308,0.858,7.1,-14.9,2.8,16.74,WALKING
24350,0.548,-0.612,-0.301,0.875,11.0,-22.7,-31.8,40.59,WALKING
24400,0.626,-0.637,-0.260,0.930,20.8,-31.9,-57.9,69.30,WALKING
24450,0.874,-0.683,-0.254,1.138,25.2,-33.1,-100.5,108.77,WALKING
24500,0.812,-0.645,-0.155,1.049,52.6,-35.4,-119.0,134.84,WALKING
24550,0.621,-0.698,-0.150,0.946,43.4,-15.6,-95.7,106.23,WALKING
24600,0.721,-0.609,-0.145,0.955,-14.1,-9.4,-82.8,84.52,WALKING
24650,0.849,-0.496,-0.128,0.992,33.2,-30.6,-83.6,95.01,WALKING
24700,0.996,-0.595,-0.101,1.165,68.1,-39.2,-74.9,108.56,WALKING
24750,0.904,-0.581,-0.077,1.077,55.7,-21.4,-52.7,79.61,WALKING
24800,0.804,-0.469,-0.144,0.942,26.8,-4.0,-46.3,53.65,WALKING
24850,0.792,-0.457,-0.162,0.929,12.8,3.0,-48.8,50.54,WALKING
24900,0.773,-0.533,-0.186,0.957,10.7,7.0,-39.4,41.42,WALKING
24950,0.848,-0.440,-0.218,0.980,33.8,-5.8,-37.8,51.04,WALKING
25000,0.832,-0.481,-0.257,0.995,40.5,-4.6,-26.1,48.40,WALKING
25050,0.793,-0.483,-0.266,0.966,29.9,-0.6,-17.5,34.65,WALKING
25100,0.813,-0.549,-0.258,1.014,-5.9,-1.5,-7.9,9.97,WALKING
25150,0.877,-0.566,-0.307,1.088,-13.0,-5.8,5.8,15.37,WALKING
25200,1.016,-0.611,-0.323,1.229,21.8,-15.5,15.7,31.02,WALKING
25250,1.037,-0.612,-0.296,1.240,55.8,-22.9,30.3,67.50,WALKING
25300,0.894,-0.632,-0.256,1.124,60.6,-14.5,54.5,82.78,WALKING
25350,0.779,-0.580,-0.219,0.996,13.5,-5.0,76.3,77.65,WALKING
25400,0.744,-0.491,-0.200,0.914,-12.4,-2.9,82.9,83.87,WALKING
25450,0.799,-0.523,-0.169,0.970,-8.4,-2.3,77.4,77.89,WALKING
25500,0.843,-0.623,-0.084,1.052,-7.9,-5.4,79.1,79.68,WALKING
25550,0.853,-0.640,-0.081,1.069,-16.6,-2.3,74.2,76.07,WALKING
25600,0.860,-0.684,-0.093,1.103,-22.6,1.9,64.1,67.99,WALKING
25650,0.814,-0.697,-0.213,1.093,-3.4,-11.6,64.7,65.82,WALKING
25700,0.701,-0.672,-0.102,0.976,6.4,-2.9,69.7,70.05,WALKING
25750,0.594,-0.604,-0.120,0.856,0.7,9.3,62.6,63.29,WALKING
25800,0.573,-0.587,-0.166,0.837,3.2,-1.3,43.6,43.74,WALKING
25850,0.582,-0.586,-0.157,0.841,-10.7,-3.0,16.0,19.48,WALKING
25900,0.594,-0.602,-0.192,0.867,-3.2,-6.2,-14.2,15.82,WALKING
25950,0.652,-0.629,-0.150,0.918,2.8,-11.9,-42.2,43.94,WALKING
26000,0.751,-0.692,-0.222,1.045,-0.5,-18.8,-61.0,63.83,WALKING
26050,0.772,-0.668,-0.184,1.037,5.3,-20.7,-73.2,76.25,WALKING
26100,0.946,-0.602,-0.189,1.137,25.0,-29.0,-114.1,120.35,WALKING
26150,0.714,-0.644,-0.142,0.972,60.1,-29.3,-118.7,136.24,WALKING
26200,0.705,-0.684,-0.186,1.000,11.6,-15.6,-84.7,86.90,WALKING
26250,0.840,-0.482,-0.158,0.981,15.9,-30.1,-69.1,77.03,WALKING
26300,1.058,-0.501,-0.111,1.176,90.2,-58.3,-72.9,129.81,WALKING
26350,0.967,-0.605,-0.043,1.141,98.3,-55.7,-52.9,124.75,WALKING
26400,0.815,-0.558,-0.074,0.990,54.1,-30.5,-27.5,67.92,WALKING
26450,0.748,-0.430,-0.128,0.872,36.5,-15.9,-21.3,45.15,WALKING
26500,0.801,-0.398,-0.183,0.913,54.6,-21.8,-29.5,65.78,WALKING
26550,0.821,-0.398,-0.190,0.932,61.8,-29.5,-35.2,77.00,WALKING
26600,0.804,-0.459,-0.224,0.953,81.3,-26.5,-34.7,92.28,WALKING
26650,0.806,-0.430,-0.256,0.949,68.3,-15.5,-36.6,79.02,WALKING
26700,0.888,-0.503,-0.290,1.061,48.9,-5.9,-43.3,65.58,WALKING
26750,1.046,-0.606,-0.383,1.268,27.0,-4.6,-42.2,50.31,WALKING
26800,0.933,-0.545,-0.329,1.129,45.6,-15.8,-16.1,50.87,WALKING
26850,0.842,-0.562,-0.340,1.068,48.1,-17.3,11.9,52.48,WALKING
26900,0.761,-0.576,-0.280,0.995,30.1,-19.9,23.5,43.06,WALKING
26950,0.737,-0.572,-0.244,0.964,15.4,-24.6,41.3,50.48,WALKING
27000,0.760,-0.560,-0.192,0.963,4.2,-24.5,54.8,60.17,WALKING
27050,0.876,-0.550,-0.184,1.051,4.2,-33.6,60.4,69.24,WALKING
27100,0.939,-0.561,-0.151,1.104,12.6,-41.7,63.7,77.17,WALKING
27150,0.955,-0.572,-0.155,1.124,12.6,-36.9,66.2,76.83,WALKING
27200,0.889,-0.581,-0.126,1.069,3.6,-22.9,65.5,69.48,WALKING
27250,0.813,-0.576,-0.136,1.006,9.8,-20.9,66.7,70.58,WALKING
27300,0.732,-0.591,-0.106,0.947,3.0,-21.3,68.8,72.08,WALKING
27350,0.694,-0.507,-0.156,0.874,12.1,-17.0,59.5,63.05,WALKING
27400,0.638,-0.543,-0.168,0.854,29.8,-14.0,37.9,50.20,WALKING
27450,0.596,-0.627,-0.192,0.886,42.2,-15.3,12.6,46.62,WALKING
27500,0.582,-0.648,-0.212,0.896,16.3,-10.0,-9.5,21.35,WALKING
27550,0.593,-0.663,-0.233,0.920,10.4,-8.8,-31.5,34.32,WALKING
27600,0.622,-0.701,-0.220,0.963,5.9,-5.4,-49.6,50.24,WALKING
27650,0.750,-0.635,-0.230,1.009,3.5,-4.5,-66.0,66.25,WALKING
27700,0.942,-0.576,-0.280,1.139,16.2,-12.1,-107.6,109.48,WALKING
27750,0.734,-0.597,-0.199,0.967,48.3,-19.6,-101.6,114.19,WALKING
27800,0.707,-0.607,-0.216,0.957,17.3,-16.8,-75.0,78.78,WALKING
27850,0.871,-0.491,-0.195,1.019,39.6,-46.6,-75.8,97.39,WALKING
27900,1.019,-0.564,-0.092,1.168,107.5,-75.1,-71.3,149.26,WALKING
27950,0.959,-0.669,-0.040,1.170,110.8,-63.1,-41.9,134.22,WALKING
28000,0.844,-0.631,-0.077,1.057,59.4,-31.7,-14.0,68.77,WALKING
28050,0.729,-0.489,-0.137,0.888,43.5,-20.3,-17.0,50.92,WALKING
28100,0.715,-0.452,-0.208,0.871,46.2,-18.6,-34.9,60.81,WALKING
28150,0.752,-0.483,-0.249,0.928,45.3,-20.1,-38.9,63.00,WALKING
28200,0.759,-0.520,-0.283,0.963,40.3,-12.8,-35.0,54.89,WALKING
28250,0.741,-0.543,-0.300,0.966,15.4,-0.4,-28.4,32.31,WALKING
28300,0.795,-0.578,-0.345,1.042,-1.1,0.2,-25.4,25.42,WALKING
28350,0.824,-0.587,-0.325,1.063,0.2,-3.6,-14.9,15.33,WALKING
28400,0.941,-0.661,-0.295,1.187,11.8,-7.9,-8.4,16.50,WALKING
28450,0.978,-0.627,-0.263,1.191,12.3,-12.6,0.0,17.61,WALKING
28500,0.857,-0.657,-0.224,1.103,21.2,-8.4,33.3,40.36,WALKING
28550,0.747,-0.582,-0.223,0.973,-3.2,2.1,67.0,67.11,WALKING
28600,0.705,-0.549,-0.185,0.912,-18.4,6.5,84.4,86.63,WALKING
28650,0.838,-0.580,-0.171,1.033,-41.5,6.0,76.0,86.80,WALKING
28700,0.975,-0.589,-0.131,1.147,-37.8,-8.8,59.6,71.12,WALKING
28750,0.929,-0.625,-0.146,1.129,-1.8,-11.9,58.6,59.82,WALKING
28800,0.809,-0.624,-0.128,1.030,-2.9,-2.0,70.7,70.79,WALKING
28850,0.736,-0.560,-0.169,0.940,-21.1,8.2,73.7,77.10,WALKING
28900,0.694,-0.527,-0.200,0.894,-24.0,4.6,65.9,70.28,WALKING
28950,0.653,-0.503,-0.252,0.862,-11.6,-2.1,45.5,47.00,WALKING
29000,0.627,-0.523,-0.218,0.845,6.5,-12.1,18.2,22.80,WALKING
29050,0.665,-0.554,-0.237,0.897,3.4,-11.3,-12.4,17.12,WALKING
29100,0.755,-0.601,-0.261,1.000,1.0,-11.8,-35.7,37.61,WALKING
29150,1.007,-0.681,-0.267,1.245,8.9,-14.8,-73.5,75.50,WALKING
29200,0.801,-0.648,-0.232,1.056,37.0,-14.4,-81.2,90.39,WALKING
29250,0.579,-0.653,-0.250,0.908,13.6,-6.8,-48.6,50.92,WALKING
29300,0.655,-0.442,-0.268,0.834,-4.9,-21.2,-43.1,48.28,WALKING
29350,0.861,-0.468,-0.224,1.005,54.6,-44.5,-64.3,95.37,WALKING
29400,0.900,-0.552,-0.179,1.071,89.3,-46.2,-71.6,123.43,WALKING
29450,0.800,-0.573,-0.197,1.004,55.5,-30.7,-59.4,86.90,WALKING
29500,0.735,-0.504,-0.207,0.915,35.9,-19.5,-56.8,69.97,WALKING
29550,0.745,-0.521,-0.258,0.945,37.5,-15.6,-60.3,72.70,WALKING
29600,0.752,-0.543,-0.283,0.970,34.9,-12.6,-54.6,66.01,WALKING
29650,0.759,-0.570,-0.296,0.994,30.3,-7.6,-43.5,53.55,WALKING
29700,0.833,-0.592,-0.369,1.087,20.7,0.1,-36.5,41.96,WALKING
29750,0.843,-0.597,-0.341,1.088,3.4,0.9,-24.0,24.26,WALKING
29800,0.968,-0.667,-0.293,1.212,5.8,-2.1,-17.7,18.74,WALKING
29850,0.996,-0.662,-0.323,1.239,7.5,-8.9,-4.2,12.37,WALKING
29900,0.754,-0.680,-0.243,1.044,13.1,-6.7,41.0,43.56,WALKING
29950,0.658,-0.618,-0.210,0.927,-13.3,11.0,83.0,84.78,WALKING
Recording stopped

Samples dumped: 600
