
Recording started
time,accelX,accelY,accelZ,accelMagnitude,gyroX,gyroY,gyroZ,gyroMagnitude,activity
0,0.779,-0.572,-0.214,0.990,-4.8,5.9,17.3,18.90,WALKING
50,0.783,-0.573,-0.221,0.995,-2.6,1.6,1.2,3.28,WALKING
100,0.784,-0.569,-0.226,0.995,-1.6,0.2,2.6,3.06,WALKING
150,0.786,-0.565,-0.217,0.992,-1.0,-1.6,3.7,4.15,WALKING
200,0.790,-0.560,-0.224,0.994,-1.1,-0.5,2.8,3.05,WALKING
250,0.790,-0.565,-0.213,0.994,-3.9,0.4,5.7,6.92,WALKING
300,0.797,-0.552,-0.220,0.994,-6.7,-5.1,3.1,8.97,WALKING
350,0.796,-0.564,-0.224,1.001,-3.5,1.3,4.5,5.85,WALKING
400,0.788,-0.544,-0.209,0.980,-3.4,0.2,-3.7,5.03,WALKING
450,0.790,-0.550,-0.221,0.988,2.0,-0.9,-0.6,2.27,WALKING
500,0.779,-0.549,-0.214,0.977,3.2,-2.4,2.3,4.61,WALKING
550,0.756,-0.548,-0.221,0.960,5.6,-4.6,-2.3,7.60,WALKING
600,0.681,-0.497,-0.152,0.857,14.8,-4.1,0.0,15.36,WALKING
650,0.734,-0.501,-0.286,0.934,31.9,-6.3,-10.2,34.08,WALKING
700,0.631,-0.666,-0.329,0.975,63.3,-13.6,-20.6,67.94,WALKING
750,0.570,-0.997,-0.385,1.211,40.2,0.9,-0.7,40.22,WALKING
800,0.679,-1.053,-0.305,1.290,-22.2,4.4,20.5,30.54,WALKING
850,0.784,-0.986,-0.225,1.280,-0.7,-8.1,48.7,49.37,WALKING
900,0.659,-0.866,-0.186,1.104,12.4,-10.1,80.7,82.27,WALKING
950,0.558,-0.678,-0.116,0.886,-4.6,2.3,92.1,92.24,WALKING
1000,0.562,-0.568,-0.079,0.803,-24.6,6.7,71.8,76.19,WALKING
1050,0.630,-0.480,-0.118,0.801,-25.2,10.7,31.7,41.89,WALKING
1100,0.751,-0.453,-0.167,0.893,-7.6,3.3,-7.9,11.45,WALKING
1150,0.859,-0.479,-0.196,1.003,16.4,5.6,-49.2,52.16,WALKING
1200,0.953,-0.461,-0.208,1.079,11.9,0.2,-91.2,91.97,WALKING
1250,0.968,-0.483,-0.247,1.110,31.6,-12.0,-133.7,137.91,WALKING
1300,0.933,-0.608,-0.235,1.138,28.9,-26.7,-157.2,162.05,WALKING
1350,0.778,-0.609,-0.129,0.996,36.8,-28.0,-131.4,139.30,WALKING
1400,1.010,-0.663,-0.157,1.218,45.2,-27.9,-113.2,125.04,WALKING
1450,0.845,-0.751,-0.178,1.144,35.9,-19.1,-85.7,94.86,WALKING
1500,0.581,-0.754,-0.216,0.976,22.6,-11.1,-38.4,45.92,WALKING
1550,0.519,-0.732,-0.204,0.920,-12.2,-5.2,5.1,14.21,WALKING
1600,0.610,-0.700,-0.304,0.977,1.6,-13.8,32.2,35.07,WALKING
1650,0.802,-0.793,-0.259,1.157,18.9,-9.3,40.7,45.83,WALKING
1700,0.879,-0.800,-0.212,1.207,10.6,12.5,58.0,60.27,WALKING
1750,0.918,-0.731,-0.165,1.185,1.5,19.3,84.8,86.98,WALKING
1800,1.162,-0.797,-0.213,1.425,-19.8,21.7,86.7,91.54,WALKING
1850,1.248,-0.853,-0.051,1.513,-64.6,11.4,108.1,126.45,WALKING
1900,1.292,-0.711,-0.047,1.475,-30.9,10.6,129.6,133.65,WALKING
1950,1.007,-0.613,-0.097,1.183,-16.8,20.2,153.5,155.73,WALKING
2000,0.756,-0.515,-0.055,0.916,-58.5,31.1,164.2,177.06,WALKING
2050,0.669,-0.345,-0.087,0.758,-93.8,31.3,147.7,177.75,WALKING
2100,0.610,-0.249,-0.095,0.666,-88.1,21.4,98.9,134.17,WALKING
2150,0.574,-0.172,-0.095,0.607,-48.8,-1.2,30.9,57.77,WALKING
2200,0.545,-0.219,-0.093,0.595,-17.2,-5.3,-58.5,61.21,WALKING
2250,0.784,-0.291,-0.094,0.842,25.8,-14.9,-150.6,153.52,WALKING
2300,1.313,-0.437,-0.055,1.385,84.7,-22.4,-251.3,266.13,WALKING
2350,1.028,-0.765,-0.168,1.292,93.9,-8.3,-243.8,261.39,WALKING
2400,1.343,-0.858,-0.298,1.621,0.2,8.0,-157.4,157.60,WALKING
2450,1.125,-0.414,-0.054,1.200,33.6,-4.6,-114.5,119.42,WALKING
2500,0.639,-0.767,-0.274,1.035,100.0,-2.0,-64.6,119.07,WALKING
2550,0.454,-0.701,-0.046,0.836,20.5,5.6,-41.5,46.62,WALKING
2600,0.499,-0.633,-0.201,0.831,16.1,12.0,-50.5,54.35,WALKING
2650,0.672,-0.807,-0.238,1.077,1.8,18.2,-48.1,51.46,WALKING
2700,0.919,-0.825,-0.270,1.264,-31.3,19.4,-14.9,39.72,WALKING
2750,1.055,-0.794,-0.200,1.335,9.9,4.1,34.3,35.93,WALKING
2800,1.289,-0.964,-0.236,1.627,-18.9,18.4,72.4,77.06,WALKING
2850,1.299,-0.861,-0.226,1.575,-84.2,16.5,124.0,150.79,WALKING
2900,1.413,-0.585,-0.143,1.536,-49.4,-7.9,168.0,175.29,WALKING
2950,1.171,-0.477,-0.143,1.272,36.8,-15.2,192.5,196.57,WALKING
3000,0.867,-0.549,-0.097,1.031,-25.4,19.6,216.4,218.77,WALKING
3050,0.811,-0.421,-0.129,0.923,-98.7,23.9,205.8,229.49,WALKING
3100,0.773,-0.239,-0.166,0.826,-117.9,-3.0,148.1,189.32,WALKING
3150,0.834,-0.082,-0.125,0.847,-47.6,-52.1,69.0,98.70,WALKING
3200,0.914,-0.149,-0.029,0.927,22.7,-64.2,-31.1,74.86,WALKING
3250,0.979,-0.297,-0.033,1.024,46.0,-54.6,-121.8,141.18,WALKING
3300,0.911,-0.368,-0.055,0.984,44.0,-42.3,-199.6,208.72,WALKING
3350,0.781,-0.559,-0.182,0.978,63.0,-15.4,-206.2,216.16,WALKING
3400,1.109,-0.540,-0.165,1.244,26.1,-24.0,-215.0,217.90,WALKING
3450,0.826,-0.531,-0.095,0.987,105.5,-48.4,-198.1,229.60,WALKING
3500,0.735,-0.874,-0.145,1.151,70.4,-35.9,-140.4,161.11,WALKING
3550,0.760,-0.700,-0.223,1.057,23.1,-7.2,-101.2,104.05,WALKING
3600,0.826,-0.782,-0.248,1.164,88.4,-0.9,-76.0,116.58,WALKING
3650,0.807,-0.905,-0.299,1.249,79.4,7.5,-46.9,92.52,WALKING
3700,0.825,-0.876,-0.305,1.241,50.9,2.2,-11.6,52.25,WALKING
3750,1.091,-1.069,-0.292,1.555,54.2,2.7,27.1,60.66,WALKING
3800,1.195,-0.968,-0.235,1.556,18.9,-5.1,85.5,87.71,WALKING
3850,1.417,-0.833,-0.297,1.670,-11.7,9.5,134.4,135.24,WALKING
3900,1.029,-0.669,-0.207,1.245,40.3,11.7,182.6,187.36,WALKING
3950,0.959,-0.677,-0.245,1.199,11.8,55.7,227.8,234.81,WALKING
4000,1.113,-0.605,-0.235,1.288,-105.4,35.0,247.6,271.37,WALKING
4050,0.996,-0.235,-0.153,1.035,-70.3,-3.0,231.0,241.48,WALKING
4100,0.702,-0.014,-0.113,0.711,6.1,-28.4,168.4,170.89,WALKING
4150,0.526,0.171,-0.132,0.569,2.8,-65.9,61.1,89.91,WALKING
4200,0.612,0.051,-0.145,0.631,18.9,-80.9,-66.9,106.67,WALKING
4250,1.086,-0.176,-0.035,1.101,57.6,-82.3,-206.3,229.46,WALKING
4300,1.203,-0.681,-0.150,1.390,143.7,-62.2,-244.0,289.92,WALKING
4350,1.528,-0.817,0.044,1.733,30.9,-56.4,-238.1,246.63,WALKING
4400,0.985,-0.658,0.018,1.185,87.2,-50.2,-195.8,220.14,WALKING
4450,0.684,-0.796,0.187,1.066,75.2,-45.9,-151.0,174.82,WALKING
4500,0.865,-0.752,0.083,1.149,116.2,-41.7,-139.5,186.28,WALKING
4550,1.020,-1.399,0.175,1.740,205.8,-15.6,-118.1,237.79,WALKING
4600,1.129,-1.151,-0.417,1.665,65.0,5.4,-97.3,117.14,WALKING
4650,1.397,-1.407,-0.516,2.049,83.2,-11.1,-52.7,99.11,WALKING
4700,0.714,-1.099,-0.449,1.385,96.6,-33.3,64.6,120.89,WALKING
4750,0.921,-0.840,-0.682,1.421,-26.4,-33.7,127.6,134.59,WALKING
4800,0.957,-0.614,-0.350,1.190,-1.6,-64.1,161.2,173.48,WALKING
4850,1.000,-0.530,-0.270,1.164,66.5,-81.4,202.8,228.42,WALKING
4900,0.963,-0.455,-0.130,1.073,2.5,-62.2,205.2,214.43,WALKING
4950,0.891,-0.339,-0.118,0.961,-38.2,-57.9,180.7,193.56,WALKING
5000,0.906,-0.255,-0.121,0.949,-17.1,-51.8,129.4,140.43,WALKING
5050,0.821,-0.238,-0.039,0.856,-24.9,-43.8,58.8,77.43,WALKING
5100,0.686,-0.225,-0.015,0.722,37.5,-32.3,-30.5,58.14,WALKING
5150,0.768,-0.304,-0.094,0.831,52.8,-16.5,-127.6,139.07,WALKING
5200,0.936,-0.458,-0.222,1.065,49.4,-20.9,-185.8,193.39,WALKING
5250,1.165,-0.554,-0.289,1.322,46.6,-29.9,-211.8,218.92,WALKING
5300,0.844,-0.610,-0.211,1.063,56.7,-35.2,-184.3,196.01,WALKING
5350,0.652,-0.726,-0.188,0.994,56.0,-22.0,-139.5,151.92,WALKING
5400,0.763,-0.731,-0.128,1.064,10.7,-18.4,-123.1,124.93,WALKING
5450,0.942,-0.721,-0.125,1.193,42.4,-8.0,-130.2,137.16,WALKING
5500,1.043,-0.900,-0.257,1.401,40.9,-3.2,-109.2,116.65,WALKING
5550,1.093,-0.849,-0.276,1.411,60.8,10.4,-72.1,94.89,WALKING
5600,0.866,-0.886,-0.386,1.298,49.1,-3.5,-5.8,49.57,WALKING
5650,0.699,-0.968,-0.337,1.241,6.7,1.2,57.7,58.10,WALKING
5700,0.920,-0.862,-0.282,1.292,-31.7,-6.0,97.2,102.41,WALKING
5750,1.216,-0.696,-0.282,1.429,-8.4,-28.7,120.4,124.06,WALKING
5800,1.078,-0.650,-0.110,1.264,47.6,-32.3,179.1,188.11,WALKING
5850,1.131,-0.607,-0.309,1.320,34.1,-12.1,232.1,234.90,WALKING
5900,1.149,-0.530,-0.111,1.270,-55.7,16.4,226.8,234.11,WALKING
5950,1.030,-0.273,-0.126,1.073,-84.5,3.7,214.6,230.67,WALKING
6000,0.792,0.031,-0.146,0.806,-44.6,-21.6,128.5,137.72,WALKING
6050,0.660,0.120,-0.155,0.688,21.0,-33.2,6.6,39.83,WALKING
6100,0.696,-0.183,-0.125,0.730,39.2,-30.4,-96.6,108.59,WALKING
6150,0.975,-0.330,-0.203,1.049,11.8,-28.8,-167.5,170.37,WALKING
6200,1.479,-0.386,-0.112,1.533,58.6,-31.5,-235.2,244.43,WALKING
6250,1.080,-0.688,-0.094,1.284,96.4,-16.9,-212.6,234.05,WALKING
6300,0.889,-0.577,-0.136,1.069,33.8,-44.1,-165.3,174.39,WALKING
6350,0.922,-0.789,0.019,1.214,65.2,-39.6,-154.5,172.31,WALKING
6400,0.814,-0.803,0.254,1.171,104.4,-29.3,-145.6,181.54,WALKING
6450,0.799,-0.951,-0.148,1.251,34.2,19.7,-115.8,122.34,WALKING
6500,0.932,-0.823,-0.367,1.296,64.5,21.5,-83.7,107.83,WALKING
6550,0.851,-0.916,-0.306,1.287,109.4,-12.9,-36.8,116.14,WALKING
6600,1.042,-1.138,-0.294,1.571,78.3,-8.5,24.6,82.51,WALKING
6650,0.988,-0.946,-0.323,1.405,21.5,-5.7,81.9,84.87,WALKING
6700,1.057,-0.801,-0.309,1.362,13.6,4.2,130.6,131.37,WALKING
6750,1.021,-0.722,-0.297,1.285,-16.5,-2.3,157.0,157.88,WALKING
6800,0.972,-0.494,-0.277,1.125,-19.2,-17.2,181.5,183.32,WALKING
6850,1.003,-0.582,-0.193,1.176,-24.1,-3.5,205.0,206.44,WALKING
6900,0.958,-0.423,-0.011,1.047,-46.0,13.7,202.5,208.11,WALKING
6950,0.909,-0.320,-0.154,0.976,-48.8,26.3,150.8,160.67,WALKING
7000,0.795,-0.222,-0.071,0.828,-22.6,-0.2,76.6,79.86,WALKING
7050,0.618,-0.226,-0.095,0.665,-17.2,-14.7,-16.9,28.24,WALKING
7100,0.718,-0.375,-0.156,0.825,11.0,-12.4,-105.8,107.09,WALKING
7150,0.732,-0.330,-0.224,0.834,5.5,-8.2,-180.1,180.37,WALKING
7200,1.054,-0.612,-0.344,1.266,38.3,-20.0,-186.2,191.15,WALKING
7250,1.085,-0.522,-0.189,1.219,51.5,-45.2,-172.8,185.89,WALKING
7300,0.756,-0.617,-0.132,0.985,122.5,-46.3,-137.3,189.74,WALKING
7350,0.743,-0.831,-0.153,1.125,45.5,-21.2,-105.8,117.10,WALKING
7400,0.793,-0.679,-0.155,1.055,-4.7,-11.6,-109.4,110.11,WALKING
7450,0.866,-0.800,-0.294,1.215,25.4,-25.6,-113.9,119.47,WALKING
7500,0.874,-0.927,-0.235,1.296,5.0,-18.2,-87.4,89.41,WALKING
7550,0.831,-1.017,-0.228,1.333,-6.0,-5.8,-44.9,45.67,WALKING
7600,1.177,-1.211,-0.299,1.715,-47.4,5.6,9.7,48.71,WALKING
7650,0.924,-0.935,-0.073,1.317,-44.0,7.3,97.5,107.22,WALKING
7700,1.149,-0.855,-0.135,1.439,-93.6,24.5,135.8,166.74,WALKING
7750,1.030,-0.676,-0.049,1.233,-95.6,14.8,161.4,188.17,WALKING
7800,0.944,-0.623,-0.097,1.135,-102.2,11.0,191.3,217.17,WALKING
7850,0.924,-0.479,0.037,1.041,-111.3,20.7,191.5,222.46,WALKING
7900,0.931,-0.366,0.060,1.002,-94.7,2.4,177.8,201.46,WALKING
7950,0.986,-0.284,0.046,1.027,-70.2,-21.5,135.3,153.94,WALKING
8000,0.990,-0.275,0.050,1.029,-16.2,-36.8,86.3,95.21,WALKING
8050,0.858,-0.291,0.007,0.906,13.9,-19.3,27.6,36.43,WALKING
8100,0.816,-0.386,-0.062,0.905,30.8,9.2,-48.3,58.02,WALKING
8150,0.521,-0.295,-0.201,0.632,44.1,17.7,-113.6,123.14,WALKING
8200,0.523,-0.507,-0.220,0.761,43.1,45.9,-131.1,145.44,WALKING
8250,0.922,-0.453,-0.331,1.079,10.9,56.6,-186.9,195.59,WALKING
8300,0.855,-0.573,-0.201,1.049,65.6,28.6,-202.4,214.68,WALKING
8350,1.123,-1.047,-0.292,1.563,4.4,42.9,-172.7,178.00,WALKING
8400,0.955,-0.602,-0.173,1.142,-55.5,52.5,-131.5,152.08,WALKING
8450,0.884,-0.972,-0.298,1.347,-12.7,17.5,-68.1,71.45,WALKING
8500,1.035,-0.911,-0.285,1.408,-33.4,18.5,-15.3,41.13,WALKING
8550,0.981,-0.897,-0.232,1.349,30.7,0.5,30.8,43.49,WALKING
8600,0.874,-1.056,-0.079,1.373,10.2,26.8,78.1,83.20,WALKING
8650,0.741,-0.757,-0.033,1.060,-61.1,25.9,153.9,167.60,WALKING
8700,1.170,-0.505,-0.160,1.284,2.1,-1.1,179.6,179.62,WALKING
8750,1.153,-0.503,0.110,1.263,49.2,18.2,154.2,162.88,WALKING
8800,1.114,-0.548,-0.008,1.242,96.4,4.1,163.6,189.93,WALKING
8850,1.143,-0.624,-0.011,1.302,46.2,-4.2,202.4,207.65,WALKING
8900,1.173,-0.405,-0.264,1.269,-88.0,-24.8,202.0,221.73,WALKING
8950,1.079,-0.191,-0.349,1.150,-53.9,-46.2,138.5,155.63,WALKING
9000,0.722,-0.274,-0.192,0.796,-29.0,-56.9,36.2,73.41,WALKING
9050,0.547,-0.110,-0.214,0.598,23.6,-73.9,-68.0,103.16,WALKING
9100,0.846,-0.207,-0.094,0.876,45.6,-103.8,-219.8,247.32,WALKING
9150,1.157,-0.496,0.068,1.261,129.2,-120.4,-277.6,329.01,WALKING
9200,1.207,-0.753,0.040,1.423,81.7,-106.0,-241.5,276.10,WALKING
9250,0.925,-0.596,0.049,1.101,31.7,-77.4,-206.2,222.52,WALKING
9300,0.839,-0.941,0.234,1.282,74.9,-42.9,-163.2,184.62,WALKING
9350,0.995,-0.764,-0.022,1.255,61.6,-27.6,-143.3,158.40,WALKING
9400,1.050,-0.850,-0.245,1.373,114.4,-20.7,-107.6,158.41,WALKING
9450,1.009,-0.902,-0.245,1.375,146.2,-27.4,-81.4,169.56,WALKING
9500,0.809,-1.017,-0.134,1.306,142.2,-19.5,-27.0,146.05,WALKING
9550,0.771,-1.048,-0.381,1.356,45.6,0.3,17.4,48.81,WALKING
9600,0.745,-0.885,-0.331,1.203,-7.3,15.1,81.2,82.91,WALKING
9650,0.930,-0.797,-0.370,1.279,-19.6,12.9,129.2,131.31,WALKING
9700,1.151,-0.727,-0.353,1.406,-7.1,-9.1,173.8,174.18,WALKING
9750,1.172,-0.500,-0.272,1.303,15.6,-3.7,224.0,224.57,WALKING
9800,1.082,-0.472,-0.259,1.209,5.1,-7.3,242.4,242.56,WALKING
9850,0.947,-0.353,-0.183,1.027,-37.4,-6.3,206.5,209.95,WALKING
9900,0.744,-0.273,-0.079,0.796,-114.3,-23.7,133.1,177.04,WALKING
9950,0.610,0.245,-0.190,0.684,-97.4,-39.4,5.3,105.20,WALKING
10000,0.629,-0.060,-0.205,0.664,36.4,-27.0,-99.2,109.06,WALKING
10050,0.917,-0.400,-0.135,1.010,68.4,-17.7,-184.7,197.75,WALKING
10100,1.119,-0.485,-0.136,1.227,94.2,-9.4,-222.5,241.80,WALKING
10150,1.341,-0.590,-0.214,1.481,107.5,-32.1,-205.6,234.22,WALKING
10200,0.945,-0.685,-0.044,1.168,50.2,-35.3,-170.3,181.02,WALKING
10250,0.826,-0.767,-0.110,1.133,-4.6,4.3,-140.6,140.74,WALKING
10300,0.829,-0.738,-0.363,1.168,21.6,14.5,-135.2,137.68,WALKING
10350,0.777,-0.811,-0.437,1.205,64.8,24.1,-115.1,134.27,WALKING
10400,0.808,-0.985,-0.415,1.340,63.2,18.9,-73.5,98.76,WALKING
10450,0.793,-1.083,-0.470,1.422,43.8,3.8,0.0,43.96,WALKING
10500,1.286,-1.116,-0.415,1.753,35.5,0.3,56.2,66.47,WALKING
10550,1.110,-0.749,-0.252,1.363,40.1,-43.1,136.8,148.93,WALKING
10600,1.408,-0.754,-0.309,1.627,73.0,-46.3,204.1,221.65,WALKING
10650,1.271,-0.648,-0.248,1.448,101.1,-38.9,238.0,261.49,WALKING
10700,1.183,-0.559,-0.266,1.335,15.5,-7.3,241.8,242.41,WALKING
10750,0.972,-0.375,-0.193,1.060,-20.3,-13.3,240.1,241.32,WALKING
10800,0.732,-0.084,-0.223,0.770,-51.1,-19.2,172.8,181.22,WALKING
10850,0.623,-0.083,-0.065,0.632,-32.3,-19.0,83.5,91.52,WALKING
10900,0.748,-0.122,-0.160,0.775,-10.9,-24.8,-20.4,33.91,WALKING
10950,0.718,-0.178,-0.088,0.745,28.7,-28.4,-124.4,130.79,WALKING
11000,1.028,-0.401,-0.079,1.106,38.1,-37.5,-207.3,214.08,WALKING
11050,1.044,-0.586,0.000,1.197,-17.3,-31.0,-238.0,240.63,WALKING
11100,1.407,-0.485,0.013,1.488,-94.0,-2.3,-248.3,265.51,WALKING
11150,1.138,-0.616,0.081,1.297,119.4,-30.4,-234.4,264.81,WALKING
11200,0.974,-1.160,-0.042,1.515,123.1,-4.6,-166.6,207.20,WALKING
11250,0.831,-0.767,-0.200,1.148,3.9,62.0,-104.7,121.74,WALKING
11300,0.932,-0.731,-0.450,1.267,140.7,32.5,-80.2,165.18,WALKING
11350,0.855,-0.809,-0.343,1.226,139.6,-16.7,-47.8,148.50,WALKING
11400,0.856,-0.983,-0.447,1.378,98.0,-23.5,-2.0,100.80,WALKING
11450,1.061,-0.861,-0.291,1.397,78.4,-27.7,52.0,98.07,WALKING
11500,1.005,-0.583,-0.405,1.230,157.4,-87.2,112.1,212.00,WALKING
11550,0.963,-0.882,-0.292,1.338,171.1,-59.2,174.3,251.32,WALKING
11600,1.026,-0.766,-0.147,1.289,78.4,-30.3,190.0,207.76,WALKING
11650,1.003,-0.585,-0.165,1.173,-42.4,4.2,184.8,189.65,WALKING
11700,0.961,-0.425,-0.335,1.103,-5.1,-21.3,160.7,162.19,WALKING
11750,0.851,-0.365,-0.373,0.998,0.9,-14.2,151.2,151.87,WALKING
11800,0.738,-0.317,-0.174,0.822,-28.8,-7.0,106.4,110.45,WALKING
11850,0.807,-0.170,-0.201,0.849,-16.8,-35.2,51.4,64.52,WALKING
11900,0.684,-0.182,-0.059,0.710,19.5,-56.9,-33.5,68.85,WALKING
11950,0.703,-0.254,-0.144,0.761,49.2,-64.8,-106.6,134.10,WALKING
12000,1.100,-0.328,-0.038,1.148,70.6,-78.4,-207.4,232.69,WALKING
12050,1.458,-0.561,-0.094,1.565,119.6,-88.2,-263.2,302.25,WALKING
12100,1.373,-0.679,-0.088,1.534,117.4,-101.2,-203.5,255.81,WALKING
12150,1.072,-0.644,0.049,1.252,92.4,-77.4,-172.5,210.44,WALKING
12200,0.942,-0.814,-0.134,1.252,63.7,-69.5,-130.8,161.23,WALKING
12250,0.827,-0.779,-0.099,1.140,7.0,-37.0,-104.8,111.36,WALKING
12300,0.789,-0.654,-0.100,1.030,29.5,-18.7,-85.2,92.08,WALKING
12350,0.792,-0.676,-0.138,1.050,67.4,-5.3,-74.7,100.75,WALKING
12400,0.826,-0.775,-0.204,1.151,112.9,-6.3,-58.2,127.17,WALKING
12450,0.895,-0.988,-0.254,1.357,106.8,3.0,-31.2,111.30,WALKING
12500,0.638,-0.915,-0.394,1.183,72.1,4.2,28.2,77.53,WALKING
12550,0.833,-0.941,-0.332,1.300,-1.8,29.1,94.9,99.28,WALKING
12600,1.153,-0.683,-0.353,1.386,-5.6,-5.0,156.2,156.38,WALKING
12650,1.193,-0.587,-0.277,1.358,42.4,-17.8,187.3,192.86,WALKING
12700,1.209,-0.589,-0.158,1.354,39.2,-6.3,211.7,215.39,WALKING
12750,1.136,-0.494,-0.244,1.263,9.5,-4.1,200.5,200.77,WALKING
12800,1.014,-0.346,-0.249,1.100,-29.4,1.3,161.7,164.36,WALKING
12850,0.785,-0.018,-0.264,0.828,-24.1,-21.5,96.2,101.48,WALKING
12900,0.664,0.038,-0.222,0.701,15.6,-34.4,-7.0,38.42,WALKING
12950,0.666,-0.188,-0.159,0.710,18.8,-44.1,-96.8,108.02,WALKING
13000,0.978,-0.310,-0.149,1.037,35.4,-57.4,-167.3,180.38,WALKING
13050,1.257,-0.459,-0.073,1.340,91.9,-80.4,-211.6,244.30,WALKING
13100,1.351,-0.639,0.066,1.496,107.5,-95.4,-188.9,237.36,WALKING
13150,1.070,-0.633,0.005,1.243,98.5,-84.0,-153.5,200.80,WALKING
13200,0.824,-0.710,0.000,1.088,76.3,-53.9,-122.7,154.21,WALKING
13250,0.722,-0.728,-0.122,1.033,13.5,-28.6,-119.8,123.90,WALKING
13300,0.673,-0.781,-0.173,1.045,20.7,-29.8,-100.9,107.23,WALKING
13350,0.826,-0.849,-0.197,1.201,21.1,-29.3,-77.5,85.50,WALKING
13400,0.875,-0.948,-0.140,1.298,26.7,-12.5,-38.2,48.25,WALKING
13450,1.023,-0.948,-0.117,1.400,13.0,5.8,35.7,38.43,WALKING
13500,0.885,-0.850,-0.245,1.251,-25.5,29.2,73.0,82.66,WALKING
13550,0.939,-0.858,-0.144,1.280,-49.9,43.1,142.3,156.83,WALKING
13600,1.283,-0.650,-0.276,1.465,-65.3,25.2,168.4,182.37,WALKING
13650,1.121,-0.582,-0.166,1.274,-7.3,8.2,193.7,194.01,WALKING
13700,1.148,-0.536,-0.264,1.294,-11.2,8.6,216.0,216.46,WALKING
13750,1.038,-0.412,-0.158,1.128,-59.1,7.7,212.8,220.99,WALKING
13800,0.913,-0.256,-0.147,0.960,-37.2,-15.0,178.1,182.56,WALKING
13850,0.756,-0.171,-0.133,0.786,-34.7,-29.4,105.5,114.89,WALKING
13900,0.688,-0.147,-0.096,0.710,5.8,-39.0,9.9,40.65,WALKING
13950,0.623,-0.234,-0.109,0.674,23.1,-33.9,-75.9,86.28,WALKING
14000,0.870,-0.394,-0.150,0.967,32.0,-37.8,-152.1,159.96,WALKING
14050,0.982,-0.441,-0.120,1.083,57.0,-45.8,-191.8,205.27,WALKING
14100,1.332,-0.493,-0.139,1.427,93.2,-57.8,-204.6,232.14,WALKING
14150,1.016,-0.579,-0.040,1.170,119.0,-58.5,-190.4,232.02,WALKING
14200,0.931,-0.780,-0.081,1.217,75.2,-27.7,-172.4,190.12,WALKING
14250,0.867,-0.654,-0.111,1.092,-13.3,4.0,-151.8,152.43,WALKING
14300,0.791,-0.862,-0.232,1.193,-3.0,15.9,-124.6,125.65,WALKING
14350,0.798,-0.868,-0.205,1.197,14.6,11.7,-76.6,78.85,WALKING
14400,0.838,-0.899,-0.290,1.263,40.6,2.4,-24.9,47.69,WALKING
14450,1.180,-1.123,-0.390,1.675,9.3,-3.5,16.6,19.35,WALKING
14500,0.941,-0.732,-0.159,1.203,75.5,-18.4,111.0,135.50,WALKING
14550,1.128,-0.739,-0.359,1.395,111.2,-6.2,173.0,205.75,WALKING
14600,1.097,-0.589,-0.126,1.251,141.2,-29.4,181.3,231.67,WALKING
14650,1.093,-0.827,-0.343,1.413,116.0,-3.6,185.4,218.73,WALKING
14700,1.031,-0.595,-0.369,1.246,11.7,8.4,201.3,201.81,WALKING
14750,1.094,-0.378,-0.468,1.248,-29.8,3.0,201.6,203.81,WALKING
14800,1.042,-0.105,-0.350,1.104,-18.4,-35.5,136.2,141.95,WALKING
14850,0.818,0.012,-0.249,0.855,-6.7,-75.7,48.0,89.89,WALKING
14900,0.661,-0.104,-0.185,0.694,4.9,-69.9,-63.2,94.36,WALKING
14950,0.819,-0.292,-0.055,0.871,-6.0,-91.1,-143.7,170.25,WALKING
15000,1.228,-0.363,0.093,1.284,68.1,-112.0,-222.3,258.07,WALKING
15050,1.247,-0.710,0.197,1.448,77.6,-110.0,-238.0,273.43,WALKING
15100,1.155,-0.601,0.084,1.305,24.0,-78.0,-211.4,226.61,WALKING
15150,1.010,-0.694,0.105,1.230,69.8,-46.1,-181.3,199.67,WALKING
15200,0.867,-0.729,0.002,1.133,79.4,-29.2,-136.6,160.68,WALKING
15250,0.807,-0.838,-0.142,1.172,78.7,-18.4,-110.9,137.23,WALKING
15300,0.922,-0.938,-0.241,1.337,56.6,-19.8,-97.7,114.63,WALKING
15350,0.970,-1.005,-0.353,1.441,74.0,-21.7,-58.5,96.79,WALKING
15400,1.202,-1.221,-0.340,1.747,59.5,1.2,3.4,59.61,WALKING
15450,0.790,-0.895,-0.240,1.218,68.9,4.7,91.7,114.80,WALKING
15500,0.927,-0.920,-0.318,1.344,5.1,31.2,142.6,146.06,WALKING
15550,1.037,-0.644,-0.320,1.262,-23.3,6.3,164.4,166.16,WALKING
15600,1.097,-0.575,-0.209,1.256,14.3,-12.6,193.4,194.34,WALKING
15650,1.070,-0.506,-0.130,1.191,17.4,-25.8,200.0,202.41,WALKING
15700,0.955,-0.448,-0.127,1.062,-26.5,3.4,194.7,196.52,WALKING
15750,0.850,-0.338,-0.067,0.917,-34.0,3.2,169.1,172.51,WALKING
15800,0.715,-0.085,-0.144,0.734,-44.5,-12.8,88.2,99.62,WALKING
15850,0.660,-0.059,-0.069,0.666,-20.7,-11.3,-41.1,47.39,WALKING
15900,0.743,-0.285,-0.161,0.812,-25.4,-0.2,-122.9,125.50,WALKING
15950,0.960,-0.416,-0.161,1.059,-3.0,-13.7,-194.1,194.61,WALKING
16000,1.071,-0.556,-0.188,1.221,44.9,-17.3,-220.7,225.88,WALKING
16050,1.228,-0.652,-0.187,1.403,52.5,-24.4,-211.6,219.38,WALKING
16100,0.925,-0.720,-0.113,1.178,53.4,-23.8,-171.9,181.57,WALKING
16150,0.766,-0.877,-0.147,1.174,-22.1,6.6,-129.9,131.93,WALKING
16200,0.815,-0.776,-0.111,1.131,-41.7,13.7,-100.4,109.58,WALKING
16250,0.834,-0.936,-0.375,1.309,-18.7,18.0,-54.3,60.18,WALKING
16300,0.889,-0.887,-0.324,1.297,-23.1,5.1,-5.6,24.31,WALKING
16350,1.018,-0.827,-0.401,1.372,37.2,-14.0,38.9,55.62,WALKING
16400,1.159,-0.986,-0.310,1.553,35.7,-8.0,73.8,82.37,WALKING
16450,0.810,-0.800,-0.215,1.159,-10.2,8.6,131.1,131.78,WALKING
16500,1.167,-0.784,-0.165,1.416,-48.5,13.0,157.7,165.50,WALKING
16550,1.084,-0.604,-0.102,1.245,-49.0,-9.6,153.7,161.61,WALKING
16600,0.926,-0.589,-0.036,1.098,-4.6,-14.0,163.3,163.96,WALKING
16650,0.843,-0.516,0.000,0.988,-48.6,1.6,174.4,181.05,WALKING
16700,0.785,-0.340,0.004,0.855,-53.2,-4.1,149.6,158.83,WALKING
16750,0.798,-0.249,-0.013,0.836,-40.6,-28.4,106.5,117.46,WALKING
16800,0.814,-0.167,-0.032,0.832,3.6,-31.3,19.1,36.84,WALKING
16850,0.678,-0.227,0.019,0.715,32.2,-24.8,-60.0,72.47,WALKING
16900,0.842,-0.375,-0.080,0.925,30.4,-2.0,-129.8,133.33,WALKING
16950,0.898,-0.429,-0.165,1.009,23.1,13.0,-179.2,181.15,WALKING
17000,1.222,-0.616,-0.306,1.402,15.6,22.4,-195.3,197.20,WALKING
17050,1.046,-0.614,-0.207,1.230,12.8,10.5,-184.8,185.54,WALKING
17100,1.008,-0.885,-0.358,1.388,-11.9,44.2,-163.8,170.08,WALKING
17150,0.988,-0.787,-0.706,1.447,-118.3,82.2,-131.3,194.91,WALKING
17200,0.544,-0.881,-0.626,1.210,-78.6,32.9,-64.0,106.57,WALKING
17250,0.527,-1.165,-0.488,1.369,-62.7,18.2,3.3,65.37,WALKING
17300,0.441,-1.499,-0.298,1.591,-27.9,17.3,59.3,67.78,WALKING
17350,0.527,-1.537,0.091,1.627,-135.4,31.5,108.2,176.16,WALKING
17400,1.313,-1.230,0.457,1.856,-238.4,4.4,118.4,266.22,WALKING
17450,1.937,-0.888,0.883,2.307,-314.4,-36.7,143.5,347.54,WALKING
17500,1.460,-0.747,1.329,2.111,-334.8,42.9,183.5,384.19,WALKING
17550,1.186,-0.932,1.073,1.851,-279.2,77.6,159.1,330.59,WALKING
17600,0.801,-0.937,0.930,1.544,-153.4,130.4,171.3,264.35,WALKING
17650,0.808,-0.701,0.836,1.358,-94.9,149.6,156.1,236.12,WALKING
17700,1.064,-0.786,0.598,1.452,-143.2,160.8,140.6,257.16,WALKING
17750,1.085,-0.655,0.457,1.347,-163.4,142.3,141.8,258.95,WALKING
17800,1.039,-0.538,0.339,1.218,-127.1,130.5,136.2,227.45,WALKING
17850,1.042,-0.769,0.105,1.299,-59.9,108.9,135.2,183.65,WALKING
17900,0.986,-0.377,-0.008,1.056,-13.5,91.5,110.5,144.10,WALKING
17950,0.726,-0.297,-0.110,0.792,-19.3,79.4,57.6,99.97,WALKING
18000,0.719,-0.179,-0.150,0.756,-38.1,72.6,-28.7,86.87,WALKING
18050,0.722,-0.313,-0.262,0.829,-48.3,83.0,-105.0,142.29,WALKING
18100,0.957,-0.466,-0.334,1.116,-43.1,88.2,-150.0,179.27,WALKING
18150,1.268,-0.547,-0.399,1.437,-40.0,55.3,-171.0,184.12,WALKING
18200,0.989,-0.416,-0.145,1.083,-80.9,54.8,-114.1,150.22,WALKING
18250,0.919,-0.509,-0.576,1.198,-21.4,41.7,-70.8,84.91,WALKING
18300,0.741,-0.518,-0.223,0.931,6.7,11.8,-61.5,62.98,WALKING
18350,0.641,-0.596,-0.043,0.876,125.7,26.3,-55.3,139.82,WALKING
18400,0.950,-0.873,-0.106,1.295,119.4,-48.9,-40.0,135.08,WALKING
18450,0.927,-1.040,0.066,1.395,46.5,-8.5,12.2,48.82,WALKING
18500,0.997,-0.972,0.007,1.392,23.9,20.2,37.1,48.54,WALKING
18550,0.859,-0.881,0.073,1.233,-46.8,33.8,73.7,93.62,WALKING
18600,0.819,-0.636,0.103,1.042,-66.5,50.0,107.3,135.78,WALKING
18650,0.948,-0.772,0.035,1.223,-98.0,59.4,124.3,169.06,WALKING
18700,1.100,-0.650,-0.158,1.287,-104.3,35.9,146.5,183.38,WALKING
18750,0.991,-0.510,-0.034,1.115,-39.4,11.1,161.3,166.41,WALKING
18800,0.775,-0.509,0.006,0.927,-48.0,5.6,158.5,165.70,WALKING
18850,0.704,-0.380,-0.021,0.800,-82.4,14.7,122.0,147.95,WALKING
18900,0.726,-0.247,-0.054,0.769,-65.8,4.2,74.7,99.64,WALKING
18950,0.742,-0.224,-0.034,0.776,-20.6,-2.8,-13.5,24.79,WALKING
19000,0.704,-0.284,-0.068,0.762,31.0,-14.2,-96.2,102.06,WALKING
19050,0.894,-0.433,-0.049,0.995,40.8,-28.0,-167.0,174.18,WALKING
19100,0.841,-0.634,-0.146,1.063,40.3,-10.9,-174.4,179.33,WALKING
19150,1.336,-0.648,-0.226,1.502,19.8,-20.0,-156.5,159.01,WALKING
19200,0.932,-0.539,-0.066,1.079,47.8,-18.6,-147.7,156.35,WALKING
19250,0.715,-0.853,-0.263,1.144,50.2,5.3,-92.9,105.73,WALKING
19300,0.627,-0.595,-0.218,0.891,71.6,-8.8,-67.9,99.07,WALKING
19350,0.655,-0.828,-0.134,1.064,96.1,-25.1,-52.0,112.11,WALKING
19400,0.769,-0.899,-0.150,1.193,12.4,-14.0,-30.9,36.12,WALKING
19450,0.921,-0.872,-0.167,1.279,-17.4,-0.3,-21.9,27.97,WALKING
19500,1.228,-0.977,-0.159,1.577,-30.8,8.8,3.6,32.23,WALKING
19550,0.994,-0.838,-0.163,1.310,-27.2,11.6,44.9,53.76,WALKING
19600,0.979,-0.852,-0.068,1.300,-41.0,23.5,121.7,130.55,WALKING
19650,1.079,-0.641,-0.134,1.262,-57.2,21.2,146.2,158.42,WALKING
19700,0.942,-0.488,-0.065,1.063,6.8,4.4,162.8,163.00,WALKING
19750,0.815,-0.500,-0.005,0.956,-27.3,16.1,169.6,172.54,WALKING
19800,0.874,-0.399,-0.055,0.962,-43.6,6.0,160.6,166.52,WALKING
19850,0.853,-0.231,-0.081,0.887,-28.1,-8.1,114.8,118.47,WALKING
19900,0.882,-0.196,-0.075,0.907,-12.1,-30.3,55.5,64.38,WALKING
19950,0.802,-0.153,-0.070,0.819,12.4,-47.0,-24.5,54.43,WALKING
20000,0.794,-0.310,-0.048,0.854,54.2,-43.6,-83.5,108.68,WALKING
20050,0.939,-0.397,-0.022,1.020,29.4,-30.8,-150.3,156.21,WALKING
20100,1.041,-0.665,-0.114,1.241,33.8,-20.3,-176.0,180.36,WALKING
20150,1.131,-0.576,-0.048,1.270,33.4,-37.3,-180.1,186.93,WALKING
20200,0.760,-0.653,0.023,1.002,91.7,-32.6,-148.1,177.22,WALKING
20250,0.632,-0.798,-0.050,1.019,14.2,-1.0,-106.2,107.15,WALKING
20300,0.814,-0.710,-0.120,1.087,25.1,7.5,-88.9,92.68,WALKING
20350,0.874,-0.830,-0.210,1.223,75.4,13.0,-66.7,101.50,WALKING
20400,0.861,-0.980,-0.252,1.329,35.5,21.5,-39.2,57.09,WALKING
20450,1.014,-0.828,-0.375,1.362,37.8,1.6,8.2,38.71,WALKING
20500,1.157,-0.934,-0.396,1.539,82.2,-23.5,55.7,102.04,WALKING
20550,1.088,-0.911,-0.329,1.457,43.3,-22.8,128.5,137.50,WALKING
20600,1.281,-0.688,-0.332,1.491,1.8,-35.1,156.5,160.40,WALKING
20650,0.969,-0.566,-0.171,1.135,16.1,-36.9,167.0,171.78,WALKING
20700,0.733,-0.512,0.093,0.899,-24.5,-7.7,171.7,173.61,WALKING
20750,0.753,-0.437,-0.034,0.871,-76.3,4.7,166.4,183.12,WALKING
20800,0.755,-0.327,-0.041,0.824,-79.9,3.7,129.7,152.38,WALKING
20850,0.805,-0.234,-0.019,0.839,-48.0,-20.1,76.7,92.69,WALKING
20900,0.808,-0.206,-0.009,0.834,1.0,-31.8,-0.6,31.82,WALKING
20950,0.771,-0.302,-0.020,0.828,43.6,-27.4,-83.4,98.02,WALKING
21000,0.896,-0.378,-0.149,0.984,50.5,-19.3,-155.6,164.72,WALKING
21050,0.697,-0.538,-0.205,0.904,64.9,-17.5,-165.5,178.63,WALKING
21100,1.085,-0.591,-0.304,1.272,46.8,-35.6,-171.4,181.21,WALKING
21150,0.883,-0.456,-0.039,0.995,105.8,-63.2,-188.7,225.38,WALKING
21200,0.780,-0.896,-0.150,1.197,97.8,-25.6,-166.4,194.70,WALKING
21250,0.796,-0.908,-0.260,1.235,-90.9,13.3,-149.5,175.47,WALKING
21300,0.960,-0.852,-0.451,1.360,-51.3,6.2,-118.3,129.09,WALKING
21350,0.968,-0.997,-0.292,1.420,0.3,-22.0,-51.7,56.19,WALKING
21400,0.930,-0.964,-0.311,1.375,25.9,-23.8,21.2,41.07,WALKING
21450,1.200,-0.977,-0.213,1.562,19.3,-18.4,63.0,68.41,WALKING
21500,0.910,-0.816,-0.061,1.224,3.9,-0.8,109.1,109.17,WALKING
21550,1.131,-0.778,-0.028,1.373,-73.0,28.2,126.8,149.00,WALKING
21600,1.028,-0.613,-0.047,1.198,-99.1,28.9,132.9,168.28,WALKING
21650,0.830,-0.545,0.019,0.993,-70.7,33.6,167.3,184.71,WALKING
21700,0.817,-0.550,0.063,0.987,-97.5,30.8,180.5,207.45,WALKING
21750,0.835,-0.372,0.065,0.916,-94.2,5.9,166.4,191.30,WALKING
21800,0.841,-0.350,0.047,0.912,-104.7,-13.5,116.1,156.92,WALKING
21850,0.852,-0.289,0.006,0.900,-58.7,-19.3,51.3,80.31,WALKING
21900,0.886,-0.382,-0.076,0.968,-8.8,-2.3,-2.9,9.55,WALKING
21950,0.976,-0.417,-0.083,1.065,17.8,22.8,-62.5,68.87,WALKING
22000,0.682,-0.320,-0.250,0.794,30.8,38.3,-103.7,114.76,WALKING
22050,0.915,-0.631,-0.291,1.149,-21.2,50.2,-111.1,123.74,WALKING
22100,0.835,-0.350,-0.249,0.939,-84.6,53.7,-131.4,165.25,WALKING
22150,0.626,-0.500,-0.307,0.858,34.4,65.3,-121.1,141.82,WALKING
22200,0.682,-0.723,-0.386,1.066,-9.5,69.7,-91.1,115.10,WALKING
22250,0.708,-0.641,-0.326,1.009,-26.8,53.7,-73.4,94.81,WALKING
22300,0.773,-0.794,-0.365,1.167,31.1,34.2,-71.1,84.81,WALKING
22350,0.975,-0.887,-0.382,1.372,-33.8,12.8,-42.4,55.71,WALKING
22400,1.261,-0.933,-0.272,1.592,-14.1,-4.6,-0.3,14.83,WALKING
22450,1.219,-0.855,-0.234,1.507,-24.7,-23.3,56.9,66.26,WALKING
22500,1.014,-0.894,0.035,1.352,-8.6,-2.8,119.0,119.34,WALKING
22550,1.029,-0.772,-0.076,1.289,-95.2,13.9,152.1,179.97,WALKING
22600,0.851,-0.591,0.009,1.036,-30.4,20.3,178.3,182.01,WALKING
22650,0.763,-0.578,0.009,0.957,-33.2,29.1,190.8,195.84,WALKING
22700,0.830,-0.482,0.036,0.960,-92.8,20.5,175.4,199.49,WALKING
22750,1.034,-0.395,0.044,1.108,-70.8,-6.3,127.8,146.24,WALKING
22800,1.164,-0.423,0.116,1.244,-32.9,-22.4,80.0,89.35,WALKING
22850,1.040,-0.206,-0.055,1.062,4.2,-28.9,19.0,34.84,WALKING
22900,0.752,-0.223,-0.050,0.786,58.3,-12.6,-69.7,91.74,WALKING
22950,0.529,-0.271,-0.146,0.612,28.3,5.8,-125.3,128.59,WALKING
23000,0.969,-0.321,-0.290,1.061,0.9,20.1,-177.6,178.74,WALKING
23050,0.935,-0.415,-0.194,1.041,39.6,-0.2,-227.8,231.22,WALKING
23100,0.912,-0.743,-0.262,1.205,61.9,3.8,-200.6,209.97,WALKING
23150,0.911,-0.798,-0.284,1.244,-9.3,13.3,-154.4,155.25,WALKING
23200,0.932,-0.890,-0.366,1.340,-29.8,5.6,-124.7,128.33,WALKING
23250,0.876,-1.073,-0.523,1.481,-27.6,7.0,-74.3,79.57,WALKING
23300,0.797,-0.915,-0.356,1.265,16.2,-4.2,-2.4,16.91,WALKING
23350,1.177,-1.019,-0.159,1.565,20.6,-12.8,36.9,44.16,WALKING
23400,0.913,-0.882,-0.260,1.296,-44.3,-12.8,91.2,102.19,WALKING
23450,1.336,-0.820,-0.046,1.568,-88.6,-5.9,147.1,171.82,WALKING
23500,1.207,-0.687,-0.066,1.390,-24.7,-19.3,174.9,177.69,WALKING
23550,0.957,-0.585,0.160,1.133,12.2,22.4,209.0,210.55,WALKING
23600,0.969,-0.526,0.097,1.107,-48.4,24.0,219.0,225.56,WALKING
23650,0.910,-0.369,0.103,0.987,-88.1,26.6,195.7,216.26,WALKING
23700,0.925,-0.192,0.071,0.947,-58.0,7.8,156.9,167.46,WALKING
23750,0.734,0.084,0.045,0.740,-7.4,-2.1,80.7,81.07,WALKING
23800,0.665,-0.046,-0.042,0.668,11.3,-7.9,-28.6,31.75,WALKING
23850,0.717,-0.183,-0.108,0.748,-32.2,13.3,-119.2,124.19,WALKING
23900,1.186,-0.346,-0.141,1.243,-3.0,44.9,-202.5,207.44,WALKING
23950,1.309,-0.671,-0.370,1.517,8.2,73.6,-250.3,261.03,WALKING
24000,1.269,-0.828,-0.319,1.548,-58.5,78.6,-233.0,252.76,WALKING
24050,1.094,-0.823,-0.406,1.428,-66.2,58.2,-192.7,211.90,WALKING
24100,0.884,-0.820,-0.490,1.302,-46.6,12.6,-114.1,123.89,WALKING
24150,0.714,-1.301,-0.408,1.539,-90.3,15.8,-36.9,98.82,WALKING
24200,0.636,-0.849,-0.402,1.134,-92.3,0.3,42.0,101.41,WALKING
24250,0.844,-0.842,-0.149,1.201,1.6,-35.2,86.4,93.31,WALKING
24300,1.193,-0.757,0.226,1.431,-32.6,-34.8,124.1,132.95,WALKING
24350,1.375,-0.870,0.264,1.648,-79.3,1.1,132.3,154.25,WALKING
24400,1.244,-0.682,0.471,1.495,-139.3,57.9,170.8,227.88,WALKING
24450,1.132,-0.649,0.212,1.322,-117.0,65.3,175.1,220.48,WALKING
24500,1.024,-0.578,0.176,1.189,-45.0,48.7,199.9,210.61,WALKING
24550,0.840,-0.494,0.152,0.986,-60.0,71.4,199.9,220.59,WALKING
24600,0.835,-0.444,0.099,0.951,-117.1,64.4,162.4,210.32,WALKING
24650,0.874,-0.378,0.059,0.954,-109.4,39.9,121.5,168.29,WALKING
24700,0.976,-0.217,0.089,1.004,6.5,8.4,68.5,69.32,WALKING
24750,0.928,-0.218,-0.044,0.954,-8.9,0.7,-13.9,16.52,WALKING
24800,0.750,-0.309,-0.136,0.822,79.2,29.3,-104.0,133.97,WALKING
24850,0.666,-0.440,-0.283,0.847,61.3,25.6,-140.7,155.59,WALKING
24900,0.955,-0.528,-0.219,1.113,56.9,20.7,-156.8,168.08,WALKING
24950,0.980,-0.527,-0.259,1.142,92.4,-5.3,-174.2,197.26,WALKING
25000,0.844,-0.780,-0.185,1.164,22.1,-11.4,-162.6,164.49,WALKING
25050,0.785,-0.808,-0.177,1.140,-37.1,6.0,-123.8,129.38,WALKING
25100,0.902,-0.759,-0.370,1.236,-5.5,-6.0,-96.9,97.24,WALKING
25150,0.773,-0.919,-0.209,1.219,3.5,11.3,-62.6,63.71,WALKING
25200,0.858,-0.977,-0.240,1.322,-51.5,15.4,-28.6,60.89,WALKING
25250,0.973,-0.875,-0.223,1.327,-42.4,6.7,16.1,45.85,WALKING
25300,1.090,-0.945,-0.284,1.470,-50.6,3.9,69.9,86.38,WALKING
25350,1.092,-0.910,-0.052,1.422,-58.8,5.4,138.3,150.38,WALKING
25400,1.409,-0.743,-0.091,1.595,-95.2,4.3,161.2,187.26,WALKING
25450,1.116,-0.593,0.023,1.264,-18.5,-1.8,187.1,188.02,WALKING
25500,0.911,-0.560,0.001,1.069,-6.9,10.5,215.2,215.57,WALKING
25550,0.797,-0.413,0.007,0.898,-66.9,23.2,211.2,222.75,WALKING
25600,0.810,-0.300,0.111,0.871,-79.5,11.6,171.0,188.93,WALKING
25650,0.837,-0.236,0.050,0.871,-54.1,-19.8,108.1,122.49,WALKING
25700,0.874,-0.089,0.196,0.900,-76.3,-72.8,22.6,107.85,WALKING
25750,0.756,-0.245,-0.109,0.802,34.2,-14.5,-77.8,86.21,WALKING
25800,0.780,-0.329,-0.146,0.859,45.9,9.8,-155.1,162.05,WALKING
25850,0.806,-0.488,-0.200,0.963,48.3,14.7,-187.9,194.56,WALKING
25900,1.213,-0.578,-0.357,1.390,52.9,14.0,-229.3,235.74,WALKING
25950,1.026,-0.702,-0.259,1.270,39.5,-11.7,-218.8,222.64,WALKING
26000,0.849,-0.870,-0.201,1.232,2.1,5.9,-161.9,162.02,WALKING
26050,0.862,-0.773,-0.233,1.181,0.1,20.5,-108.4,110.32,WALKING
26100,0.745,-0.910,-0.305,1.215,19.3,24.8,-75.6,81.87,WALKING
26150,0.785,-0.947,-0.261,1.257,-49.2,24.9,-41.5,69.01,WALKING
26200,1.027,-0.815,-0.347,1.356,20.8,-9.4,4.0,23.17,WALKING
26250,1.285,-1.095,-0.199,1.700,74.9,-14.4,54.3,93.63,WALKING
26300,0.931,-0.882,-0.290,1.315,23.8,-4.6,123.3,125.66,WALKING
26350,1.068,-0.849,-0.183,1.377,-42.5,16.1,176.6,182.35,WALKING
26400,1.245,-0.622,-0.218,1.409,-59.7,1.8,184.0,193.45,WALKING
26450,1.000,-0.551,-0.074,1.144,11.6,-14.0,171.9,172.86,WALKING
26500,0.880,-0.528,-0.080,1.029,-40.9,-6.7,177.8,182.57,WALKING
26550,0.812,-0.382,-0.025,0.898,-84.2,-0.9,166.1,186.22,WALKING
26600,0.822,-0.061,-0.047,0.826,-48.5,-25.6,119.5,131.48,WALKING
26650,0.711,-0.015,-0.009,0.711,14.9,-29.1,19.0,37.81,WALKING
26700,0.713,-0.171,-0.055,0.735,11.3,-18.7,-66.7,70.19,WALKING
26750,0.901,-0.357,-0.162,0.983,1.6,-0.2,-145.1,145.11,WALKING
26800,0.988,-0.337,-0.242,1.072,5.2,-6.5,-206.6,206.77,WALKING
26850,1.271,-0.630,-0.251,1.441,64.3,-1.1,-230.5,239.30,WALKING
26900,1.316,-0.754,-0.325,1.551,43.1,-6.7,-223.2,227.42,WALKING
26950,0.839,-0.807,-0.318,1.207,42.2,-7.4,-157.5,163.22,WALKING
27000,0.760,-0.786,-0.298,1.133,-52.5,10.8,-102.6,115.76,WALKING
27050,0.726,-0.808,-0.284,1.123,37.1,-13.0,-93.2,101.15,WALKING
27100,0.673,-0.923,-0.371,1.201,50.5,-15.2,-65.3,83.94,WALKING
27150,0.766,-0.974,-0.199,1.255,74.6,-22.2,-19.0,80.12,WALKING
27200,1.124,-1.089,-0.048,1.566,47.2,-6.4,37.2,60.44,WALKING
27250,1.071,-0.920,-0.209,1.427,-15.8,17.5,94.8,97.69,WALKING
27300,1.159,-0.817,-0.062,1.419,-33.4,39.3,163.7,171.63,WALKING
27350,1.345,-0.677,-0.157,1.514,-66.5,37.7,187.3,202.30,WALKING
27400,1.129,-0.561,0.068,1.263,-21.7,44.5,203.9,209.82,WALKING
27450,1.114,-0.543,-0.080,1.242,-69.7,55.5,201.8,220.59,WALKING
27500,0.968,-0.376,-0.021,1.039,-105.2,39.5,198.6,228.19,WALKING
27550,0.799,-0.144,-0.110,0.819,-50.8,17.6,158.9,167.75,WALKING
27600,0.630,-0.004,-0.002,0.630,-59.6,-5.1,68.1,90.64,WALKING
27650,0.698,-0.095,-0.031,0.705,-20.8,-18.2,-32.2,42.43,WALKING
27700,0.952,-0.252,-0.065,0.987,17.6,-14.7,-114.3,116.58,WALKING
27750,1.082,-0.308,-0.078,1.128,46.8,-13.5,-206.5,212.17,WALKING
27800,1.015,-0.711,-0.135,1.247,44.3,0.2,-202.4,207.19,WALKING
27850,1.319,-0.583,-0.153,1.450,5.3,30.3,-207.4,209.67,WALKING
27900,1.132,-0.593,-0.321,1.318,22.8,-2.3,-184.3,185.72,WALKING
27950,1.060,-0.900,-0.053,1.392,-74.1,10.8,-137.2,156.31,WALKING
28000,0.847,-0.594,-0.406,1.111,52.4,-5.9,-72.2,89.41,WALKING
28050,0.659,-0.719,-0.200,0.996,145.3,-35.4,-14.9,150.29,WALKING
28100,0.621,-0.589,-0.222,0.884,163.4,-70.0,26.8,179.77,WALKING
28150,0.751,-0.688,-0.141,1.028,133.3,-71.1,59.7,162.44,WALKING
28200,1.204,-0.693,-0.282,1.418,118.3,-95.9,68.0,166.78,WALKING
28250,1.494,-0.770,0.003,1.681,203.4,-98.2,72.1,237.09,WALKING
28300,1.073,-0.822,-0.163,1.361,206.2,-20.3,126.9,242.97,WALKING
28350,0.886,-0.804,-0.278,1.228,60.3,19.8,196.6,206.59,WALKING
28400,0.994,-0.418,-0.466,1.175,-73.9,-10.7,203.7,216.95,WALKING
28450,0.835,-0.209,-0.309,0.915,23.2,-96.9,140.0,171.84,WALKING
28500,0.636,-0.127,-0.196,0.678,56.5,-162.2,59.1,181.64,WALKING
28550,0.731,-0.291,-0.210,0.814,78.8,-163.8,-48.7,188.18,WALKING
28600,0.506,-0.399,-0.277,0.701,47.3,-136.7,-125.5,191.51,WALKING
28650,0.706,-0.538,-0.077,0.891,65.8,-150.9,-156.4,227.07,WALKING
28700,0.862,-0.428,0.228,0.989,-4.6,-172.5,-216.5,276.86,WALKING
28750,1.005,-0.536,0.188,1.154,146.5,-184.0,-225.3,325.70,WALKING
28800,1.056,-0.628,0.309,1.267,142.7,-98.4,-227.8,286.25,WALKING
28850,1.402,-0.808,0.296,1.645,139.0,-86.8,-209.5,265.98,WALKING
28900,1.236,-0.796,0.259,1.493,232.1,-85.5,-156.8,292.86,WALKING
28950,0.969,-0.953,0.286,1.389,220.1,-64.2,-97.0,248.95,WALKING
29000,0.856,-0.998,0.090,1.318,115.7,-41.2,-90.4,152.50,WALKING
29050,0.686,-1.190,0.000,1.374,58.4,-24.8,-79.4,101.64,WALKING
29100,0.562,-1.093,-0.126,1.235,61.3,-3.6,-10.7,62.33,WALKING
29150,0.628,-1.102,-0.160,1.278,63.0,13.5,63.4,90.39,WALKING
29200,0.894,-0.933,-0.236,1.314,45.5,6.0,94.0,104.61,WALKING
29250,0.825,-0.878,-0.153,1.214,79.6,6.2,152.5,172.14,WALKING
29300,0.869,-0.849,-0.121,1.221,40.7,16.9,189.2,194.26,WALKING
29350,0.923,-0.719,-0.221,1.191,3.6,13.3,195.7,196.18,WALKING
29400,0.864,-0.584,-0.165,1.056,-20.8,18.4,165.4,167.72,WALKING
29450,0.929,-0.425,-0.112,1.028,-19.3,-6.7,113.1,114.93,WALKING
29500,0.955,-0.279,-0.241,1.024,-2.5,-12.9,42.1,44.10,WALKING
29550,0.794,-0.226,-0.182,0.845,-4.2,-36.9,-41.0,55.32,WALKING
29600,0.733,-0.269,-0.137,0.793,-0.2,-47.4,-128.5,136.96,WALKING
29650,0.767,-0.462,-0.223,0.923,32.3,-54.7,-145.4,158.67,WALKING
29700,1.045,-0.448,-0.082,1.140,3.2,-62.3,-181.9,192.30,WALKING
29750,0.892,-0.661,-0.082,1.113,35.7,-45.7,-196.9,205.26,WALKING
29800,0.785,-0.730,-0.170,1.085,-24.9,-25.9,-167.2,171.02,WALKING
29850,0.797,-0.679,-0.299,1.089,26.6,-25.1,-132.3,137.26,WALKING
29900,0.765,-0.998,-0.258,1.284,28.0,-16.8,-94.2,99.70,WALKING
29950,0.859,-0.946,-0.253,1.303,25.3,-11.9,-47.6,55.20,WALKING
Recording stopped

Samples dumped: 600
