
Recording started
time,accelX,accelY,accelZ,accelMagnitude,gyroX,gyroY,gyroZ,gyroMagnitude,activity
0,0.844,-0.549,-0.167,1.021,1.0,1.9,-4.4,4.90,WALKING
50,0.847,-0.573,-0.173,1.037,1.3,-1.4,2.3,2.99,WALKING
100,0.810,-0.537,-0.181,0.989,1.5,-2.9,2.3,3.99,WALKING
150,0.789,-0.521,-0.183,0.963,0.9,-4.4,0.0,4.49,WALKING
200,0.799,-0.526,-0.186,0.975,2.5,-4.5,-1.8,5.45,WALKING
250,0.819,-0.550,-0.179,1.003,-0.1,0.2,-4.5,4.51,WALKING
300,0.826,-0.544,-0.172,1.004,0.0,1.4,2.1,2.52,WALKING
350,0.811,-0.542,-0.176,0.991,-2.1,1.9,1.6,3.25,WALKING
400,0.795,-0.518,-0.180,0.966,1.3,1.8,-0.9,2.40,WALKING
450,0.754,-0.506,-0.179,0.926,10.0,-2.2,5.2,11.48,WALKING
500,0.642,-0.556,-0.148,0.862,7.0,1.2,1.6,7.28,WALKING
550,0.729,-0.678,-0.205,1.016,3.2,9.3,-8.7,13.13,WALKING
600,0.871,-0.780,-0.265,1.199,-1.7,3.0,-0.4,3.47,WALKING
650,0.810,-0.814,-0.252,1.176,27.3,-9.7,23.8,37.49,WALKING
700,0.667,-0.744,-0.210,1.021,20.0,-5.5,48.0,52.29,WALKING
750,0.590,-0.620,-0.189,0.876,-10.1,3.8,43.8,45.11,WALKING
800,0.666,-0.540,-0.182,0.877,-10.0,-4.4,13.9,17.68,WALKING
850,0.821,-0.522,-0.177,0.989,11.0,-21.9,-6.5,25.35,WALKING
900,0.857,-0.523,-0.144,1.014,21.7,-25.9,-16.8,37.74,WALKING
950,0.917,-0.470,-0.120,1.037,13.3,-17.2,-37.7,43.52,WALKING
1000,0.927,-0.473,-0.106,1.046,6.3,-8.3,-64.9,65.73,WALKING
1050,0.894,-0.539,-0.133,1.052,-14.8,-2.8,-71.5,73.07,WALKING
1100,0.793,-0.438,-0.119,0.914,-6.5,-13.0,-56.4,58.24,WALKING
1150,0.875,-0.554,-0.154,1.047,31.9,-4.5,-42.0,52.93,WALKING
1200,0.884,-0.560,-0.200,1.065,12.4,-1.9,-37.3,39.35,WALKING
1250,0.717,-0.482,-0.275,0.907,10.0,2.5,-13.9,17.30,WALKING
1300,0.690,-0.405,-0.221,0.830,5.6,-7.5,-17.5,19.85,WALKING
1350,0.711,-0.419,-0.242,0.860,19.5,-10.5,-15.4,26.98,WALKING
1400,0.809,-0.500,-0.197,0.971,4.6,-11.1,-13.7,18.22,WALKING
1450,0.869,-0.525,-0.207,1.036,21.7,-2.6,-14.7,26.34,WALKING
1500,0.919,-0.591,-0.211,1.113,15.8,-1.8,-7.9,17.76,WALKING
1550,0.975,-0.619,-0.247,1.181,3.7,5.5,-6.5,9.28,WALKING
1600,1.056,-0.632,-0.304,1.268,7.5,-4.9,-0.9,9.00,WALKING
1650,0.911,-0.620,-0.243,1.128,12.4,-10.9,33.3,37.17,WALKING
1700,0.854,-0.421,-0.001,0.952,-18.2,1.1,52.5,55.58,WALKING
1750,0.879,-0.104,0.010,0.885,-49.0,15.8,42.2,66.57,WALKING
1800,1.011,-0.190,0.026,1.029,-19.9,1.8,12.1,23.36,WALKING
1850,0.914,-0.328,-0.034,0.972,-31.2,12.8,3.2,33.88,WALKING
1900,0.768,-0.479,-0.067,0.908,-42.4,23.6,6.4,48.95,WALKING
1950,0.793,-0.501,-0.152,0.950,-91.2,21.5,7.7,94.02,WALKING
2000,0.851,-0.483,-0.183,0.995,7.7,-9.2,17.1,20.89,WALKING
2050,0.902,-0.465,-0.241,1.043,14.2,-20.0,26.8,36.33,WALKING
2100,0.955,-0.354,-0.083,1.022,0.7,-12.9,10.6,16.71,WALKING
2150,1.047,-0.264,-0.128,1.087,-19.1,-11.4,-19.3,29.45,WALKING
2200,1.266,-0.365,-0.117,1.323,-5.3,-10.2,-46.6,48.00,WALKING
2250,0.912,-0.405,-0.073,1.001,26.8,-12.8,-50.8,58.84,WALKING
2300,0.558,-0.264,-0.120,0.629,-11.2,2.8,-14.4,18.46,WALKING
2350,1.018,-0.209,-0.150,1.050,4.2,-21.5,-30.4,37.47,WALKING
2400,0.948,-0.351,-0.066,1.013,81.1,-36.1,-31.7,94.26,WALKING
2450,0.777,-0.517,-0.182,0.951,20.0,0.0,-11.4,23.02,WALKING
2500,0.728,-0.419,-0.280,0.885,11.2,1.4,-4.7,12.23,WALKING
2550,0.739,-0.564,-0.299,0.977,18.1,-8.1,-7.4,21.17,WALKING
2600,0.753,-0.615,-0.287,1.014,10.2,-3.9,11.9,16.15,WALKING
2650,0.769,-0.645,-0.250,1.034,5.2,6.4,31.3,32.37,WALKING
2700,0.880,-0.593,-0.220,1.084,-4.3,6.5,39.4,40.16,WALKING
2750,1.026,-0.577,-0.170,1.189,12.6,-1.6,43.0,44.84,WALKING
2800,1.225,-0.562,-0.185,1.360,1.7,-2.4,39.6,39.71,WALKING
2850,0.837,-0.567,-0.080,1.014,-6.5,12.3,75.4,76.67,WALKING
2900,0.997,-0.488,-0.076,1.113,-50.9,18.4,78.7,95.51,WALKING
2950,0.804,-0.388,-0.025,0.893,-26.2,17.0,70.8,77.38,WALKING
3000,0.801,-0.458,-0.076,0.926,-29.6,19.7,56.8,67.01,WALKING
3050,0.730,-0.334,-0.075,0.806,-33.1,10.4,42.1,54.55,WALKING
3100,0.725,-0.293,-0.081,0.786,-17.0,-0.9,12.6,21.18,WALKING
3150,0.783,-0.323,-0.080,0.851,2.1,-6.3,-19.6,20.69,WALKING
3200,0.856,-0.459,-0.054,0.973,28.0,-13.7,-46.9,56.31,WALKING
3250,0.959,-0.558,-0.141,1.118,19.3,-13.7,-58.0,62.64,WALKING
3300,0.934,-0.519,-0.154,1.080,24.2,-18.0,-57.0,64.49,WALKING
3350,1.135,-0.576,-0.136,1.280,28.7,-19.9,-78.0,85.46,WALKING
3400,0.819,-0.510,-0.160,0.978,30.7,-11.9,-89.0,94.90,WALKING
3450,0.676,-0.494,-0.211,0.863,4.9,2.0,-40.0,40.35,WALKING
3500,1.052,-0.221,-0.249,1.103,31.0,-25.8,-51.7,65.57,WALKING
3550,0.844,-0.493,-0.127,0.986,115.7,-44.1,-60.7,137.90,WALKING
3600,0.740,-0.615,-0.169,0.977,31.2,-8.0,-48.0,57.81,WALKING
3650,0.786,-0.503,-0.266,0.970,-0.9,0.8,-39.0,39.02,WALKING
3700,0.763,-0.539,-0.220,0.960,13.5,-0.8,-23.1,26.77,WALKING
3750,0.773,-0.620,-0.247,1.021,8.8,-4.6,-3.3,10.46,WALKING
3800,0.852,-0.650,-0.274,1.106,-7.9,1.3,9.3,12.27,WALKING
3850,1.069,-0.757,-0.246,1.333,-10.4,-7.0,24.0,27.08,WALKING
3900,0.994,-0.578,-0.297,1.188,-3.9,-18.6,55.3,58.47,WALKING
3950,0.989,-0.582,-0.180,1.162,34.5,-12.8,105.5,111.73,WALKING
4000,1.081,-0.506,-0.164,1.205,-4.9,-8.9,103.2,103.70,WALKING
4050,0.876,-0.498,-0.068,1.010,-29.0,3.0,97.7,101.96,WALKING
4100,0.866,-0.452,-0.105,0.982,-53.0,5.8,87.9,102.81,WALKING
4150,0.734,-0.422,-0.069,0.849,-38.5,9.3,85.1,93.87,WALKING
4200,0.688,-0.422,-0.083,0.811,-60.1,28.7,68.4,95.47,WALKING
4250,0.768,-0.345,-0.135,0.853,-50.2,15.4,42.2,67.36,WALKING
4300,0.815,-0.348,-0.142,0.897,-9.2,2.5,21.2,23.24,WALKING
4350,0.880,-0.408,-0.190,0.988,4.6,3.7,-6.5,8.78,WALKING
4400,0.929,-0.355,-0.266,1.029,28.8,-5.5,-37.3,47.44,WALKING
4450,1.352,-0.523,-0.294,1.479,72.1,-35.1,-93.1,122.87,WALKING
4500,0.880,-0.471,-0.201,1.018,73.9,-41.5,-122.2,148.72,WALKING
4550,0.758,-0.581,-0.254,0.988,47.6,-27.1,-39.6,67.59,WALKING
4600,0.934,-0.323,-0.125,0.996,71.1,-66.2,-51.5,109.95,WALKING
4650,0.713,-0.545,-0.029,0.898,148.6,-86.6,-73.5,187.04,WALKING
4700,0.608,-0.627,-0.052,0.875,85.8,-44.1,-66.7,117.28,WALKING
4750,0.592,-0.679,-0.169,0.917,31.4,-15.9,-68.9,77.37,WALKING
4800,0.712,-0.636,-0.269,0.992,52.5,-16.5,-56.9,79.16,WALKING
4850,0.703,-0.682,-0.249,1.011,51.0,-16.7,-34.5,63.80,WALKING
4900,0.804,-0.724,-0.299,1.122,22.2,5.3,-1.1,22.85,WALKING
4950,0.811,-0.608,-0.263,1.047,28.2,-1.6,8.1,29.38,WALKING
5000,1.255,-0.802,-0.358,1.532,16.3,-9.3,3.5,19.09,WALKING
5050,0.935,-0.642,-0.193,1.150,0.0,-19.1,50.8,54.27,WALKING
5100,1.019,-0.518,-0.210,1.162,30.9,-18.2,86.3,93.45,WALKING
5150,0.885,-0.534,-0.239,1.061,27.7,-20.7,78.9,86.15,WALKING
5200,0.772,-0.477,-0.175,0.924,3.0,-0.7,79.2,79.26,WALKING
5250,0.797,-0.359,-0.255,0.911,15.6,-21.6,73.2,77.90,WALKING
5300,0.726,-0.349,-0.154,0.820,15.1,-33.3,40.0,54.19,WALKING
5350,0.759,-0.421,-0.176,0.886,47.2,-40.6,13.7,63.75,WALKING
5400,0.834,-0.439,-0.117,0.950,40.1,-39.5,-12.6,57.68,WALKING
5450,0.857,-0.473,-0.170,0.994,36.8,-32.4,-40.9,63.85,WALKING
5500,0.858,-0.499,-0.214,1.015,31.5,-36.2,-63.0,79.19,WALKING
5550,1.276,-0.506,-0.178,1.384,50.7,-70.6,-126.0,153.07,WALKING
5600,0.487,-0.631,-0.139,0.809,92.1,-50.1,-68.4,125.18,WALKING
5650,0.977,-0.481,-0.216,1.110,53.4,-54.1,-44.5,88.08,WALKING
5700,0.909,-0.313,-0.036,0.962,118.0,-100.5,-86.3,177.40,WALKING
5750,0.696,-0.606,-0.038,0.924,124.7,-58.9,-68.8,154.12,WALKING
5800,0.669,-0.598,-0.121,0.905,38.5,-14.9,-64.2,76.33,WALKING
5850,0.631,-0.564,-0.280,0.891,37.3,-5.1,-58.1,69.23,WALKING
5900,0.624,-0.595,-0.289,0.909,71.3,-17.9,-46.1,86.77,WALKING
5950,0.768,-0.710,-0.312,1.091,53.7,-18.6,-42.4,70.90,WALKING
6000,0.949,-0.729,-0.254,1.223,55.5,-23.3,-49.5,77.93,WALKING
6050,1.012,-0.843,-0.181,1.329,48.3,-10.9,-35.7,61.04,WALKING
6100,1.060,-0.945,-0.328,1.457,-16.7,14.2,-15.2,26.68,WALKING
6150,0.960,-0.733,-0.094,1.211,-49.1,26.3,59.0,81.14,WALKING
6200,1.076,-0.397,-0.272,1.179,-42.5,9.8,98.9,108.09,WALKING
6250,0.941,-0.439,-0.161,1.051,17.0,-7.7,125.0,126.39,WALKING
6300,0.952,-0.417,-0.201,1.059,-18.4,-12.8,122.7,124.73,WALKING
6350,0.772,-0.343,-0.121,0.853,-2.0,-16.0,116.8,117.91,WALKING
6400,0.708,-0.384,-0.139,0.817,-15.4,-12.1,99.4,101.31,WALKING
6450,0.750,-0.359,-0.164,0.848,-29.1,-18.7,65.1,73.72,WALKING
6500,0.817,-0.327,-0.015,0.880,-4.8,-37.1,23.0,43.91,WALKING
6550,0.855,-0.394,-0.122,0.949,12.1,-38.6,-24.9,47.50,WALKING
6600,0.841,-0.464,-0.165,0.975,17.7,-33.1,-60.7,71.37,WALKING
6650,1.056,-0.549,-0.200,1.207,23.9,-31.6,-102.3,109.70,WALKING
6700,0.762,-0.602,-0.183,0.988,20.0,-24.8,-117.3,121.55,WALKING
6750,0.773,-0.694,-0.207,1.059,-15.6,10.1,-58.5,61.38,WALKING
6800,0.916,-0.418,-0.246,1.036,-16.0,-17.2,-43.4,49.35,WALKING
6850,0.712,-0.526,-0.155,0.899,104.0,-48.0,-48.4,124.35,WALKING
6900,0.628,-0.657,-0.179,0.926,73.7,-27.6,-38.3,87.52,WALKING
6950,0.620,-0.620,-0.259,0.914,52.0,-4.3,-33.1,61.79,WALKING
7000,0.670,-0.627,-0.295,0.964,37.2,-3.4,-21.5,43.10,WALKING
7050,0.690,-0.621,-0.297,0.975,20.5,-4.4,-17.7,27.44,WALKING
7100,0.723,-0.680,-0.305,1.038,6.8,3.5,-18.6,20.11,WALKING
7150,0.826,-0.684,-0.320,1.119,-9.2,3.9,-18.5,21.03,WALKING
7200,1.200,-0.735,-0.391,1.461,-5.8,-16.0,-24.2,29.59,WALKING
7250,0.852,-0.731,-0.170,1.135,5.8,-22.2,28.2,36.36,WALKING
7300,0.983,-0.716,-0.154,1.226,-29.2,4.3,73.9,79.58,WALKING
7350,0.979,-0.530,-0.159,1.125,-35.4,3.1,78.4,86.08,WALKING
7400,0.836,-0.522,-0.113,0.992,-18.3,-4.9,91.3,93.24,WALKING
7450,0.690,-0.441,-0.154,0.833,-15.8,4.4,99.8,101.14,WALKING
7500,0.596,-0.433,-0.153,0.752,-29.9,6.3,88.7,93.82,WALKING
7550,0.698,-0.382,-0.208,0.822,-23.3,-9.3,58.5,63.65,WALKING
7600,0.831,-0.348,-0.124,0.909,15.4,-31.0,25.9,43.23,WALKING
7650,0.947,-0.395,-0.281,1.064,-7.6,-43.5,-15.3,46.73,WALKING
7700,0.947,-0.480,-0.156,1.073,47.0,-31.9,-45.9,73.03,WALKING
7750,0.979,-0.516,-0.164,1.119,48.4,-36.1,-80.8,100.87,WALKING
7800,0.996,-0.420,-0.137,1.090,51.1,-44.2,-129.2,145.80,WALKING
7850,0.554,-0.634,-0.100,0.848,93.8,-29.5,-93.3,135.55,WALKING
7900,0.841,-0.612,-0.179,1.055,13.7,-15.1,-75.3,78.01,WALKING
7950,0.912,-0.458,-0.174,1.035,62.2,-39.7,-83.2,111.21,WALKING
8000,0.773,-0.694,-0.155,1.050,122.5,-38.5,-71.4,146.92,WALKING
8050,0.675,-0.780,-0.196,1.050,46.9,-8.3,-42.3,63.70,WALKING
8100,0.729,-0.685,-0.320,1.050,17.4,0.0,-21.2,27.43,WALKING
8150,0.702,-0.632,-0.290,0.988,19.6,-7.9,-6.5,22.11,WALKING
8200,0.741,-0.666,-0.312,1.044,21.0,-5.7,4.9,22.30,WALKING
8250,0.758,-0.608,-0.270,1.009,9.0,-1.6,5.3,10.57,WALKING
8300,1.120,-0.768,-0.280,1.387,11.4,0.4,-2.1,11.60,WALKING
8350,1.054,-0.648,-0.242,1.261,-25.7,-20.0,18.5,37.45,WALKING
8400,0.942,-0.672,-0.192,1.173,2.9,5.0,79.9,80.11,WALKING
8450,0.884,-0.499,-0.186,1.032,-29.8,6.5,91.9,96.83,WALKING
8500,0.706,-0.468,-0.138,0.858,-28.6,-1.6,66.9,72.77,WALKING
8550,0.778,-0.422,-0.186,0.904,-8.4,-9.1,52.6,54.04,WALKING
8600,0.714,-0.495,-0.126,0.878,-15.9,-4.4,60.8,63.00,WALKING
8650,0.798,-0.424,-0.134,0.914,-29.1,-3.5,56.2,63.38,WALKING
8700,0.808,-0.371,-0.128,0.898,-7.0,-15.3,29.8,34.22,WALKING
8750,0.835,-0.405,-0.138,0.938,21.3,-16.5,-8.5,28.25,WALKING
8800,0.825,-0.480,-0.107,0.960,13.7,-6.9,-36.2,39.32,WALKING
8850,0.873,-0.495,-0.159,1.016,14.5,-6.9,-61.6,63.66,WALKING
8900,1.008,-0.527,-0.260,1.167,18.8,-12.1,-105.1,107.45,WALKING
8950,0.626,-0.638,-0.251,0.928,43.5,-12.6,-72.5,85.48,WALKING
9000,0.848,-0.634,-0.370,1.122,9.4,-9.5,-31.9,34.59,WALKING
9050,0.854,-0.391,-0.206,0.962,69.0,-58.2,-32.1,95.81,WALKING
9100,0.665,-0.636,-0.171,0.936,108.5,-57.1,-20.4,124.29,WALKING
9150,0.633,-0.676,-0.230,0.954,42.4,-32.4,-8.3,54.00,WALKING
9200,0.652,-0.574,-0.214,0.895,30.1,-13.5,-11.7,35.00,WALKING
9250,0.679,-0.603,-0.263,0.945,10.9,-4.9,-20.1,23.38,WALKING
9300,0.710,-0.627,-0.278,0.987,-12.8,7.7,-23.1,27.51,WALKING
9350,0.762,-0.638,-0.268,1.029,-13.0,2.2,-35.8,38.15,WALKING
9400,1.003,-0.728,-0.198,1.255,-4.1,-5.3,-37.8,38.39,WALKING
9450,1.113,-0.708,-0.150,1.328,-39.4,-5.4,-33.8,52.19,WALKING
9500,0.822,-0.761,-0.144,1.129,-37.2,31.2,26.1,55.12,WALKING
9550,0.933,-0.615,-0.076,1.120,-107.6,45.5,52.9,128.24,WALKING
9600,0.841,-0.487,-0.039,0.973,-81.2,36.1,44.3,99.29,WALKING
9650,0.753,-0.507,-0.045,0.909,-61.1,22.8,55.7,85.76,WALKING
9700,0.724,-0.493,-0.050,0.877,-33.1,8.8,72.1,79.82,WALKING
9750,0.716,-0.481,-0.081,0.866,-31.9,9.8,62.3,70.67,WALKING
9800,0.766,-0.497,-0.116,0.920,-19.1,8.5,49.9,54.10,WALKING
9850,0.808,-0.484,-0.102,0.947,-21.8,-4.4,44.3,49.57,WALKING
9900,0.941,-0.511,-0.148,1.081,-9.0,-11.3,23.9,27.93,WALKING
9950,0.925,-0.514,-0.149,1.069,5.6,-19.1,3.3,20.18,WALKING
10000,0.951,-0.593,-0.150,1.131,1.4,-13.6,-16.5,21.43,WALKING
10050,1.059,-0.498,-0.205,1.188,-10.2,-11.9,-65.8,67.64,WALKING
10100,0.426,-0.552,-0.129,0.709,18.9,9.6,-34.0,40.07,WALKING
10150,0.698,-0.588,-0.263,0.950,-60.6,30.9,-18.6,70.52,WALKING
10200,0.804,-0.313,-0.221,0.891,-15.5,-8.3,-36.6,40.60,WALKING
10250,0.703,-0.570,-0.142,0.916,19.4,1.6,-41.2,45.57,WALKING
10300,0.738,-0.652,-0.192,1.003,-38.8,23.3,-36.7,58.27,WALKING
10350,0.746,-0.510,-0.266,0.942,-49.8,31.7,-26.7,64.79,WALKING
10400,0.722,-0.650,-0.260,1.006,-24.2,20.6,-21.3,38.26,WALKING
10450,0.706,-0.568,-0.220,0.932,-20.5,8.8,0.4,22.31,WALKING
10500,0.828,-0.653,-0.231,1.080,-22.7,12.3,3.3,26.03,WALKING
10550,0.962,-0.579,-0.228,1.146,-25.3,1.1,14.4,29.13,WALKING
10600,1.126,-0.635,-0.222,1.312,18.8,-6.7,25.9,32.70,WALKING
10650,0.851,-0.699,-0.113,1.107,12.2,11.4,63.4,65.56,WALKING
10700,0.939,-0.562,-0.198,1.112,-48.5,40.5,80.5,102.34,WALKING
10750,0.803,-0.546,-0.142,0.981,-37.9,32.6,79.0,93.49,WALKING
10800,0.852,-0.522,-0.191,1.017,-44.6,28.2,74.2,91.05,WALKING
10850,0.752,-0.408,-0.106,0.862,-16.0,7.2,77.2,79.17,WALKING
10900,0.727,-0.450,-0.027,0.855,-0.7,3.7,72.9,73.00,WALKING
10950,0.755,-0.395,-0.154,0.866,-4.5,0.2,44.9,45.13,WALKING
11000,0.837,-0.387,-0.162,0.936,26.5,-21.9,6.2,34.93,WALKING
11050,0.932,-0.436,-0.184,1.045,33.0,-30.7,-29.5,53.87,WALKING
11100,0.886,-0.493,-0.179,1.030,43.8,-37.1,-61.6,84.20,WALKING
11150,1.007,-0.518,-0.173,1.146,40.4,-29.0,-88.9,101.86,WALKING
11200,1.088,-0.507,-0.125,1.207,52.2,-47.4,-124.8,143.34,WALKING
11250,0.716,-0.661,-0.103,0.980,76.0,-32.3,-59.3,101.67,WALKING
11300,0.990,-0.452,-0.147,1.098,38.9,-41.2,-39.9,69.30,WALKING
11350,0.807,-0.363,-0.066,0.887,135.1,-68.5,-54.9,161.12,WALKING
11400,0.671,-0.543,-0.068,0.866,117.9,-45.5,-48.4,135.33,WALKING
11450,0.663,-0.520,-0.140,0.854,70.2,-27.3,-56.6,94.22,WALKING
11500,0.705,-0.568,-0.240,0.937,43.6,-9.4,-54.8,70.66,WALKING
11550,0.752,-0.631,-0.274,1.019,37.9,-7.6,-45.1,59.40,WALKING
11600,0.812,-0.712,-0.259,1.111,42.7,-11.6,-32.1,54.66,WALKING
11650,0.894,-0.807,-0.306,1.243,22.8,1.8,-31.5,38.93,WALKING
11700,1.121,-0.857,-0.309,1.444,11.6,-5.4,-12.9,18.17,WALKING
11750,0.940,-0.773,-0.318,1.258,3.8,-15.4,33.3,36.88,WALKING
11800,0.827,-0.744,-0.263,1.143,-12.2,-8.8,97.5,98.65,WALKING
11850,0.899,-0.492,-0.230,1.050,-40.6,-19.7,100.3,109.98,WALKING
11900,1.010,-0.428,-0.180,1.112,3.2,-40.1,74.6,84.75,WALKING
11950,0.849,-0.517,-0.162,1.007,26.5,-37.3,68.0,81.96,WALKING
12000,0.718,-0.517,-0.097,0.890,-12.7,-6.3,97.8,98.82,WALKING
12050,0.787,-0.405,-0.148,0.897,-41.3,0.3,96.3,104.78,WALKING
12100,0.771,-0.212,-0.162,0.816,-17.0,-24.5,48.0,56.51,WALKING
12150,0.702,-0.362,-0.098,0.796,6.3,-31.5,-4.9,32.50,WALKING
12200,0.882,-0.339,-0.265,0.981,4.1,-34.5,-51.0,61.71,WALKING
12250,0.913,-0.469,-0.215,1.049,49.0,-33.4,-94.3,111.40,WALKING
12300,0.894,-0.611,-0.201,1.101,33.7,-6.4,-109.5,114.75,WALKING
12350,0.999,-0.611,-0.296,1.208,24.0,-8.6,-123.2,125.81,WALKING
12400,0.844,-0.635,-0.204,1.076,63.9,-25.8,-81.2,106.50,WALKING
12450,0.919,-0.566,-0.247,1.107,51.3,-25.4,-50.4,76.27,WALKING
12500,0.745,-0.507,-0.216,0.927,87.7,-40.8,-36.2,103.28,WALKING
12550,0.637,-0.536,-0.179,0.852,80.1,-35.6,-24.0,90.88,WALKING
12600,0.693,-0.554,-0.227,0.916,59.5,-29.8,-24.5,70.91,WALKING
12650,0.712,-0.536,-0.266,0.930,65.4,-15.4,-13.0,68.43,WALKING
12700,0.696,-0.513,-0.275,0.907,50.8,-5.8,-0.2,51.13,WALKING
12750,0.770,-0.554,-0.262,0.984,36.8,-3.4,-12.1,38.89,WALKING
12800,0.849,-0.604,-0.243,1.070,37.4,-9.6,-17.8,42.52,WALKING
12850,1.196,-0.732,-0.278,1.430,25.8,-12.6,-30.5,41.89,WALKING
12900,0.818,-0.721,-0.159,1.102,14.7,-13.2,13.3,23.82,WALKING
12950,0.905,-0.715,-0.226,1.175,-2.6,6.5,64.1,64.48,WALKING
13000,1.026,-0.543,-0.249,1.187,-12.9,-14.6,67.5,70.26,WALKING
13050,0.914,-0.528,-0.177,1.070,28.1,-31.4,75.3,86.29,WALKING
13100,0.758,-0.445,-0.116,0.887,10.5,-16.1,98.2,100.06,WALKING
13150,0.671,-0.319,-0.112,0.751,-21.9,-6.4,81.7,84.83,WALKING
13200,0.683,-0.255,-0.104,0.736,-4.4,-25.2,43.4,50.38,WALKING
13250,0.731,-0.305,-0.087,0.797,33.1,-31.7,-7.5,46.44,WALKING
13300,0.850,-0.410,-0.081,0.947,37.5,-28.0,-54.3,71.69,WALKING
13350,0.975,-0.505,-0.128,1.105,26.4,-21.6,-90.1,96.34,WALKING
13400,0.929,-0.543,-0.205,1.095,28.9,-26.8,-100.8,108.23,WALKING
13450,1.100,-0.562,-0.189,1.250,37.8,-46.9,-104.3,120.44,WALKING
13500,0.874,-0.545,-0.059,1.032,80.9,-55.4,-90.5,133.43,WALKING
13550,0.956,-0.647,-0.147,1.164,52.1,-24.5,-56.7,80.81,WALKING
13600,0.789,-0.436,-0.172,0.918,51.7,-23.4,-45.5,72.74,WALKING
13650,0.627,-0.472,-0.228,0.817,69.2,-28.8,-33.6,82.14,WALKING
13700,0.702,-0.494,-0.297,0.908,82.8,-43.1,-30.5,98.20,WALKING
13750,0.796,-0.657,-0.239,1.059,94.1,-38.1,-33.7,106.97,WALKING
13800,0.705,-0.728,-0.230,1.039,27.0,-5.3,-7.0,28.39,WALKING
13850,0.857,-0.648,-0.323,1.122,-10.4,5.7,20.6,23.77,WALKING
13900,0.908,-0.584,-0.324,1.127,22.1,-7.2,22.1,32.07,WALKING
13950,1.077,-0.737,-0.329,1.346,31.2,-11.9,28.0,43.58,WALKING
14000,0.901,-0.653,-0.223,1.135,-0.5,-11.1,66.7,67.62,WALKING
14050,0.772,-0.525,-0.164,0.948,1.1,9.2,105.2,105.61,WALKING
14100,0.937,-0.389,-0.185,1.031,-35.8,4.3,77.5,85.48,WALKING
14150,0.951,-0.319,-0.111,1.009,14.4,-36.8,30.6,49.98,WALKING
14200,0.792,-0.436,-0.061,0.906,53.5,-19.3,29.8,64.21,WALKING
14250,0.703,-0.422,-0.090,0.825,-14.2,6.1,27.9,31.89,WALKING
14300,0.702,-0.355,-0.146,0.800,-23.0,7.3,1.1,24.16,WALKING
14350,0.743,-0.340,-0.141,0.829,3.5,-7.4,-30.5,31.58,WALKING
14400,0.815,-0.433,-0.134,0.933,34.5,-27.5,-60.9,75.20,WALKING
14450,0.999,-0.508,-0.108,1.126,46.4,-33.1,-89.1,105.77,WALKING
14500,0.998,-0.559,-0.066,1.146,59.8,-32.2,-100.8,121.55,WALKING
14550,0.972,-0.621,-0.033,1.154,52.0,-15.7,-96.3,110.56,WALKING
14600,1.009,-0.608,-0.101,1.182,16.2,-18.9,-98.3,101.40,WALKING
14650,0.595,-0.569,-0.074,0.827,44.1,5.0,-38.1,58.49,WALKING
14700,0.978,-0.433,-0.239,1.096,5.8,-2.1,-8.4,10.42,WALKING
14750,0.822,-0.336,-0.077,0.891,94.7,-23.6,-7.9,97.92,WALKING
14800,0.742,-0.579,-0.168,0.956,50.8,-2.8,-0.2,50.88,WALKING
14850,0.779,-0.467,-0.291,0.954,22.6,11.8,3.0,25.67,WALKING
14900,0.799,-0.508,-0.307,0.995,3.6,2.4,13.6,14.27,WALKING
14950,0.758,-0.471,-0.307,0.944,-37.0,-2.3,25.2,44.83,WALKING
15000,0.793,-0.618,-0.341,1.062,-2.5,-3.7,26.8,27.17,WALKING
15050,0.900,-0.606,-0.283,1.121,-13.5,-10.2,20.7,26.74,WALKING
15100,0.954,-0.566,-0.226,1.132,6.5,-16.9,31.5,36.33,WALKING
15150,1.177,-0.641,-0.258,1.365,11.8,-17.1,33.8,39.67,WALKING
15200,0.886,-0.558,-0.201,1.066,-6.2,-19.3,71.5,74.32,WALKING
15250,0.914,-0.545,-0.169,1.077,-12.1,-16.8,118.5,120.30,WALKING
15300,1.102,-0.344,-0.183,1.169,-39.4,-40.2,90.2,106.32,WALKING
15350,0.906,-0.324,0.038,0.963,20.7,-56.0,59.0,83.94,WALKING
15400,0.759,-0.315,-0.110,0.829,-13.5,-32.0,45.2,57.00,WALKING
15450,0.690,-0.128,-0.144,0.716,-17.6,-14.7,0.5,22.94,WALKING
15500,0.683,-0.301,-0.152,0.762,35.7,-18.9,-49.0,63.50,WALKING
15550,0.819,-0.509,-0.184,0.982,59.5,-28.1,-77.1,101.36,WALKING
15600,0.905,-0.696,-0.091,1.145,64.0,-30.3,-76.3,104.10,WALKING
15650,0.861,-0.698,-0.112,1.114,80.4,-30.8,-70.0,110.96,WALKING
15700,0.810,-0.713,-0.142,1.088,42.6,-27.1,-68.8,85.34,WALKING
15750,1.259,-0.628,-0.278,1.434,65.4,-41.6,-96.8,124.01,WALKING
15800,0.691,-0.479,-0.124,0.850,103.3,-57.9,-56.1,131.04,WALKING
15850,0.930,-0.385,-0.184,1.023,36.6,-46.9,-16.1,61.63,WALKING
15900,0.953,-0.175,-0.061,0.971,123.2,-84.9,-52.7,158.63,WALKING
15950,0.711,-0.484,0.023,0.860,135.5,-60.4,-45.6,155.20,WALKING
16000,0.715,-0.410,-0.092,0.829,70.1,-23.5,-50.7,89.65,WALKING
16050,0.781,-0.488,-0.149,0.933,78.4,-6.0,-50.7,93.56,WALKING
16100,0.825,-0.534,-0.287,1.024,73.2,-3.0,-40.1,83.52,WALKING
16150,0.839,-0.447,-0.366,1.019,65.0,0.7,-34.2,73.45,WALKING
16200,0.802,-0.576,-0.391,1.062,60.0,2.1,-28.4,66.42,WALKING
16250,0.810,-0.612,-0.409,1.094,67.6,-5.9,-16.1,69.74,WALKING
16300,0.929,-0.655,-0.341,1.187,69.8,-14.3,-9.4,71.87,WALKING
16350,1.132,-0.648,-0.350,1.350,26.0,-29.1,-1.6,39.06,WALKING
16400,0.866,-0.517,-0.193,1.027,20.5,-31.5,43.8,57.71,WALKING
16450,0.858,-0.397,-0.182,0.963,21.2,-21.7,77.5,83.23,WALKING
16500,1.020,-0.396,-0.117,1.100,10.3,-38.9,83.7,92.87,WALKING
16550,1.042,-0.395,-0.056,1.116,34.0,-52.2,60.0,86.49,WALKING
16600,0.884,-0.463,-0.073,1.001,7.4,-32.2,67.0,74.70,WALKING
16650,0.768,-0.410,-0.054,0.872,14.8,-14.0,53.4,57.15,WALKING
16700,0.679,-0.357,-0.105,0.774,-8.5,-2.3,33.3,34.44,WALKING
16750,0.649,-0.389,-0.142,0.770,-8.0,-7.8,3.9,11.83,WALKING
16800,0.815,-0.498,-0.166,0.969,10.4,-12.0,-30.0,33.94,WALKING
16850,0.953,-0.534,-0.123,1.099,35.1,-24.6,-51.7,67.16,WALKING
16900,0.940,-0.621,-0.154,1.137,47.8,-15.3,-60.7,78.76,WALKING
16950,0.858,-0.609,-0.208,1.073,19.3,-12.1,-52.7,57.41,WALKING
17000,0.854,-0.509,-0.250,1.025,29.4,-19.6,-57.8,67.74,WALKING
17050,0.881,-0.496,-0.223,1.035,54.3,-43.8,-71.8,100.11,WALKING
17100,0.736,-0.507,-0.152,0.907,59.5,-46.2,-50.1,90.47,WALKING
17150,1.005,-0.394,-0.183,1.095,22.6,-48.6,-31.3,62.07,WALKING
17200,0.895,-0.339,-0.063,0.959,85.8,-55.7,-34.0,107.80,WALKING
17250,0.724,-0.423,-0.093,0.844,53.2,-27.5,-34.6,69.16,WALKING
17300,0.746,-0.416,-0.183,0.874,36.8,-10.8,-41.6,56.58,WALKING
17350,0.775,-0.456,-0.257,0.935,42.8,-4.9,-28.9,51.88,WALKING
17400,0.848,-0.474,-0.380,1.043,46.1,-0.3,-25.2,52.54,WALKING
17450,0.796,-0.544,-0.300,1.010,5.8,14.4,-10.0,18.47,WALKING
17500,0.850,-0.558,-0.355,1.077,11.6,6.7,-7.9,15.55,WALKING
17550,0.861,-0.601,-0.357,1.109,22.6,-4.0,0.9,22.97,WALKING
17600,1.112,-0.707,-0.366,1.368,20.8,-12.1,6.9,25.03,WALKING
17650,0.932,-0.666,-0.223,1.167,16.1,-17.7,32.9,40.68,WALKING
17700,0.831,-0.609,-0.245,1.059,-1.7,4.6,69.9,70.07,WALKING
17750,0.872,-0.564,-0.195,1.057,-33.0,5.3,79.6,86.33,WALKING
17800,0.892,-0.477,-0.149,1.022,-39.9,-7.8,67.1,78.46,WALKING
17850,0.917,-0.481,-0.091,1.039,-18.5,-23.3,52.5,60.34,WALKING
17900,0.824,-0.505,-0.020,0.967,4.8,-19.2,59.5,62.71,WALKING
17950,0.757,-0.484,-0.031,0.899,-7.7,2.8,68.7,69.19,WALKING
18000,0.748,-0.386,-0.066,0.844,-40.8,18.9,52.2,68.90,WALKING
18050,0.775,-0.325,-0.115,0.848,-31.3,11.6,21.9,39.92,WALKING
18100,0.796,-0.356,-0.179,0.890,-4.5,-0.4,-12.1,12.92,WALKING
18150,0.886,-0.453,-0.148,1.006,8.8,0.0,-34.6,35.70,WALKING
18200,0.917,-0.476,-0.186,1.050,14.7,-2.5,-62.0,63.77,WALKING
18250,1.041,-0.535,-0.248,1.196,21.3,-3.6,-91.2,93.72,WALKING
18300,0.944,-0.591,-0.251,1.142,28.7,-9.0,-99.5,103.95,WALKING
18350,0.633,-0.510,-0.263,0.854,25.8,-3.8,-62.1,67.35,WALKING
18400,0.904,-0.458,-0.274,1.050,13.7,-24.5,-46.2,54.06,WALKING
18450,0.983,-0.493,-0.207,1.119,93.5,-50.6,-48.3,116.77,WALKING
18500,0.773,-0.568,-0.117,0.966,112.4,-37.6,-32.5,122.90,WALKING
18550,0.716,-0.540,-0.183,0.915,22.8,-8.3,-25.5,35.20,WALKING
18600,0.739,-0.471,-0.245,0.910,15.6,6.7,-27.0,31.89,WALKING
18650,0.748,-0.508,-0.264,0.942,18.9,3.4,-15.6,24.74,WALKING
18700,0.738,-0.524,-0.268,0.944,15.4,4.4,-3.9,16.48,WALKING
18750,0.811,-0.520,-0.291,1.006,-7.9,11.6,3.7,14.51,WALKING
18800,0.864,-0.526,-0.289,1.052,-10.1,16.4,10.0,21.70,WALKING
18850,1.079,-0.645,-0.273,1.286,-3.6,5.6,9.0,11.19,WALKING
18900,1.048,-0.586,-0.195,1.216,-14.0,-14.7,18.3,27.33,WALKING
18950,0.900,-0.643,-0.172,1.119,3.0,9.5,53.2,54.12,WALKING
19000,0.833,-0.584,-0.161,1.030,-38.7,19.1,84.0,94.44,WALKING
19050,0.975,-0.505,-0.253,1.127,-49.9,2.0,83.6,97.38,WALKING
19100,1.021,-0.403,-0.186,1.113,1.8,-33.3,72.2,79.53,WALKING
19150,0.862,-0.453,-0.114,0.980,40.2,-32.9,76.0,92.06,WALKING
19200,0.760,-0.428,-0.099,0.878,-4.1,-12.8,74.1,75.31,WALKING
19250,0.729,-0.286,-0.092,0.788,-27.0,-1.2,38.3,46.88,WALKING
19300,0.760,-0.276,-0.118,0.817,-7.0,-16.4,-3.1,18.10,WALKING
19350,0.824,-0.362,-0.155,0.913,28.6,-33.1,-36.5,56.97,WALKING
19400,0.909,-0.454,-0.100,1.021,38.6,-29.7,-64.6,80.90,WALKING
19450,0.939,-0.495,-0.128,1.069,47.1,-35.0,-86.6,104.61,WALKING
19500,1.138,-0.554,-0.148,1.274,56.0,-35.5,-112.3,130.41,WALKING
19550,1.084,-0.627,-0.156,1.262,75.1,-47.3,-132.7,159.65,WALKING
19600,0.521,-0.530,-0.118,0.753,55.3,-24.5,-61.8,86.47,WALKING
19650,0.873,-0.452,-0.203,1.004,22.8,-21.2,-53.9,62.25,WALKING
19700,1.060,-0.411,-0.135,1.145,119.2,-70.1,-71.8,155.81,WALKING
19750,0.790,-0.577,-0.056,0.980,152.9,-41.1,-47.3,165.24,WALKING
19800,0.699,-0.515,-0.165,0.884,55.5,-3.5,-27.7,62.13,WALKING
19850,0.732,-0.407,-0.281,0.883,76.3,-9.9,-35.3,84.65,WALKING
19900,0.759,-0.508,-0.296,0.960,93.1,-15.1,-27.4,98.22,WALKING
19950,0.768,-0.614,-0.311,1.031,47.3,0.5,-17.9,50.58,WALKING
20000,0.876,-0.599,-0.390,1.131,22.9,5.0,-5.8,24.15,WALKING
20050,0.903,-0.635,-0.355,1.160,26.3,2.6,0.7,26.44,WALKING
20100,1.000,-0.705,-0.358,1.275,12.6,-0.7,14.5,19.22,WALKING
20150,0.848,-0.602,-0.320,1.088,26.4,-10.6,38.5,47.87,WALKING
20200,0.791,-0.653,-0.252,1.056,9.0,-7.4,64.2,65.25,WALKING
20250,0.786,-0.527,-0.188,0.965,-9.3,-9.4,82.3,83.36,WALKING
20300,0.936,-0.475,-0.132,1.058,-19.6,-16.6,82.1,86.02,WALKING
20350,1.065,-0.417,-0.075,1.146,8.4,-37.5,65.5,75.94,WALKING
20400,0.958,-0.404,-0.169,1.053,34.1,-38.2,54.3,74.64,WALKING
20450,0.788,-0.453,-0.060,0.911,21.5,-19.8,46.8,55.18,WALKING
20500,0.712,-0.429,-0.104,0.838,-12.5,-3.0,33.1,35.51,WALKING
20550,0.677,-0.373,-0.138,0.785,-12.6,-8.8,7.2,16.97,WALKING
20600,0.732,-0.366,-0.155,0.833,16.8,-25.8,-32.6,44.84,WALKING
20650,0.869,-0.462,-0.172,0.999,41.5,-38.9,-67.1,87.97,WALKING
20700,0.977,-0.511,-0.136,1.111,56.0,-40.4,-92.4,115.35,WALKING
20750,0.938,-0.571,-0.133,1.106,51.1,-38.9,-93.3,113.27,WALKING
20800,1.198,-0.748,-0.132,1.418,38.1,-33.7,-107.2,118.66,WALKING
20850,0.938,-0.594,-0.160,1.122,65.4,-48.5,-106.1,133.74,WALKING
20900,0.559,-0.554,-0.049,0.789,45.3,-16.6,-45.5,66.32,WALKING
20950,0.987,-0.406,-0.138,1.076,9.0,-18.4,-37.9,43.08,WALKING
21000,0.910,-0.367,-0.013,0.981,84.2,-34.7,-45.5,101.80,WALKING
21050,0.782,-0.521,-0.139,0.950,52.1,-3.2,-33.0,61.75,WALKING
21100,0.767,-0.346,-0.289,0.890,53.5,0.9,-26.4,59.67,WALKING
21150,0.741,-0.453,-0.264,0.908,112.3,-13.9,-17.2,114.46,WALKING
21200,0.732,-0.487,-0.254,0.915,76.2,-15.1,-6.3,77.94,WALKING
21250,0.784,-0.557,-0.363,1.028,35.7,-7.1,1.6,36.43,WALKING
21300,0.877,-0.545,-0.381,1.101,19.4,-4.2,10.6,22.50,WALKING
21350,0.950,-0.574,-0.303,1.151,22.2,-10.1,13.1,27.69,WALKING
21400,1.176,-0.580,-0.311,1.348,20.6,-20.9,15.9,33.38,WALKING
21450,0.883,-0.605,-0.133,1.079,33.6,-17.2,44.3,58.20,WALKING
21500,0.734,-0.520,-0.174,0.916,17.2,0.0,71.9,73.93,WALKING
21550,0.846,-0.517,-0.127,1.000,0.0,3.6,81.6,81.68,WALKING
21600,1.073,-0.429,-0.111,1.161,-18.7,-6.3,73.0,75.62,WALKING
21650,1.058,-0.294,-0.034,1.099,27.1,-21.9,56.3,66.21,WALKING
21700,0.799,-0.352,-0.009,0.873,-4.5,0.0,48.4,48.61,WALKING
21750,0.714,-0.283,-0.092,0.774,-12.8,7.2,19.9,24.73,WALKING
21800,0.682,-0.312,-0.160,0.767,4.0,-3.0,-15.6,16.38,WALKING
21850,0.754,-0.416,-0.161,0.876,13.0,-18.7,-42.1,47.87,WALKING
21900,0.877,-0.515,-0.175,1.032,34.1,-28.2,-58.5,73.35,WALKING
21950,1.062,-0.568,-0.150,1.214,33.6,-22.4,-67.6,78.74,WALKING
22000,1.030,-0.547,-0.131,1.174,28.9,-24.2,-63.0,73.42,WALKING
22050,1.179,-0.554,-0.168,1.313,56.2,-31.9,-61.3,89.07,WALKING
22100,0.896,-0.453,-0.126,1.012,69.4,-41.2,-74.8,110.04,WALKING
22150,0.504,-0.409,-0.162,0.669,46.2,-20.0,-36.6,62.24,WALKING
22200,0.990,-0.281,-0.122,1.036,70.7,-42.2,-40.3,91.67,WALKING
22250,0.970,-0.372,0.025,1.039,135.6,-74.2,-50.8,162.71,WALKING
22300,0.794,-0.556,-0.145,0.980,97.9,-31.5,-32.8,107.95,WALKING
22350,0.722,-0.431,-0.166,0.857,53.0,-12.0,-30.8,62.46,WALKING
22400,0.757,-0.470,-0.281,0.934,60.8,-10.8,-25.6,66.85,WALKING
22450,0.784,-0.489,-0.292,0.969,53.9,-12.1,-15.4,57.35,WALKING
22500,0.792,-0.555,-0.297,1.012,34.0,-2.6,-0.6,34.10,WALKING
22550,0.841,-0.529,-0.331,1.047,19.8,2.9,8.3,21.66,WALKING
22600,0.874,-0.528,-0.304,1.065,15.2,-3.5,12.6,20.05,WALKING
22650,1.137,-0.592,-0.292,1.315,18.6,-10.5,11.9,24.45,WALKING
22700,0.982,-0.629,-0.198,1.183,8.1,-4.8,29.7,31.16,WALKING
22750,0.751,-0.490,-0.197,0.918,-22.3,10.5,72.3,76.39,WALKING
22800,0.900,-0.466,-0.199,1.033,-29.5,5.1,83.3,88.52,WALKING
22850,1.080,-0.402,-0.173,1.165,-12.0,-24.7,65.0,70.56,WALKING
22900,0.963,-0.418,-0.145,1.060,34.3,-39.4,55.7,76.36,WALKING
22950,0.794,-0.486,-0.047,0.932,7.5,-14.5,60.7,62.86,WALKING
23000,0.719,-0.408,-0.100,0.833,-17.4,-1.0,45.2,48.44,WALKING
23050,0.670,-0.356,-0.119,0.768,-18.2,0.0,17.5,25.25,WALKING
23100,0.706,-0.347,-0.124,0.796,4.5,-15.7,-16.3,23.07,WALKING
23150,0.833,-0.407,-0.085,0.931,29.6,-27.5,-46.7,61.75,WALKING
23200,0.969,-0.490,-0.092,1.090,39.7,-31.0,-71.1,87.13,WALKING
23250,0.963,-0.508,-0.092,1.093,43.4,-27.7,-79.4,94.63,WALKING
23300,1.370,-0.533,-0.145,1.477,51.9,-33.6,-107.3,123.84,WALKING
23350,0.672,-0.578,-0.081,0.890,53.9,-18.4,-83.1,100.74,WALKING
23400,0.611,-0.478,-0.142,0.789,-25.9,15.8,-34.5,45.94,WALKING
23450,1.108,-0.270,-0.213,1.160,27.8,-27.3,-44.8,59.37,WALKING
23500,0.857,-0.456,-0.028,0.971,131.3,-46.4,-40.6,145.06,WALKING
23550,0.731,-0.642,-0.153,0.985,60.3,-0.4,-25.0,65.28,WALKING
23600,0.737,-0.507,-0.221,0.921,28.2,16.0,-17.4,36.80,WALKING
23650,0.767,-0.446,-0.346,0.952,32.9,-7.0,-5.3,34.05,WALKING
23700,0.761,-0.535,-0.328,0.986,49.7,-19.3,15.1,55.41,WALKING
23750,0.811,-0.558,-0.303,1.030,28.2,-9.5,23.9,38.17,WALKING
23800,0.919,-0.529,-0.302,1.103,9.7,-4.7,25.1,27.32,WALKING
23850,1.015,-0.568,-0.248,1.189,8.6,-4.2,18.3,20.65,WALKING
23900,1.117,-0.509,-0.264,1.256,-6.2,-10.5,21.0,24.28,WALKING
23950,0.859,-0.534,-0.181,1.028,0.9,-10.4,40.6,41.92,WALKING
24000,0.710,-0.481,-0.127,0.867,-2.5,-2.1,71.2,71.27,WALKING
24050,0.944,-0.484,-0.218,1.083,-30.5,-7.2,68.6,75.42,WALKING
24100,1.009,-0.386,-0.181,1.095,12.2,-42.5,39.6,59.36,WALKING
24150,0.890,-0.531,-0.104,1.042,56.5,-43.7,38.2,81.00,WALKING
24200,0.793,-0.525,-0.074,0.954,15.6,-19.3,51.5,57.17,WALKING
24250,0.728,-0.406,-0.108,0.841,-21.8,-1.1,42.0,47.33,WALKING
24300,0.700,-0.373,-0.134,0.804,-18.4,-1.1,19.3,26.69,WALKING
24350,0.770,-0.362,-0.114,0.858,-8.2,-15.6,-17.0,24.49,WALKING
24400,0.877,-0.447,-0.106,0.990,41.2,-25.6,-45.7,66.64,WALKING
24450,0.892,-0.499,-0.075,1.025,37.5,-17.0,-69.1,80.44,WALKING
24500,0.890,-0.550,-0.081,1.049,31.5,-6.4,-80.2,86.40,WALKING
24550,1.243,-0.550,-0.171,1.370,40.1,-19.1,-112.4,120.86,WALKING
24600,0.679,-0.559,-0.193,0.900,83.1,-21.7,-90.4,124.69,WALKING
24650,0.688,-0.549,-0.293,0.928,6.0,-7.3,-48.2,49.12,WALKING
24700,1.159,-0.217,-0.259,1.207,64.0,-64.9,-54.6,106.25,WALKING
24750,0.901,-0.573,-0.046,1.069,147.0,-68.3,-40.8,167.15,WALKING
24800,0.733,-0.596,-0.144,0.956,44.2,-20.7,-21.0,53.13,WALKING
24850,0.711,-0.441,-0.250,0.873,28.2,-15.4,-15.4,35.63,WALKING
24900,0.763,-0.482,-0.232,0.932,55.3,-24.2,-4.9,60.56,WALKING
24950,0.754,-0.590,-0.203,0.979,56.4,-19.9,7.4,60.26,WALKING
25000,0.760,-0.644,-0.214,1.019,20.1,0.8,21.2,29.22,WALKING
25050,0.841,-0.603,-0.280,1.072,3.7,10.3,27.7,29.78,WALKING
25100,0.877,-0.583,-0.311,1.098,13.8,0.9,30.7,33.67,WALKING
25150,1.060,-0.647,-0.293,1.276,24.8,-6.6,31.5,40.63,WALKING
25200,0.871,-0.589,-0.275,1.087,10.9,-6.5,42.0,43.88,WALKING
25250,0.771,-0.557,-0.177,0.967,-4.2,-0.7,67.9,68.03,WALKING
25300,0.881,-0.434,-0.162,0.995,3.2,-5.6,62.9,63.23,WALKING
25350,0.921,-0.416,-0.204,1.031,16.3,-22.9,34.7,44.66,WALKING
25400,0.858,-0.505,-0.118,1.003,-15.2,-15.3,23.5,31.90,WALKING
25450,0.796,-0.468,-0.098,0.929,-5.2,-0.8,23.1,23.69,WALKING
25500,0.757,-0.434,-0.136,0.883,-5.0,3.5,14.7,15.92,WALKING
25550,0.755,-0.388,-0.131,0.859,-7.2,-7.1,-2.7,10.47,WALKING
25600,0.823,-0.394,-0.134,0.922,21.4,-24.0,-33.1,46.15,WALKING
25650,0.936,-0.469,-0.058,1.049,48.7,-33.8,-60.4,84.63,WALKING
25700,0.970,-0.490,-0.083,1.090,38.5,-29.6,-83.5,96.60,WALKING
25750,0.868,-0.460,-0.060,0.984,37.5,-22.4,-95.2,104.74,WALKING
25800,1.220,-0.528,-0.096,1.333,10.2,-19.6,-112.1,114.26,WALKING
25850,0.685,-0.492,-0.046,0.845,45.3,-13.5,-83.5,95.95,WALKING
25900,0.834,-0.445,-0.016,0.945,-4.6,4.2,-41.3,41.77,WALKING
25950,1.039,-0.292,-0.141,1.088,71.2,-27.5,-42.1,87.17,WALKING
26000,0.817,-0.501,-0.149,0.970,97.0,-19.1,-25.1,102.00,WALKING
26050,0.758,-0.484,-0.271,0.939,56.9,-5.3,-3.3,57.24,WALKING
26100,0.775,-0.440,-0.263,0.929,59.2,-16.3,4.2,61.55,WALKING
26150,0.748,-0.514,-0.304,0.957,55.4,-21.9,14.9,61.41,WALKING
26200,0.816,-0.523,-0.295,1.013,22.0,-7.7,25.4,34.47,WALKING
26250,0.901,-0.466,-0.282,1.053,20.8,-3.2,27.5,34.63,WALKING
26300,0.915,-0.498,-0.251,1.072,14.6,-6.3,25.0,29.63,WALKING
26350,0.844,-0.490,-0.183,0.993,9.3,-3.5,25.5,27.37,WALKING
26400,1.082,-0.558,-0.195,1.233,-0.2,-3.0,13.1,13.44,WALKING
26450,0.898,-0.574,-0.170,1.079,-10.5,-1.0,34.7,36.27,WALKING
26500,0.793,-0.467,-0.203,0.942,-11.9,5.5,75.6,76.73,WALKING
26550,1.085,-0.421,-0.252,1.191,3.2,-13.0,72.2,73.43,WALKING
26600,1.074,-0.426,-0.155,1.166,28.3,-41.4,43.9,66.65,WALKING
26650,0.835,-0.494,-0.107,0.976,37.6,-34.3,48.8,70.51,WALKING
26700,0.674,-0.479,-0.117,0.835,-3.7,-7.0,58.2,58.74,WALKING
26750,0.678,-0.395,-0.165,0.802,-24.2,-0.9,31.9,40.05,WALKING
26800,0.710,-0.346,-0.181,0.810,0.8,-21.8,-5.2,22.43,WALKING
26850,0.771,-0.436,-0.094,0.891,36.8,-38.5,-30.3,61.27,WALKING
26900,0.878,-0.528,-0.043,1.025,9.0,-31.2,-51.8,61.14,WALKING
26950,0.972,-0.425,-0.106,1.066,11.6,-35.7,-77.5,86.11,WALKING
27000,1.029,-0.518,-0.069,1.154,33.6,-17.2,-98.7,105.67,WALKING
27050,1.251,-0.477,-0.137,1.346,47.3,-23.9,-119.8,131.00,WALKING
27100,0.707,-0.524,-0.099,0.886,73.2,-18.2,-83.3,112.38,WALKING
27150,0.681,-0.432,-0.168,0.824,4.5,-3.7,-45.8,46.17,WALKING
27200,1.164,-0.245,-0.188,1.204,74.6,-42.2,-59.8,104.51,WALKING
27250,0.869,-0.502,-0.100,1.009,157.9,-47.6,-41.3,170.01,WALKING
27300,0.740,-0.460,-0.174,0.889,88.2,-19.6,-20.5,92.65,WALKING
27350,0.742,-0.348,-0.239,0.854,107.0,-31.5,-19.0,113.15,WALKING
27400,0.755,-0.459,-0.274,0.925,130.4,-36.4,-7.2,135.58,WALKING
27450,0.787,-0.427,-0.290,0.941,73.8,-23.5,-2.5,77.49,WALKING
27500,0.849,-0.386,-0.298,0.979,63.0,-8.8,-5.3,63.83,WALKING
27550,0.868,-0.470,-0.293,1.030,54.4,-0.9,-13.6,56.08,WALKING
27600,0.871,-0.569,-0.307,1.085,31.8,4.9,-13.3,34.82,WALKING
27650,1.043,-0.626,-0.349,1.266,22.1,-3.5,-3.5,22.65,WALKING
27700,0.950,-0.616,-0.252,1.160,46.0,-20.0,26.4,56.68,WALKING
27750,0.809,-0.565,-0.200,1.007,34.7,-17.5,61.6,72.83,WALKING
27800,0.822,-0.513,-0.123,0.977,7.1,-14.5,79.3,80.93,WALKING
27850,0.996,-0.436,-0.116,1.093,11.5,-29.6,70.2,77.05,WALKING
27900,0.945,-0.443,-0.071,1.046,26.0,-40.1,56.2,73.77,WALKING
27950,0.870,-0.486,-0.107,1.002,4.6,-19.8,57.6,61.08,WALKING
28000,0.776,-0.417,-0.128,0.890,-0.7,-10.3,46.3,47.44,WALKING
28050,0.744,-0.358,-0.177,0.844,-2.8,-11.6,21.5,24.59,WALKING
28100,0.749,-0.406,-0.166,0.868,11.4,-17.1,-8.8,22.36,WALKING
28150,0.822,-0.444,-0.100,0.940,33.9,-28.0,-41.9,60.74,WALKING
28200,0.993,-0.527,-0.138,1.133,33.0,-30.0,-70.9,83.76,WALKING
28250,0.975,-0.511,-0.119,1.107,38.0,-38.7,-82.2,98.48,WALKING
28300,1.122,-0.541,-0.112,1.251,68.6,-52.4,-100.0,132.10,WALKING
28350,0.842,-0.579,-0.103,1.027,70.7,-44.5,-92.4,124.57,WALKING
28400,0.612,-0.566,-0.148,0.847,42.2,-23.5,-53.4,72.00,WALKING
28450,0.994,-0.399,-0.216,1.093,30.0,-38.3,-44.1,65.66,WALKING
28500,0.890,-0.389,-0.108,0.977,129.5,-63.4,-42.8,150.40,WALKING
28550,0.723,-0.563,-0.119,0.924,80.2,-27.5,-27.0,88.98,WALKING
28600,0.714,-0.474,-0.236,0.889,13.8,-5.9,-28.4,32.12,WALKING
28650,0.708,-0.537,-0.294,0.936,18.4,0.0,-17.5,25.39,WALKING
28700,0.714,-0.547,-0.326,0.957,25.7,-7.0,1.3,26.67,WALKING
28750,0.718,-0.603,-0.315,0.989,8.6,-2.5,18.7,20.73,WALKING
28800,0.788,-0.594,-0.313,1.035,-3.3,4.4,22.9,23.55,WALKING
28850,0.947,-0.627,-0.183,1.150,-4.2,7.2,24.7,26.07,WALKING
28900,1.245,-0.603,-0.277,1.411,-31.0,7.3,25.5,40.80,WALKING
28950,0.823,-0.544,-0.126,0.995,-23.3,7.9,78.0,81.79,WALKING
29000,0.980,-0.504,-0.155,1.113,-32.7,17.7,88.8,96.27,WALKING
29050,1.029,-0.362,-0.169,1.104,-42.3,4.6,64.7,77.44,WALKING
29100,0.836,-0.403,-0.103,0.934,-6.1,10.2,61.3,62.44,WALKING
29150,0.801,-0.295,-0.110,0.861,-26.6,8.4,53.4,60.25,WALKING
29200,0.707,-0.247,-0.119,0.758,-21.0,4.0,27.1,34.52,WALKING
29250,0.671,-0.258,-0.059,0.721,-13.6,3.8,-5.2,15.05,WALKING
29300,0.790,-0.405,-0.115,0.895,4.6,-4.8,-39.6,40.15,WALKING
29350,0.959,-0.504,-0.159,1.095,12.6,-10.2,-59.3,61.48,WALKING
29400,0.983,-0.533,-0.177,1.132,22.8,-16.8,-65.7,71.54,WALKING
29450,1.166,-0.591,-0.197,1.322,35.2,-21.2,-75.3,85.78,WALKING
29500,1.083,-0.508,-0.212,1.215,37.3,-30.1,-86.5,98.89,WALKING
29550,0.621,-0.504,-0.104,0.807,33.1,-2.5,-33.8,47.37,WALKING
29600,0.875,-0.352,-0.268,0.980,-38.7,-1.6,-25.5,46.37,WALKING
29650,0.873,-0.318,-0.200,0.950,64.2,-38.0,-40.3,84.79,WALKING
29700,0.726,-0.554,-0.161,0.927,71.4,-17.6,-23.1,77.08,WALKING
29750,0.757,-0.530,-0.251,0.958,24.1,-0.2,-8.6,25.59,WALKING
29800,0.742,-0.504,-0.323,0.953,39.4,-8.4,5.4,40.65,WALKING
29850,0.745,-0.613,-0.307,1.012,31.0,-9.8,18.9,37.61,WALKING
29900,0.786,-0.613,-0.294,1.039,14.4,-3.9,28.7,32.35,WALKING
29950,0.833,-0.609,-0.262,1.065,0.0,1.9,26.2,26.27,WALKING
Recording stopped

Samples dumped: 600
