
Recording started
time,accelX,accelY,accelZ,accelMagnitude,gyroX,gyroY,gyroZ,gyroMagnitude,activity
0,0.821,-0.560,-0.138,1.003,16.8,-1.3,1.5,16.92,WALKING
50,0.824,-0.561,-0.135,1.006,-1.5,-2.0,-7.9,8.29,WALKING
100,0.817,-0.575,-0.147,1.010,5.9,-8.8,-1.3,10.67,WALKING
150,0.792,-0.550,-0.150,0.976,6.3,-8.6,0.0,10.66,WALKING
200,0.774,-0.550,-0.144,0.960,5.2,-8.2,-4.5,10.70,WALKING
250,0.776,-0.561,-0.135,0.967,3.8,-7.9,-9.6,13.00,WALKING
300,0.789,-0.591,-0.135,0.995,3.3,-5.5,-6.0,8.78,WALKING
350,0.799,-0.600,-0.137,1.009,1.0,-3.5,-5.8,6.85,WALKING
400,0.810,-0.605,-0.142,1.021,-0.2,-3.5,-7.4,8.19,WALKING
450,0.788,-0.598,-0.146,1.000,-2.8,-7.7,-1.4,8.31,WALKING
500,0.784,-0.586,-0.148,0.990,-1.3,-0.2,1.8,2.23,WALKING
550,0.780,-0.571,-0.150,0.978,0.0,-3.7,0.8,3.79,WALKING
600,0.779,-0.574,-0.145,0.978,1.6,-3.5,1.5,4.13,WALKING
650,0.794,-0.567,-0.148,0.987,3.7,-5.8,4.0,7.96,WALKING
700,0.817,-0.550,-0.145,0.995,9.6,-5.8,4.8,12.20,WALKING
750,0.805,-0.539,-0.155,0.981,18.6,0.5,-1.6,18.68,WALKING
800,0.724,-0.533,-0.128,0.908,22.6,2.3,-3.0,22.91,WALKING
850,0.732,-0.537,-0.132,0.917,-1.1,13.0,-17.0,21.43,WALKING
900,0.805,-0.556,-0.182,0.995,3.0,9.3,-38.1,39.33,WALKING
950,0.815,-0.636,-0.195,1.052,6.7,11.6,-42.4,44.47,WALKING
1000,0.735,-0.671,-0.171,1.010,6.0,10.3,-22.8,25.73,WALKING
1050,0.768,-0.682,-0.196,1.046,-33.6,15.4,-16.5,40.48,WALKING
1100,0.902,-0.647,-0.292,1.148,-32.2,0.5,-20.2,38.01,WALKING
1150,0.934,-0.637,-0.290,1.167,0.8,-38.5,-5.7,38.93,WALKING
1200,0.978,-0.595,-0.210,1.164,47.7,-74.2,18.5,90.13,WALKING
1250,1.084,-0.589,-0.112,1.239,81.5,-80.2,21.4,116.33,WALKING
1300,0.886,-0.559,-0.113,1.054,96.0,-78.8,28.0,127.32,WALKING
1350,0.648,-0.588,-0.084,0.879,63.5,-59.8,52.5,101.81,WALKING
1400,0.581,-0.491,-0.115,0.769,10.7,-38.9,64.5,76.08,WALKING
1450,0.649,-0.398,-0.155,0.777,16.3,-32.9,34.6,50.45,WALKING
1500,0.784,-0.459,-0.187,0.928,35.8,-32.7,-6.0,48.86,WALKING
1550,0.706,-0.551,-0.199,0.917,28.2,-21.9,-17.2,39.63,WALKING
1600,0.661,-0.544,-0.217,0.883,1.6,-7.3,-25.2,26.28,WALKING
1650,0.703,-0.546,-0.275,0.932,0.9,-2.3,-40.1,40.18,WALKING
1700,0.707,-0.582,-0.258,0.951,18.4,-3.7,-44.2,48.02,WALKING
1750,0.696,-0.638,-0.226,0.971,-1.7,8.4,-34.6,35.65,WALKING
1800,0.672,-0.601,-0.220,0.928,-19.3,22.0,-29.0,41.20,WALKING
1850,0.654,-0.600,-0.238,0.919,-6.5,22.6,-24.5,33.96,WALKING
1900,0.669,-0.682,-0.252,0.988,4.3,14.1,-20.4,25.17,WALKING
1950,0.849,-0.741,-0.250,1.154,-11.5,1.8,-21.2,24.19,WALKING
2000,1.043,-0.848,-0.222,1.362,-17.9,6.4,-35.7,40.45,WALKING
2050,0.861,-0.752,-0.137,1.151,-23.7,1.9,15.3,28.27,WALKING
2100,0.937,-0.742,-0.144,1.204,-48.1,13.7,66.5,83.21,WALKING
2150,0.953,-0.610,-0.096,1.136,-82.6,23.8,75.7,114.54,WALKING
2200,0.898,-0.601,-0.068,1.083,-73.7,25.3,69.0,104.08,WALKING
2250,0.739,-0.644,0.158,0.993,-73.2,19.4,73.9,105.81,WALKING
2300,0.763,-0.486,-0.038,0.905,-57.6,12.1,72.8,93.62,WALKING
2350,0.742,-0.442,-0.043,0.865,-36.9,10.0,68.9,78.80,WALKING
2400,0.712,-0.412,-0.063,0.825,-24.6,10.2,56.2,62.19,WALKING
2450,0.683,-0.425,-0.043,0.806,-26.1,10.0,35.2,44.95,WALKING
2500,0.748,-0.439,-0.115,0.875,-18.5,18.5,4.4,26.53,WALKING
2550,0.842,-0.447,-0.175,0.969,6.3,21.4,-35.5,41.93,WALKING
2600,1.143,-0.583,-0.291,1.316,24.7,19.6,-89.8,95.18,WALKING
2650,1.156,-0.605,-0.376,1.358,31.2,1.2,-112.7,116.95,WALKING
2700,0.575,-0.641,-0.293,0.910,56.7,-7.3,-48.3,74.84,WALKING
2750,0.517,-0.615,-0.270,0.848,-6.3,-1.4,-9.0,11.07,WALKING
2800,0.940,-0.545,-0.496,1.194,26.3,-18.7,-41.3,52.41,WALKING
2850,0.907,-0.655,-0.135,1.127,119.9,-83.8,-42.0,152.19,WALKING
2900,0.634,-0.705,0.021,0.948,104.0,-61.5,-5.4,120.94,WALKING
2950,0.650,-0.679,-0.063,0.942,-1.1,-13.2,11.7,17.67,WALKING
3000,0.674,-0.534,-0.122,0.869,-31.0,8.4,10.7,33.85,WALKING
3050,0.669,-0.530,-0.168,0.870,6.9,1.8,4.6,8.49,WALKING
3100,0.686,-0.583,-0.159,0.914,0.0,15.6,3.5,15.99,WALKING
3150,0.788,-0.585,-0.174,0.997,-6.4,15.6,-4.9,17.56,WALKING
3200,0.864,-0.640,-0.168,1.088,-10.1,24.7,-14.0,30.13,WALKING
3250,0.962,-0.648,-0.167,1.172,-5.7,24.2,-16.5,29.84,WALKING
3300,0.953,-0.719,-0.201,1.211,-8.4,22.2,-21.7,32.16,WALKING
3350,0.760,-0.788,-0.264,1.126,-59.9,38.7,10.9,72.14,WALKING
3400,0.744,-0.664,-0.121,1.005,-95.3,46.9,53.9,119.11,WALKING
3450,0.907,-0.573,-0.149,1.083,-106.8,36.4,58.1,126.91,WALKING
3500,0.936,-0.545,-0.118,1.090,-79.2,8.0,36.5,87.57,WALKING
3550,0.869,-0.549,-0.072,1.030,-31.2,-12.5,37.7,50.51,WALKING
3600,0.829,-0.569,-0.058,1.007,-20.3,-10.2,53.9,58.49,WALKING
3650,0.774,-0.504,-0.027,0.924,-34.9,0.9,63.4,72.38,WALKING
3700,0.759,-0.453,-0.077,0.887,-35.7,-6.4,62.4,72.17,WALKING
3750,0.742,-0.390,-0.097,0.844,-10.9,-10.9,43.3,45.96,WALKING
3800,0.742,-0.403,-0.131,0.854,31.5,-17.9,10.5,37.72,WALKING
3850,0.769,-0.442,-0.152,0.900,42.2,-14.8,-23.8,50.66,WALKING
3900,0.829,-0.499,-0.212,0.991,39.3,-13.9,-58.5,71.83,WALKING
3950,1.117,-0.564,-0.216,1.270,39.6,-14.5,-99.8,108.34,WALKING
4000,0.898,-0.618,-0.279,1.125,85.9,-29.8,-102.8,137.24,WALKING
4050,0.514,-0.679,-0.202,0.875,62.5,-23.2,-38.6,77.04,WALKING
4100,0.832,-0.590,-0.272,1.056,17.0,-13.0,-23.9,32.08,WALKING
4150,0.978,-0.406,-0.207,1.079,72.2,-64.5,-50.7,109.29,WALKING
4200,0.699,-0.688,-0.066,0.983,147.8,-72.2,-27.0,166.69,WALKING
4250,0.655,-0.719,-0.033,0.973,64.8,-28.4,-7.8,71.18,WALKING
4300,0.656,-0.567,-0.119,0.875,0.0,-0.9,-2.8,2.94,WALKING
4350,0.616,-0.560,-0.203,0.857,20.9,3.5,-11.7,24.21,WALKING
4400,0.608,-0.648,-0.216,0.914,-3.4,12.8,-9.0,16.01,WALKING
4450,0.772,-0.604,-0.314,1.029,-24.6,16.1,-18.5,34.74,WALKING
4500,0.938,-0.670,-0.200,1.170,6.2,7.8,-23.5,25.53,WALKING
4550,1.184,-0.768,-0.226,1.429,-22.4,2.6,-30.5,37.93,WALKING
4600,0.833,-0.744,-0.197,1.134,-38.9,-3.1,22.0,44.80,WALKING
4650,0.805,-0.748,-0.009,1.099,-55.8,21.6,84.7,103.70,WALKING
4700,0.952,-0.638,-0.158,1.157,-41.6,13.0,92.7,102.43,WALKING
4750,0.934,-0.531,-0.126,1.082,-32.4,-0.4,69.5,76.68,WALKING
4800,0.785,-0.482,-0.068,0.924,-29.4,0.3,63.0,69.52,WALKING
4850,0.708,-0.466,-0.037,0.848,-20.4,-0.2,63.7,66.89,WALKING
4900,0.668,-0.449,-0.043,0.806,-34.3,12.5,55.7,66.60,WALKING
4950,0.716,-0.421,-0.096,0.836,-44.1,14.8,22.6,51.72,WALKING
5000,0.794,-0.421,-0.122,0.907,-22.5,-1.6,-6.8,23.56,WALKING
5050,0.861,-0.454,-0.170,0.988,23.0,-3.8,-34.1,41.31,WALKING
5100,0.799,-0.526,-0.200,0.977,36.0,-9.3,-49.5,61.91,WALKING
5150,1.051,-0.632,-0.204,1.243,34.1,-5.3,-74.2,81.83,WALKING
5200,1.037,-0.523,-0.257,1.190,46.7,-31.9,-110.0,123.69,WALKING
5250,0.597,-0.664,-0.236,0.924,65.8,-30.4,-45.6,85.63,WALKING
5300,0.853,-0.589,-0.236,1.063,15.3,-24.4,-5.5,29.32,WALKING
5350,0.998,-0.379,-0.207,1.087,81.8,-69.0,-27.3,110.44,WALKING
5400,0.718,-0.608,-0.042,0.942,163.1,-76.8,-27.9,182.42,WALKING
5450,0.624,-0.776,-0.120,1.003,83.7,-33.6,-20.7,92.54,WALKING
5500,0.580,-0.613,-0.151,0.857,20.8,-12.6,-21.7,32.59,WALKING
5550,0.563,-0.619,-0.223,0.866,4.3,-0.7,-20.5,20.96,WALKING
5600,0.558,-0.647,-0.219,0.882,-10.5,3.9,-14.8,18.56,WALKING
5650,0.651,-0.659,-0.220,0.952,-20.8,17.7,-13.2,30.33,WALKING
5700,0.795,-0.694,-0.214,1.077,-22.6,12.7,-20.0,32.74,WALKING
5750,1.226,-0.831,-0.221,1.497,-24.2,11.1,-24.2,35.98,WALKING
5800,0.989,-0.835,-0.211,1.311,-28.2,2.8,18.7,33.95,WALKING
5850,0.942,-0.740,-0.033,1.198,-35.8,12.9,91.0,98.64,WALKING
5900,1.104,-0.644,-0.189,1.292,-35.4,2.2,110.0,115.58,WALKING
5950,0.970,-0.532,-0.102,1.111,-8.1,0.4,108.9,109.20,WALKING
6000,0.878,-0.504,-0.136,1.021,-27.5,-3.6,112.4,115.77,WALKING
6050,0.772,-0.441,-0.104,0.895,-19.1,5.5,110.5,112.27,WALKING
6100,0.695,-0.362,-0.124,0.793,-28.3,-1.6,95.1,99.23,WALKING
6150,0.624,-0.319,-0.139,0.714,-6.0,-7.7,56.2,57.04,WALKING
6200,0.598,-0.312,-0.160,0.693,2.4,-17.1,-0.6,17.28,WALKING
6250,0.713,-0.364,-0.223,0.831,32.4,-24.4,-60.8,73.09,WALKING
6300,0.816,-0.413,-0.260,0.951,51.8,-45.5,-114.5,133.66,WALKING
6350,1.126,-0.560,-0.252,1.283,70.1,-52.1,-178.9,199.08,WALKING
6400,1.281,-0.578,-0.210,1.421,108.8,-89.2,-210.4,253.11,WALKING
6450,0.736,-0.766,-0.122,1.069,119.3,-86.3,-129.0,195.76,WALKING
6500,1.169,-0.754,-0.104,1.395,59.3,-60.5,-77.0,114.48,WALKING
6550,1.043,-0.569,0.040,1.189,142.2,-106.6,-67.9,190.25,WALKING
6600,0.671,-0.673,0.066,0.953,171.2,-87.7,-35.5,195.60,WALKING
6650,0.545,-0.758,0.055,0.935,71.8,-37.7,-11.2,81.87,WALKING
6700,0.550,-0.583,-0.080,0.805,26.6,-5.8,-0.2,27.23,WALKING
6750,0.568,-0.557,-0.125,0.805,67.9,-5.5,0.5,68.12,WALKING
6800,0.706,-0.696,-0.186,1.009,53.4,11.1,-4.3,54.71,WALKING
6850,0.940,-0.748,-0.292,1.236,10.5,23.3,-5.3,26.10,WALKING
6900,1.303,-0.827,-0.468,1.613,-17.0,22.8,-10.7,30.39,WALKING
6950,0.908,-0.764,-0.324,1.230,4.1,4.1,23.1,23.82,WALKING
7000,0.607,-0.680,-0.230,0.940,-33.7,16.8,85.4,93.33,WALKING
7050,0.689,-0.550,-0.214,0.907,-67.4,25.0,105.0,127.25,WALKING
7100,0.876,-0.468,-0.252,1.025,-56.7,12.6,64.8,87.02,WALKING
7150,0.943,-0.442,-0.254,1.072,-13.1,-16.0,3.0,20.90,WALKING
7200,0.882,-0.473,-0.123,1.008,58.7,-47.8,9.0,76.23,WALKING
7250,0.794,-0.586,-0.034,0.987,73.8,-39.3,37.9,91.80,WALKING
7300,0.721,-0.518,-0.023,0.888,-3.7,-19.8,51.3,55.11,WALKING
7350,0.664,-0.444,-0.103,0.805,-11.2,-0.8,30.6,32.60,WALKING
7400,0.668,-0.368,-0.174,0.782,5.6,-10.2,-10.0,15.34,WALKING
7450,0.802,-0.433,-0.178,0.929,24.9,-30.7,-61.6,73.19,WALKING
7500,0.994,-0.484,-0.177,1.120,54.6,-51.6,-113.5,136.11,WALKING
7550,1.505,-0.598,-0.238,1.637,82.0,-65.4,-163.5,194.25,WALKING
7600,0.682,-0.772,-0.203,1.050,105.3,-65.8,-102.9,161.26,WALKING
7650,0.533,-0.797,-0.163,0.973,-3.5,-20.5,-10.3,23.21,WALKING
7700,0.942,-0.494,-0.236,1.090,-33.1,-32.4,-5.4,46.63,WALKING
7750,0.936,-0.317,-0.100,0.993,117.9,-93.3,-38.2,155.13,WALKING
7800,0.664,-0.618,0.070,0.910,195.1,-94.3,-27.3,218.41,WALKING
7850,0.597,-0.735,0.054,0.948,104.5,-34.3,-8.4,110.31,WALKING
7900,0.651,-0.610,-0.024,0.892,28.2,14.0,-2.4,31.58,WALKING
7950,0.665,-0.629,-0.128,0.924,-3.6,26.8,6.7,27.86,WALKING
8000,0.632,-0.620,-0.135,0.896,-20.3,33.6,16.1,42.43,WALKING
8050,0.732,-0.627,-0.183,0.981,-27.5,40.6,11.8,50.44,WALKING
8100,0.979,-0.643,-0.234,1.194,-54.8,40.6,-6.9,68.55,WALKING
8150,1.202,-0.707,-0.348,1.437,10.1,3.8,-17.5,20.56,WALKING
8200,0.793,-0.734,-0.279,1.116,-8.6,-3.9,26.0,27.66,WALKING
8250,0.759,-0.658,-0.109,1.010,-26.1,18.4,77.0,83.36,WALKING
8300,0.888,-0.630,-0.108,1.094,-77.7,22.4,70.4,107.22,WALKING
8350,0.947,-0.450,-0.246,1.077,-78.1,11.1,43.9,90.28,WALKING
8400,0.827,-0.435,-0.085,0.938,-27.7,-9.3,27.3,39.99,WALKING
8450,0.726,-0.485,-0.039,0.874,1.5,-21.2,34.7,40.69,WALKING
8500,0.700,-0.500,-0.038,0.861,-13.0,-3.5,31.1,33.89,WALKING
8550,0.707,-0.447,-0.065,0.839,-25.0,-2.9,18.9,31.47,WALKING
8600,0.724,-0.426,-0.127,0.850,-16.4,-0.3,-5.3,17.24,WALKING
8650,0.848,-0.465,-0.134,0.976,-3.5,-20.5,-29.0,35.69,WALKING
8700,0.963,-0.494,-0.161,1.094,18.6,-49.2,-58.6,78.74,WALKING
8750,1.292,-0.578,-0.198,1.429,72.2,-38.5,-101.0,129.98,WALKING
8800,0.707,-0.671,-0.247,1.006,109.2,-36.1,-84.5,142.72,WALKING
8850,0.400,-0.715,-0.222,0.849,29.8,-9.8,-19.8,37.10,WALKING
8900,0.757,-0.559,-0.282,0.982,-19.3,-7.7,-14.8,25.51,WALKING
8950,1.001,-0.415,-0.266,1.116,49.7,-71.6,-42.0,96.75,WALKING
9000,0.759,-0.627,-0.125,0.992,129.0,-61.1,-14.5,143.47,WALKING
9050,0.631,-0.714,-0.138,0.963,47.1,-14.9,8.7,50.16,WALKING
9100,0.630,-0.544,-0.168,0.849,2.8,-1.5,14.4,14.75,WALKING
9150,0.638,-0.498,-0.227,0.841,22.7,-0.7,7.8,24.01,WALKING
9200,0.625,-0.578,-0.189,0.872,23.1,-0.7,-2.3,23.22,WALKING
9250,0.757,-0.629,-0.219,1.008,0.9,6.9,-14.7,16.26,WALKING
9300,0.949,-0.667,-0.252,1.187,-16.1,6.7,-29.9,34.61,WALKING
9350,1.117,-0.711,-0.260,1.349,0.8,4.0,-34.2,34.44,WALKING
9400,0.773,-0.781,-0.193,1.116,8.3,11.4,-3.7,14.58,WALKING
9450,0.649,-0.738,-0.143,0.993,-56.2,25.9,53.2,81.61,WALKING
9500,0.995,-0.585,-0.234,1.178,-70.8,12.4,66.3,97.79,WALKING
9550,1.077,-0.488,-0.216,1.202,-20.0,-21.9,48.7,57.02,WALKING
9600,0.906,-0.534,-0.152,1.063,29.6,-31.8,57.9,72.39,WALKING
9650,0.727,-0.555,-0.128,0.924,18.9,-9.2,73.2,76.16,WALKING
9700,0.659,-0.461,-0.125,0.814,-28.2,2.5,74.4,79.60,WALKING
9750,0.677,-0.369,-0.175,0.791,-29.0,1.7,38.5,48.23,WALKING
9800,0.697,-0.345,-0.206,0.805,8.3,-24.8,-1.4,26.19,WALKING
9850,0.808,-0.425,-0.161,0.927,47.8,-54.1,-39.4,82.24,WALKING
9900,0.892,-0.483,-0.189,1.032,42.4,-62.8,-75.1,106.68,WALKING
9950,1.137,-0.592,-0.144,1.290,71.8,-54.1,-105.4,138.53,WALKING
10000,1.031,-0.536,-0.369,1.219,73.2,-65.5,-128.8,161.98,WALKING
10050,0.510,-0.623,-0.150,0.819,63.7,-40.3,-54.3,92.90,WALKING
10100,0.862,-0.590,-0.206,1.065,36.3,-29.9,-29.7,55.62,WALKING
10150,0.844,-0.367,-0.121,0.928,92.1,-72.4,-60.4,131.80,WALKING
10200,0.640,-0.648,-0.115,0.918,140.7,-60.3,-49.6,160.91,WALKING
10250,0.587,-0.703,-0.169,0.931,58.8,-29.4,-32.9,73.51,WALKING
10300,0.601,-0.619,-0.250,0.898,48.3,-13.3,-20.3,54.05,WALKING
10350,0.649,-0.627,-0.306,0.953,39.3,-10.6,-13.3,42.82,WALKING
10400,0.741,-0.678,-0.291,1.046,25.6,1.4,-17.8,31.21,WALKING
10450,0.893,-0.707,-0.295,1.177,19.7,0.7,-22.1,29.61,WALKING
10500,1.123,-0.785,-0.322,1.407,0.4,5.5,-28.9,29.42,WALKING
10550,0.976,-0.761,-0.243,1.261,8.9,-14.9,-12.6,21.45,WALKING
10600,0.679,-0.770,-0.201,1.046,-3.5,9.1,39.8,40.98,WALKING
10650,0.736,-0.666,-0.121,1.000,-59.2,25.3,83.5,105.44,WALKING
10700,0.969,-0.563,-0.182,1.135,-80.6,18.4,80.7,115.53,WALKING
10750,0.981,-0.482,-0.138,1.102,-19.3,-16.5,54.7,60.31,WALKING
10800,0.847,-0.501,-0.059,0.986,11.4,-15.2,56.9,59.99,WALKING
10850,0.789,-0.519,-0.072,0.947,-8.1,6.5,73.3,74.03,WALKING
10900,0.724,-0.477,-0.085,0.871,-33.6,13.9,70.4,79.24,WALKING
10950,0.627,-0.398,-0.125,0.753,-52.5,11.4,61.0,81.28,WALKING
11000,0.618,-0.365,-0.186,0.741,-33.3,-9.1,21.7,40.77,WALKING
11050,0.727,-0.412,-0.200,0.859,0.2,-16.6,-32.9,36.85,WALKING
11100,0.846,-0.426,-0.159,0.960,63.8,-40.1,-91.0,118.15,WALKING
11150,1.352,-0.630,-0.240,1.511,51.2,-25.7,-151.4,161.88,WALKING
11200,0.767,-0.734,-0.329,1.111,87.9,-38.7,-128.1,160.11,WALKING
11250,0.412,-0.722,-0.176,0.850,20.5,-17.5,-33.1,42.69,WALKING
11300,0.963,-0.627,-0.233,1.173,-5.0,-15.2,-24.8,29.51,WALKING
11350,0.971,-0.413,-0.174,1.069,95.9,-69.3,-54.7,130.35,WALKING
11400,0.608,-0.729,-0.077,0.952,141.3,-53.4,-19.9,152.36,WALKING
11450,0.622,-0.807,-0.137,1.028,14.9,-16.2,1.2,22.04,WALKING
11500,0.622,-0.590,-0.197,0.880,-11.8,-6.7,8.1,15.80,WALKING
11550,0.582,-0.600,-0.237,0.869,20.7,2.6,1.9,20.95,WALKING
11600,0.601,-0.677,-0.184,0.924,-14.1,14.4,-4.5,20.65,WALKING
11650,0.759,-0.715,-0.166,1.056,-42.0,26.5,-21.9,54.28,WALKING
11700,1.201,-0.800,-0.192,1.456,-57.6,23.6,-34.3,71.07,WALKING
11750,1.196,-0.872,-0.225,1.497,-62.7,13.3,-16.9,66.29,WALKING
11800,0.626,-0.803,-0.098,1.023,-79.5,42.9,72.1,115.58,WALKING
11850,0.740,-0.600,-0.015,0.953,-111.5,71.4,124.8,181.95,WALKING
11900,0.946,-0.506,-0.128,1.080,-158.2,58.9,89.3,190.97,WALKING
11950,0.856,-0.507,-0.086,0.999,-91.3,21.3,46.2,104.52,WALKING
12000,0.832,-0.504,-0.085,0.976,-61.0,-6.1,40.3,73.36,WALKING
12050,0.809,-0.513,0.000,0.958,-47.5,-2.1,51.1,69.80,WALKING
12100,0.838,-0.496,-0.012,0.974,-35.5,0.0,55.4,65.80,WALKING
12150,0.778,-0.483,0.000,0.916,-38.4,15.5,44.6,60.86,WALKING
12200,0.767,-0.456,-0.037,0.893,-42.0,17.5,32.5,55.92,WALKING
12250,0.851,-0.420,-0.059,0.951,-18.4,12.6,10.3,24.56,WALKING
12300,1.216,-0.468,-0.028,1.303,39.3,6.6,-55.0,67.92,WALKING
12350,0.970,-0.651,-0.264,1.198,60.9,13.6,-91.9,111.08,WALKING
12400,0.407,-0.657,-0.394,0.867,5.2,16.7,-11.9,21.16,WALKING
12450,0.495,-0.507,-0.249,0.751,-72.5,29.4,36.8,86.46,WALKING
12500,1.009,-0.336,-0.464,1.160,-19.4,5.4,-15.7,25.53,WALKING
12550,0.791,-0.597,-0.376,1.060,100.9,-20.7,-55.2,116.86,WALKING
12600,0.638,-0.691,-0.273,0.979,24.3,7.9,-26.0,36.45,WALKING
12650,0.714,-0.523,-0.285,0.930,-40.1,18.6,-29.2,52.98,WALKING
12700,0.691,-0.589,-0.231,0.937,-10.9,16.3,-33.1,38.47,WALKING
12750,0.638,-0.637,-0.187,0.921,-19.1,24.3,-26.3,40.58,WALKING
12800,0.586,-0.642,-0.137,0.880,-44.1,31.3,-12.6,55.53,WALKING
12850,0.651,-0.641,-0.137,0.924,-54.3,31.2,-8.8,63.24,WALKING
12900,0.852,-0.671,-0.116,1.091,-51.5,18.6,-13.6,56.42,WALKING
12950,1.437,-0.808,-0.189,1.659,-25.9,0.4,-24.0,35.31,WALKING
13000,1.001,-0.862,-0.098,1.325,-16.8,-10.0,44.3,48.42,WALKING
13050,0.945,-0.717,0.064,1.188,-12.1,27.7,141.1,144.30,WALKING
13100,1.071,-0.691,-0.114,1.280,-43.1,55.7,163.1,177.66,WALKING
13150,1.007,-0.514,-0.032,1.131,-90.0,66.0,135.1,175.24,WALKING
13200,0.846,-0.413,-0.140,0.952,-94.7,34.8,110.7,149.78,WALKING
13250,0.685,-0.380,-0.155,0.799,-56.8,30.2,95.5,115.15,WALKING
13300,0.618,-0.353,-0.125,0.723,-47.6,26.5,76.0,93.51,WALKING
13350,0.590,-0.311,-0.187,0.693,-35.5,13.5,35.2,51.78,WALKING
13400,0.611,-0.319,-0.214,0.722,-11.2,-1.1,-11.9,16.38,WALKING
13450,0.798,-0.379,-0.223,0.911,19.5,-21.6,-58.9,65.70,WALKING
13500,0.937,-0.389,-0.188,1.032,56.9,-46.0,-109.6,131.78,WALKING
13550,1.511,-0.554,-0.224,1.625,100.8,-48.4,-175.2,207.84,WALKING
13600,0.830,-0.781,-0.179,1.154,112.6,-58.8,-159.1,203.59,WALKING
13650,0.517,-0.748,-0.176,0.926,-10.5,-9.8,-69.4,70.87,WALKING
13700,1.002,-0.535,-0.175,1.149,-3.2,-20.8,-45.6,50.22,WALKING
13750,1.016,-0.362,-0.118,1.085,133.8,-82.2,-70.3,172.05,WALKING
13800,0.709,-0.671,-0.038,0.977,212.5,-79.3,-37.5,229.89,WALKING
13850,0.643,-0.748,-0.050,0.988,95.8,-39.2,-12.1,104.21,WALKING
13900,0.619,-0.589,-0.141,0.866,40.6,-17.4,-2.0,44.22,WALKING
13950,0.587,-0.567,-0.205,0.841,60.2,-7.0,-5.6,60.86,WALKING
14000,0.572,-0.651,-0.203,0.890,41.1,3.7,-2.3,41.33,WALKING
14050,0.680,-0.648,-0.253,0.973,3.2,21.6,-5.5,22.52,WALKING
14100,1.039,-0.713,-0.258,1.286,-15.9,24.2,-22.5,36.67,WALKING
14150,1.332,-0.738,-0.335,1.559,-13.9,-0.4,-32.7,35.53,WALKING
14200,0.815,-0.709,-0.237,1.106,28.4,-8.7,25.4,39.08,WALKING
14250,0.803,-0.707,-0.144,1.080,9.4,3.2,102.6,103.08,WALKING
14300,1.018,-0.607,-0.225,1.206,-29.1,3.2,111.8,115.57,WALKING
14350,1.014,-0.479,-0.181,1.136,-15.2,-21.7,78.2,82.57,WALKING
14400,0.845,-0.458,-0.138,0.971,9.8,-35.0,58.5,68.87,WALKING
14450,0.730,-0.471,-0.092,0.874,16.1,-32.4,56.5,67.09,WALKING
14500,0.688,-0.429,-0.119,0.819,-15.8,-19.8,40.6,47.85,WALKING
14550,0.635,-0.365,-0.123,0.743,-10.2,-28.7,11.2,32.45,WALKING
14600,0.654,-0.373,-0.126,0.763,0.2,-42.8,-22.8,48.49,WALKING
14650,0.754,-0.407,-0.126,0.866,41.0,-44.3,-66.4,89.74,WALKING
14700,0.940,-0.485,-0.162,1.070,67.6,-60.1,-104.7,138.36,WALKING
14750,1.114,-0.603,-0.091,1.270,79.3,-58.1,-130.2,163.14,WALKING
14800,1.183,-0.667,-0.226,1.377,74.1,-70.6,-143.9,176.59,WALKING
14850,0.590,-0.651,-0.142,0.890,93.2,-59.1,-62.3,126.73,WALKING
14900,0.872,-0.669,-0.256,1.128,43.3,-37.2,-23.3,61.66,WALKING
14950,0.901,-0.389,-0.128,0.990,101.5,-81.9,-37.1,135.60,WALKING
15000,0.633,-0.576,-0.011,0.856,176.4,-82.1,-41.5,198.95,WALKING
15050,0.550,-0.752,-0.048,0.933,115.9,-53.1,-36.6,132.63,WALKING
15100,0.587,-0.683,-0.106,0.907,33.3,-14.3,-38.6,52.95,WALKING
15150,0.629,-0.663,-0.220,0.940,15.6,4.8,-30.3,34.42,WALKING
15200,0.657,-0.718,-0.213,0.996,3.5,18.8,-11.1,22.11,WALKING
15250,0.789,-0.720,-0.252,1.097,-8.4,27.3,-1.4,28.60,WALKING
15300,1.144,-0.805,-0.263,1.423,-16.1,21.7,-8.4,28.30,WALKING
15350,1.089,-0.811,-0.230,1.377,-14.3,4.2,4.0,15.43,WALKING
15400,0.809,-0.768,-0.169,1.128,-7.0,12.8,67.5,69.06,WALKING
15450,0.897,-0.675,-0.114,1.128,-32.7,23.2,119.2,125.76,WALKING
15500,0.963,-0.487,-0.030,1.080,-57.6,38.1,128.0,145.44,WALKING
15550,1.036,-0.483,-0.116,1.149,-55.1,16.5,99.8,115.19,WALKING
15600,0.863,-0.444,-0.105,0.976,-19.3,3.2,82.9,85.18,WALKING
15650,0.700,-0.407,-0.085,0.814,-72.1,4.4,80.9,108.46,WALKING
15700,0.598,-0.366,-0.083,0.706,-34.2,0.9,63.4,72.04,WALKING
15750,0.541,-0.313,-0.117,0.636,-23.5,2.3,29.5,37.79,WALKING
15800,0.562,-0.338,-0.154,0.674,-8.6,-3.8,-16.0,18.56,WALKING
15850,0.727,-0.378,-0.186,0.840,0.1,-20.0,-77.2,79.75,WALKING
15900,0.898,-0.454,-0.183,1.023,48.7,-37.5,-127.6,141.63,WALKING
15950,1.604,-0.676,-0.227,1.755,72.5,-44.1,-189.4,207.54,WALKING
16000,1.026,-0.804,-0.247,1.327,100.4,-58.1,-175.0,209.95,WALKING
16050,0.464,-0.807,-0.247,0.963,31.8,-20.1,-53.2,65.16,WALKING
16100,0.847,-0.626,-0.214,1.075,-11.4,-16.3,-8.6,21.67,WALKING
16150,1.077,-0.420,-0.189,1.171,70.4,-73.1,-48.2,112.35,WALKING
16200,0.767,-0.550,-0.071,0.946,216.8,-93.9,-40.0,239.62,WALKING
16250,0.552,-0.795,0.055,0.969,139.3,-45.8,-4.9,146.72,WALKING
16300,0.613,-0.726,-0.131,0.959,-23.3,1.8,8.4,24.83,WALKING
16350,0.674,-0.503,-0.282,0.887,3.2,-1.8,7.4,8.26,WALKING
16400,0.606,-0.607,-0.235,0.889,48.5,-2.5,12.7,50.20,WALKING
16450,0.695,-0.660,-0.234,0.987,0.3,16.6,19.0,25.23,WALKING
16500,0.812,-0.580,-0.227,1.023,-10.0,18.6,16.1,26.56,WALKING
16550,1.195,-0.709,-0.262,1.414,-3.9,7.4,-13.3,15.71,WALKING
16600,0.918,-0.746,-0.256,1.210,-17.0,12.0,3.1,21.04,WALKING
16650,0.713,-0.652,-0.105,0.972,-37.3,25.5,60.7,75.67,WALKING
16700,0.888,-0.563,-0.187,1.068,-58.5,28.2,77.2,100.88,WALKING
16750,0.933,-0.491,-0.209,1.075,-38.2,6.7,51.3,64.31,WALKING
16800,0.807,-0.468,-0.164,0.947,-18.5,-7.9,37.7,42.73,WALKING
16850,0.733,-0.499,-0.143,0.898,2.8,-7.0,38.4,39.13,WALKING
16900,0.718,-0.450,-0.146,0.860,-12.9,2.5,21.9,25.54,WALKING
16950,0.691,-0.426,-0.181,0.832,-5.6,-9.6,0.8,11.14,WALKING
17000,0.712,-0.454,-0.174,0.862,6.1,-17.7,-22.5,29.27,WALKING
17050,0.868,-0.482,-0.173,1.008,24.0,-23.4,-47.8,58.38,WALKING
17100,0.980,-0.525,-0.219,1.133,48.3,-41.0,-76.4,99.25,WALKING
17150,1.250,-0.650,-0.170,1.419,63.6,-41.5,-88.8,116.84,WALKING
17200,0.810,-0.635,-0.215,1.051,73.5,-45.9,-81.5,118.96,WALKING
17250,0.436,-0.653,-0.169,0.803,42.4,-29.2,-12.3,52.93,WALKING
17300,0.886,-0.592,-0.246,1.094,16.4,-32.7,-6.1,37.09,WALKING
17350,0.923,-0.385,-0.121,1.007,98.9,-71.5,-25.2,124.61,WALKING
17400,0.694,-0.608,-0.087,0.927,132.3,-55.0,-9.1,143.57,WALKING
17450,0.603,-0.666,-0.105,0.905,27.8,-10.9,8.6,31.07,WALKING
17500,0.627,-0.522,-0.132,0.826,-5.3,11.1,11.2,16.64,WALKING
17550,0.609,-0.472,-0.242,0.808,4.6,11.9,3.5,13.23,WALKING
17600,0.555,-0.508,-0.191,0.776,20.8,15.6,-1.1,26.02,WALKING
17650,0.739,-0.589,-0.286,0.987,-5.8,28.4,-12.6,31.61,WALKING
17700,1.223,-0.644,-0.215,1.399,23.6,13.7,-40.5,48.84,WALKING
17750,1.291,-0.720,-0.346,1.518,84.9,-26.9,-43.2,98.98,WALKING
17800,0.913,-0.895,-0.158,1.288,71.3,-17.0,7.4,73.67,WALKING
17850,0.661,-0.639,-0.150,0.932,-10.2,13.9,51.5,54.31,WALKING
17900,0.623,-0.593,-0.124,0.869,-57.2,23.3,71.8,94.71,WALKING
17950,0.802,-0.447,-0.143,0.929,-76.7,3.0,36.6,85.04,WALKING
18000,0.886,-0.401,-0.039,0.973,-18.5,-29.9,-11.8,37.09,WALKING
18050,0.836,-0.549,-0.009,1.000,22.8,-38.9,-10.9,46.39,WALKING
18100,0.818,-0.586,-0.007,1.006,-1.7,-21.6,12.8,25.17,WALKING
18150,0.749,-0.522,-0.099,0.918,-8.0,-7.4,31.8,33.62,WALKING
18200,0.675,-0.468,-0.162,0.837,24.6,0.2,31.2,39.73,WALKING
18250,0.722,-0.440,-0.218,0.873,14.7,-8.8,3.0,17.39,WALKING
18300,0.777,-0.436,-0.172,0.907,41.0,-36.1,-28.4,61.57,WALKING
18350,0.824,-0.527,-0.183,0.995,71.5,-43.9,-47.8,96.56,WALKING
18400,0.874,-0.570,-0.172,1.058,54.1,-48.6,-50.3,88.42,WALKING
18450,1.333,-0.604,-0.121,1.468,69.1,-54.3,-88.6,124.79,WALKING
18500,0.852,-0.584,-0.088,1.037,97.6,-81.6,-85.3,153.17,WALKING
18550,0.538,-0.636,-0.064,0.835,52.2,-50.9,3.7,73.00,WALKING
18600,1.115,-0.472,-0.219,1.230,5.2,-56.2,3.5,56.55,WALKING
18650,0.891,-0.353,-0.049,0.960,160.3,-93.5,-30.1,188.00,WALKING
18700,0.601,-0.654,-0.055,0.890,134.4,-59.0,-12.2,147.29,WALKING
18750,0.517,-0.557,-0.136,0.772,32.9,-24.7,-15.8,44.07,WALKING
18800,0.615,-0.537,-0.239,0.851,35.0,-10.0,-20.9,41.97,WALKING
18850,0.591,-0.512,-0.077,0.786,-36.9,3.9,-20.2,42.25,WALKING
18900,0.685,-0.584,-0.251,0.934,33.6,-10.6,-17.5,39.34,WALKING
18950,0.835,-0.607,-0.303,1.076,19.7,8.8,-19.9,29.35,WALKING
19000,1.227,-0.692,-0.446,1.478,39.7,0.6,-35.4,53.19,WALKING
19050,1.010,-0.689,-0.161,1.233,55.5,-20.3,-21.6,62.92,WALKING
19100,0.816,-0.686,-0.171,1.080,42.9,-4.9,23.8,49.30,WALKING
19150,0.660,-0.662,-0.154,0.947,-3.2,15.3,59.6,61.62,WALKING
19200,0.827,-0.600,-0.218,1.045,-65.9,14.7,64.9,93.65,WALKING
19250,1.002,-0.455,-0.205,1.119,-42.8,-16.8,36.7,58.83,WALKING
19300,0.927,-0.446,-0.173,1.043,47.3,-52.6,26.5,75.54,WALKING
19350,0.832,-0.542,-0.153,1.005,75.6,-55.9,44.8,104.15,WALKING
19400,0.754,-0.511,-0.123,0.919,26.8,-34.5,49.2,65.80,WALKING
19450,0.677,-0.421,-0.138,0.809,17.9,-24.7,40.9,51.02,WALKING
19500,0.625,-0.387,-0.165,0.753,24.6,-23.8,13.4,36.76,WALKING
19550,0.665,-0.420,-0.147,0.800,30.3,-29.8,-30.9,52.54,WALKING
19600,0.779,-0.462,-0.149,0.918,50.1,-43.3,-62.0,90.71,WALKING
19650,0.892,-0.545,-0.183,1.061,43.1,-41.7,-91.3,109.23,WALKING
19700,1.078,-0.593,-0.124,1.237,42.7,-47.3,-110.6,127.64,WALKING
19750,1.305,-0.612,-0.210,1.457,52.8,-55.0,-131.5,152.00,WALKING
19800,0.661,-0.676,-0.200,0.966,98.0,-50.4,-65.0,127.94,WALKING
19850,0.624,-0.698,-0.161,0.950,29.6,-43.0,0.4,52.20,WALKING
19900,1.023,-0.478,-0.240,1.154,36.4,-70.6,-6.8,79.72,WALKING
19950,0.933,-0.395,-0.011,1.013,155.7,-115.7,-37.3,197.54,WALKING
20000,0.646,-0.657,0.005,0.921,193.1,-86.4,-11.4,211.85,WALKING
20050,0.556,-0.688,-0.026,0.885,67.6,-27.7,3.7,73.15,WALKING
20100,0.570,-0.535,-0.131,0.793,-12.4,9.8,1.6,15.89,WALKING
20150,0.621,-0.482,-0.228,0.819,2.3,11.0,-12.3,16.66,WALKING
20200,0.653,-0.587,-0.247,0.912,18.3,13.5,-18.3,29.19,WALKING
20250,0.801,-0.614,-0.317,1.058,-16.2,17.0,-19.8,30.72,WALKING
20300,1.062,-0.732,-0.371,1.342,15.4,15.9,-29.8,37.12,WALKING
20350,1.134,-0.651,-0.317,1.345,43.2,-9.3,-30.1,53.47,WALKING
20400,0.851,-0.743,-0.338,1.179,20.7,-10.5,17.0,28.77,WALKING
20450,0.712,-0.649,-0.103,0.969,-14.2,10.2,59.0,61.54,WALKING
20500,0.817,-0.614,-0.140,1.032,-71.1,22.1,62.8,97.40,WALKING
20550,0.855,-0.478,-0.149,0.991,-73.8,4.9,34.7,81.70,WALKING
20600,0.787,-0.447,-0.127,0.914,-5.6,-23.7,17.2,29.81,WALKING
20650,0.748,-0.514,-0.040,0.908,20.5,-20.0,20.0,34.93,WALKING
20700,0.717,-0.527,-0.062,0.892,-0.3,-5.2,22.0,22.61,WALKING
20750,0.722,-0.499,-0.094,0.883,-26.7,9.4,26.5,38.77,WALKING
20800,0.738,-0.447,-0.142,0.874,-23.9,7.5,6.7,25.93,WALKING
20850,0.824,-0.450,-0.174,0.955,0.4,-6.0,-17.8,18.79,WALKING
20900,0.928,-0.501,-0.213,1.076,18.6,-21.2,-42.2,50.76,WALKING
20950,1.357,-0.627,-0.203,1.509,40.7,-31.0,-87.2,101.10,WALKING
21000,0.828,-0.705,-0.281,1.123,61.0,-38.7,-73.0,102.70,WALKING
21050,0.420,-0.614,-0.289,0.798,32.0,-24.6,10.4,41.68,WALKING
21100,0.691,-0.526,-0.262,0.907,-7.9,-28.3,26.5,39.57,WALKING
21150,0.984,-0.371,-0.350,1.108,47.1,-74.5,-25.7,91.81,WALKING
21200,0.743,-0.565,-0.049,0.935,116.1,-88.7,-16.9,147.08,WALKING
21250,0.653,-0.676,-0.090,0.944,90.2,-42.0,7.5,99.78,WALKING
21300,0.653,-0.580,-0.146,0.886,3.1,-8.6,13.2,16.06,WALKING
21350,0.617,-0.487,-0.224,0.817,9.6,4.2,4.2,11.29,WALKING
21400,0.574,-0.512,-0.258,0.811,13.7,5.3,-8.2,16.82,WALKING
21450,0.586,-0.556,-0.241,0.843,2.6,16.2,-18.4,24.65,WALKING
21500,0.713,-0.602,-0.246,0.965,-3.3,21.4,-36.1,42.10,WALKING
21550,1.223,-0.749,-0.252,1.456,-9.3,19.6,-69.3,72.62,WALKING
21600,1.000,-0.863,-0.282,1.351,-25.6,13.3,-56.0,62.99,WALKING
21650,0.735,-0.707,-0.101,1.025,-48.1,20.9,36.5,63.90,WALKING
21700,1.028,-0.623,-0.216,1.221,-55.9,20.7,68.3,90.65,WALKING
21750,0.975,-0.551,-0.206,1.139,-15.5,-3.8,64.4,66.35,WALKING
21800,0.916,-0.553,-0.130,1.078,11.3,-19.1,66.2,69.82,WALKING
21850,0.786,-0.527,-0.150,0.958,-1.8,-9.9,76.6,77.26,WALKING
21900,0.709,-0.467,-0.144,0.861,-11.2,-5.6,80.4,81.37,WALKING
21950,0.638,-0.393,-0.140,0.762,-15.0,-9.2,61.4,63.87,WALKING
22000,0.619,-0.366,-0.175,0.740,4.3,-24.3,27.3,36.80,WALKING
22050,0.719,-0.415,-0.181,0.850,14.7,-33.8,-16.6,40.42,WALKING
22100,0.853,-0.432,-0.204,0.978,21.4,-42.0,-59.5,75.91,WALKING
22150,1.314,-0.624,-0.159,1.463,42.7,-38.2,-118.7,131.80,WALKING
22200,1.151,-0.568,-0.283,1.314,73.7,-44.3,-145.1,168.67,WALKING
22250,0.389,-0.688,-0.286,0.841,61.1,-21.2,-57.8,86.74,WALKING
22300,0.540,-0.608,-0.208,0.839,-15.5,-4.6,-9.0,18.50,WALKING
22350,1.025,-0.412,-0.350,1.159,7.5,-38.5,-51.3,64.58,WALKING
22400,0.857,-0.526,-0.063,1.008,173.7,-81.0,-56.2,199.73,WALKING
22450,0.634,-0.766,-0.048,0.995,139.7,-52.3,-16.9,150.12,WALKING
22500,0.499,-0.643,-0.126,0.824,23.4,-10.9,6.4,26.60,WALKING
22550,0.607,-0.511,-0.214,0.822,24.0,-0.7,7.0,25.01,WALKING
22600,0.594,-0.560,-0.215,0.844,52.9,-3.9,-1.9,53.08,WALKING
22650,0.704,-0.658,-0.246,0.995,32.2,7.0,-8.6,34.06,WALKING
22700,0.852,-0.688,-0.246,1.122,21.2,16.3,-16.6,31.48,WALKING
22750,1.195,-0.780,-0.273,1.453,13.6,14.2,-28.3,34.46,WALKING
22800,0.990,-0.818,-0.290,1.317,17.1,8.8,-4.6,19.77,WALKING
22850,0.746,-0.711,-0.185,1.047,-8.0,12.8,61.2,63.03,WALKING
22900,0.969,-0.601,-0.204,1.158,-48.0,9.8,82.4,95.86,WALKING
22950,0.949,-0.524,-0.074,1.087,-26.6,-7.2,62.7,68.49,WALKING
23000,0.840,-0.490,-0.114,0.979,10.3,-28.5,45.5,54.67,WALKING
23050,0.748,-0.491,-0.100,0.900,8.4,-24.6,46.6,53.36,WALKING
23100,0.709,-0.428,-0.141,0.840,11.9,-26.5,41.5,50.66,WALKING
23150,0.667,-0.402,-0.150,0.793,-10.9,-30.1,26.8,41.75,WALKING
23200,0.686,-0.410,-0.125,0.809,24.4,-34.5,-8.1,43.03,WALKING
23250,0.788,-0.464,-0.141,0.925,29.6,-40.6,-43.6,66.52,WALKING
23300,0.935,-0.516,-0.237,1.094,37.5,-47.0,-77.0,97.69,WALKING
23350,0.899,-0.567,-0.252,1.092,50.2,-50.8,-86.3,112.02,WALKING
23400,1.328,-0.673,-0.206,1.503,64.6,-64.1,-105.5,139.33,WALKING
23450,0.996,-0.581,-0.291,1.189,104.0,-95.8,-114.1,181.69,WALKING
23500,0.525,-0.667,-0.135,0.859,125.6,-85.9,-25.9,154.35,WALKING
23550,0.855,-0.611,-0.135,1.060,48.2,-70.0,4.6,85.11,WALKING
23600,0.908,-0.364,-0.074,0.981,76.3,-93.8,-23.3,123.14,WALKING
23650,0.711,-0.500,0.063,0.871,157.1,-94.7,-28.7,185.67,WALKING
23700,0.607,-0.640,0.063,0.884,97.4,-55.3,-23.1,114.36,WALKING
23750,0.563,-0.543,-0.080,0.786,41.3,-13.4,-30.3,52.95,WALKING
23800,0.531,-0.605,-0.231,0.837,53.2,8.4,-40.1,67.15,WALKING
23850,0.547,-0.688,-0.274,0.921,16.7,16.3,-42.4,48.40,WALKING
23900,0.672,-0.728,-0.302,1.036,-9.9,19.3,-38.6,44.28,WALKING
23950,0.868,-0.714,-0.246,1.151,-36.5,24.0,-25.2,50.43,WALKING
24000,1.309,-0.771,-0.361,1.561,-44.6,18.2,-27.7,55.57,WALKING
24050,0.850,-0.676,-0.278,1.121,-10.9,0.0,36.0,37.61,WALKING
24100,0.906,-0.531,-0.134,1.059,-7.2,-3.2,82.8,83.17,WALKING
24150,0.971,-0.511,-0.211,1.117,20.8,-11.0,68.2,72.14,WALKING
24200,0.943,-0.567,-0.134,1.108,24.9,-15.0,61.0,67.57,WALKING
24250,0.874,-0.513,-0.126,1.021,13.8,-4.1,65.9,67.45,WALKING
24300,0.729,-0.435,-0.097,0.854,5.8,-3.8,74.8,75.12,WALKING
24350,0.668,-0.391,-0.131,0.785,-10.1,-4.9,55.1,56.23,WALKING
24400,0.624,-0.373,-0.153,0.743,8.6,-6.5,20.7,23.34,WALKING
24450,0.693,-0.391,-0.150,0.810,18.5,-13.3,-22.9,32.30,WALKING
24500,0.841,-0.463,-0.173,0.975,29.6,-23.5,-63.7,74.07,WALKING
24550,0.935,-0.536,-0.193,1.095,28.0,-33.4,-87.8,98.02,WALKING
24600,1.263,-0.651,-0.165,1.430,45.9,-37.3,-107.3,122.52,WALKING
24650,1.131,-0.704,-0.136,1.339,22.7,-35.5,-120.2,127.37,WALKING
24700,0.537,-0.625,-0.270,0.867,0.2,-9.1,-35.1,36.26,WALKING
24750,0.775,-0.708,-0.458,1.145,11.6,-40.8,2.3,42.48,WALKING
24800,0.922,-0.386,-0.233,1.026,119.2,-98.1,-26.8,156.69,WALKING
24850,0.699,-0.556,0.088,0.897,168.9,-98.9,-21.3,196.88,WALKING
24900,0.645,-0.657,0.004,0.921,89.8,-48.5,0.2,102.06,WALKING
24950,0.703,-0.546,-0.077,0.893,32.2,-10.9,10.0,35.44,WALKING
25000,0.688,-0.505,-0.177,0.872,55.4,0.6,12.4,56.77,WALKING
25050,0.627,-0.545,-0.200,0.854,31.9,14.2,11.9,36.89,WALKING
25100,0.656,-0.547,-0.248,0.889,-7.1,31.8,3.4,32.76,WALKING
25150,0.806,-0.560,-0.306,1.028,-16.7,34.9,-12.8,40.75,WALKING
25200,1.329,-0.838,-0.553,1.666,42.0,-3.5,-32.8,53.40,WALKING
25250,0.925,-0.732,-0.040,1.180,38.4,-17.2,-18.1,45.80,WALKING
25300,0.633,-0.625,-0.124,0.898,-5.6,8.1,42.0,43.14,WALKING
25350,0.735,-0.545,-0.086,0.919,-66.8,17.7,72.7,100.30,WALKING
25400,0.941,-0.441,-0.165,1.052,-52.3,-10.5,38.7,65.90,WALKING
25450,0.937,-0.439,-0.081,1.038,10.8,-45.0,-4.6,46.51,WALKING
25500,0.813,-0.475,0.008,0.942,65.9,-60.6,0.1,89.53,WALKING
25550,0.755,-0.550,-0.059,0.936,64.1,-40.3,24.7,79.64,WALKING
25600,0.721,-0.486,-0.046,0.871,14.2,-16.5,29.1,36.34,WALKING
25650,0.723,-0.461,-0.160,0.872,10.7,-10.9,6.6,16.64,WALKING
25700,0.716,-0.438,-0.209,0.865,15.6,-22.5,-27.0,38.45,WALKING
25750,0.829,-0.509,-0.207,0.995,35.9,-36.9,-56.8,76.66,WALKING
25800,0.999,-0.553,-0.225,1.164,48.5,-45.1,-86.6,109.02,WALKING
25850,1.095,-0.677,-0.190,1.301,64.7,-49.4,-93.9,124.27,WALKING
25900,1.088,-0.703,-0.281,1.325,49.0,-51.3,-85.9,111.41,WALKING
25950,0.556,-0.600,-0.244,0.854,73.9,-57.6,-27.4,97.62,WALKING
26000,0.694,-0.670,-0.220,0.989,44.3,-49.4,9.7,67.06,WALKING
26050,1.029,-0.445,-0.252,1.149,47.8,-77.5,-0.5,91.06,WALKING
26100,0.743,-0.464,-0.117,0.884,131.2,-90.7,12.3,159.97,WALKING
26150,0.547,-0.617,-0.028,0.825,111.6,-53.7,36.4,129.09,WALKING
26200,0.557,-0.502,-0.095,0.756,27.4,-19.4,31.9,46.31,WALKING
26250,0.564,-0.390,-0.137,0.699,29.8,-4.9,4.2,30.49,WALKING
26300,0.533,-0.518,-0.197,0.769,27.0,16.3,-18.9,36.77,WALKING
26350,0.685,-0.746,-0.290,1.053,-22.1,37.6,-36.5,56.87,WALKING
26400,1.255,-0.743,-0.323,1.494,-8.7,29.3,-63.4,70.38,WALKING
26450,1.351,-0.807,-0.360,1.614,29.1,3.3,-69.0,74.96,WALKING
26500,0.767,-0.747,-0.163,1.083,26.2,7.6,12.7,30.09,WALKING
26550,0.585,-0.678,-0.120,0.903,-38.5,44.5,72.8,93.61,WALKING
26600,0.706,-0.562,-0.195,0.923,-86.8,48.7,59.4,115.91,WALKING
26650,0.841,-0.427,-0.198,0.964,-79.2,9.4,1.4,79.77,WALKING
26700,0.821,-0.421,-0.086,0.927,9.2,-39.5,-22.2,46.24,WALKING
26750,0.783,-0.559,0.003,0.962,64.0,-51.8,-11.1,83.08,WALKING
26800,0.813,-0.627,-0.043,1.028,37.9,-24.9,9.2,46.27,WALKING
26850,0.815,-0.526,-0.110,0.976,-22.8,-2.1,24.9,33.83,WALKING
26900,0.818,-0.475,-0.125,0.954,-23.8,-5.1,22.1,32.88,WALKING
26950,0.864,-0.448,-0.160,0.986,4.9,-23.0,2.8,23.68,WALKING
27000,0.906,-0.467,-0.184,1.036,42.0,-43.5,-22.9,64.66,WALKING
27050,1.270,-0.583,-0.113,1.402,67.4,-46.8,-58.8,100.95,WALKING
27100,0.911,-0.575,-0.308,1.120,81.6,-53.4,-76.3,123.82,WALKING
27150,0.321,-0.618,-0.243,0.738,61.1,-36.4,6.7,71.44,WALKING
27200,0.600,-0.528,-0.172,0.818,-0.3,-10.4,27.7,29.59,WALKING
27250,0.968,-0.370,-0.353,1.095,11.2,-41.7,-27.7,51.30,WALKING
27300,0.704,-0.557,-0.043,0.899,108.5,-56.5,-33.2,126.75,WALKING
27350,0.686,-0.707,-0.138,0.995,50.9,-19.7,-6.5,54.96,WALKING
27400,0.716,-0.503,-0.176,0.893,19.8,-2.9,1.6,20.08,WALKING
27450,0.654,-0.508,-0.231,0.860,49.2,-7.3,-1.3,49.76,WALKING
27500,0.601,-0.570,-0.215,0.856,26.0,1.8,-8.1,27.29,WALKING
27550,0.695,-0.605,-0.278,0.962,2.8,16.3,-21.0,26.73,WALKING
27600,0.926,-0.636,-0.223,1.145,5.3,11.5,-35.6,37.78,WALKING
27650,1.154,-0.666,-0.273,1.360,-6.4,4.1,-51.9,52.45,WALKING
27700,0.870,-0.743,-0.194,1.160,10.4,1.2,-11.7,15.70,WALKING
27750,0.683,-0.711,-0.183,1.003,-27.5,17.8,48.1,58.20,WALKING
27800,0.798,-0.574,-0.210,1.005,-45.0,12.1,75.3,88.55,WALKING
27850,1.028,-0.439,-0.305,1.159,-32.6,-21.2,48.2,61.93,WALKING
27900,0.934,-0.444,-0.071,1.037,42.7,-45.0,21.9,65.79,WALKING
27950,0.798,-0.550,-0.070,0.972,71.8,-35.5,28.8,85.12,WALKING
28000,0.714,-0.568,-0.170,0.928,7.1,-3.9,38.3,39.15,WALKING
28050,0.652,-0.474,-0.171,0.824,-36.8,8.2,35.1,51.51,WALKING
28100,0.652,-0.376,-0.243,0.791,-18.9,-6.2,14.4,24.56,WALKING
28150,0.691,-0.386,-0.222,0.822,17.6,-29.4,-20.3,39.83,WALKING
28200,0.815,-0.479,-0.203,0.967,37.8,-45.8,-56.2,81.76,WALKING
28250,0.980,-0.533,-0.133,1.123,55.7,-54.3,-81.9,112.95,WALKING
28300,1.497,-0.697,-0.263,1.672,52.5,-50.4,-128.6,147.76,WALKING
28350,0.613,-0.722,-0.208,0.970,78.1,-38.5,-66.2,109.38,WALKING
28400,0.469,-0.670,-0.182,0.838,-5.3,-16.5,18.9,25.64,WALKING
28450,0.865,-0.487,-0.142,1.003,-1.6,-25.3,8.8,26.83,WALKING
28500,0.920,-0.367,-0.207,1.012,105.1,-73.0,-46.1,136.02,WALKING
28550,0.577,-0.642,-0.033,0.864,155.6,-66.3,-23.3,170.73,WALKING
28600,0.582,-0.740,-0.147,0.953,31.7,-8.3,2.0,32.83,WALKING
28650,0.685,-0.549,-0.260,0.916,-12.6,7.3,4.6,15.27,WALKING
28700,0.691,-0.514,-0.284,0.907,21.1,1.8,2.0,21.27,WALKING
28750,0.618,-0.605,-0.272,0.907,29.0,5.1,9.1,30.82,WALKING
28800,0.726,-0.626,-0.302,1.005,-3.9,17.5,6.3,19.00,WALKING
28850,0.939,-0.693,-0.234,1.190,4.9,10.0,-1.6,11.25,WALKING
28900,1.184,-0.791,-0.374,1.472,27.2,-10.8,-11.4,31.41,WALKING
28950,0.878,-0.786,-0.085,1.181,45.2,-3.9,18.4,48.96,WALKING
29000,0.717,-0.686,-0.177,1.008,3.9,8.8,57.3,58.10,WALKING
29050,0.617,-0.547,-0.147,0.838,-16.5,11.4,77.4,79.96,WALKING
29100,0.732,-0.479,-0.118,0.883,-39.0,5.3,48.7,62.62,WALKING
29150,0.869,-0.442,-0.090,0.979,-18.3,-17.1,-15.2,29.30,WALKING
29200,0.824,-0.570,0.000,1.002,28.2,-32.2,-26.6,50.39,WALKING
29250,0.776,-0.662,-0.020,1.020,27.1,-15.4,-3.3,31.34,WALKING
29300,0.787,-0.603,-0.101,0.997,-12.3,3.5,13.3,18.45,WALKING
29350,0.746,-0.505,-0.129,0.910,-31.1,-2.1,18.9,36.45,WALKING
29400,0.717,-0.442,-0.110,0.849,30.5,-15.9,-1.2,34.42,WALKING
29450,0.729,-0.479,-0.096,0.878,60.9,-31.2,-27.0,73.56,WALKING
29500,0.798,-0.573,-0.066,0.985,91.1,-40.2,-48.0,110.54,WALKING
29550,0.816,-0.815,-0.053,1.155,62.4,-31.9,-43.0,82.22,WALKING
29600,0.802,-0.760,-0.069,1.107,21.0,-19.6,-32.3,43.23,WALKING
29650,0.774,-0.794,-0.168,1.121,37.2,-28.1,-28.1,54.43,WALKING
29700,1.064,-0.800,-0.079,1.334,51.3,-46.5,-43.8,81.93,WALKING
29750,0.836,-0.732,-0.102,1.116,86.9,-68.3,-57.1,124.41,WALKING
29800,0.417,-0.768,-0.076,0.877,74.6,-37.8,14.0,84.79,WALKING
29850,0.821,-0.659,-0.174,1.067,-24.5,-15.3,36.7,46.70,WALKING
29900,1.059,-0.394,-0.048,1.131,30.8,-72.9,6.8,79.43,WALKING
29950,0.722,-0.463,0.014,0.858,147.6,-93.9,19.2,175.99,WALKING
Recording stopped

Samples dumped: 600
