
Recording started
time,accelX,accelY,accelZ,accelMagnitude,gyroX,gyroY,gyroZ,gyroMagnitude,activity
0,0.796,-0.529,-0.237,0.985,1.2,-4.4,-1.2,4.72,WALKING
50,0.794,-0.550,-0.221,0.991,1.3,-2.8,-8.4,8.95,WALKING
100,0.791,-0.558,-0.212,0.991,3.8,-7.8,-3.7,9.43,WALKING
150,0.788,-0.552,-0.209,0.985,3.8,-6.8,-4.6,9.05,WALKING
200,0.787,-0.561,-0.209,0.989,5.9,-6.3,-4.0,9.51,WALKING
250,0.789,-0.563,-0.209,0.992,6.0,-6.8,-2.6,9.43,WALKING
300,0.793,-0.554,-0.220,0.992,7.4,-3.4,2.5,8.52,WALKING
350,0.789,-0.552,-0.232,0.990,6.1,-5.1,-2.8,8.43,WALKING
400,0.791,-0.545,-0.235,0.989,6.7,-6.0,-3.9,9.80,WALKING
450,0.787,-0.551,-0.230,0.988,5.9,-12.0,-0.9,13.40,WALKING
500,0.787,-0.552,-0.227,0.988,4.2,-1.4,-2.1,4.90,WALKING
550,0.789,-0.550,-0.222,0.987,6.5,-7.5,-3.3,10.46,WALKING
600,0.789,-0.547,-0.212,0.983,8.1,-8.8,-3.5,12.46,WALKING
650,0.772,-0.545,-0.211,0.968,10.2,-8.5,-2.8,13.57,WALKING
700,0.752,-0.538,-0.221,0.951,10.1,-8.1,-1.4,13.02,WALKING
750,0.719,-0.537,-0.223,0.925,14.7,-3.7,-4.4,15.78,WALKING
800,0.726,-0.592,-0.213,0.961,15.6,-0.4,-9.3,18.17,WALKING
850,0.771,-0.708,-0.201,1.066,12.0,3.4,-7.9,14.76,WALKING
900,0.756,-0.806,-0.183,1.120,12.3,7.8,4.5,15.24,WALKING
950,0.739,-0.793,-0.213,1.105,-22.4,18.4,13.7,32.06,WALKING
1000,0.687,-0.728,-0.235,1.028,-20.7,18.6,22.6,35.85,WALKING
1050,0.661,-0.675,-0.215,0.969,-25.2,14.9,29.6,41.63,WALKING
1100,0.690,-0.650,-0.183,0.965,-28.7,16.2,24.3,40.95,WALKING
1150,0.740,-0.665,-0.177,1.011,-30.8,18.6,20.5,41.41,WALKING
1200,0.774,-0.661,-0.175,1.033,-22.5,7.2,18.0,29.70,WALKING
1250,0.813,-0.691,-0.192,1.084,-12.4,5.7,21.3,25.30,WALKING
1300,0.802,-0.644,-0.239,1.056,-3.0,-5.8,24.6,25.45,WALKING
1350,0.745,-0.594,-0.244,0.984,5.3,-16.7,11.9,21.18,WALKING
1400,0.743,-0.559,-0.258,0.965,0.9,-23.3,-4.9,23.83,WALKING
1450,0.795,-0.545,-0.256,0.997,2.8,-24.3,-28.3,37.41,WALKING
1500,0.764,-0.528,-0.230,0.957,11.6,-36.1,-33.1,50.33,WALKING
1550,0.701,-0.411,-0.197,0.836,20.0,-43.7,-27.0,55.12,WALKING
1600,0.747,-0.334,-0.180,0.838,33.4,-46.3,-46.2,73.44,WALKING
1650,0.931,-0.331,-0.186,1.005,33.4,-40.7,-69.0,86.79,WALKING
1700,0.887,-0.411,-0.192,0.996,37.8,-24.4,-79.0,90.91,WALKING
1750,0.800,-0.478,-0.192,0.951,14.7,-4.7,-70.6,72.27,WALKING
1800,0.777,-0.459,-0.252,0.937,10.7,-2.5,-76.3,77.09,WALKING
1850,0.749,-0.563,-0.247,0.969,27.8,-6.3,-61.3,67.60,WALKING
1900,0.744,-0.684,-0.266,1.045,8.5,7.9,-42.4,43.96,WALKING
1950,0.740,-0.703,-0.291,1.061,-12.2,26.9,-21.4,36.47,WALKING
2000,0.805,-0.733,-0.332,1.138,-16.4,21.9,-8.1,28.53,WALKING
2050,0.864,-0.724,-0.342,1.178,-17.5,14.0,11.1,25.01,WALKING
2100,0.961,-0.774,-0.304,1.271,13.7,6.7,36.3,39.37,WALKING
2150,0.891,-0.805,-0.209,1.219,-7.5,11.9,64.6,66.11,WALKING
2200,0.930,-0.709,-0.165,1.181,-53.2,22.3,105.6,120.33,WALKING
2250,1.175,-0.574,-0.159,1.317,-55.2,6.6,130.9,142.22,WALKING
2300,1.215,-0.421,-0.098,1.290,-20.4,-15.8,127.7,130.28,WALKING
2350,0.985,-0.500,-0.058,1.106,13.3,-9.6,116.5,117.65,WALKING
2400,0.923,-0.422,-0.375,1.082,-21.4,3.5,111.7,113.79,WALKING
2450,0.705,-0.365,-0.098,0.800,-57.7,27.4,94.2,113.81,WALKING
2500,0.616,-0.352,-0.144,0.724,-68.7,24.7,64.1,97.15,WALKING
2550,0.642,-0.309,-0.172,0.733,-50.4,8.8,15.4,53.43,WALKING
2600,0.716,-0.313,-0.197,0.806,-22.4,-4.7,-43.2,48.89,WALKING
2650,0.843,-0.406,-0.238,0.965,23.0,-5.3,-89.8,92.85,WALKING
2700,0.954,-0.464,-0.233,1.086,41.3,-11.5,-124.0,131.20,WALKING
2750,1.206,-0.573,-0.251,1.359,59.7,-21.8,-164.1,175.98,WALKING
2800,0.837,-0.647,-0.213,1.079,45.8,-26.2,-150.2,159.20,WALKING
2850,0.785,-0.740,-0.169,1.092,3.0,-1.4,-81.9,81.97,WALKING
2900,1.067,-0.520,-0.223,1.208,7.2,-25.9,-81.8,86.10,WALKING
2950,0.785,-0.633,-0.141,1.018,86.1,-48.3,-66.0,118.75,WALKING
3000,0.621,-0.806,-0.178,1.033,81.4,-16.1,-35.7,90.33,WALKING
3050,0.601,-0.710,-0.250,0.963,9.4,2.3,-16.1,18.78,WALKING
3100,0.649,-0.700,-0.280,0.995,3.6,18.8,14.7,24.13,WALKING
3150,0.687,-0.656,-0.299,0.996,2.5,7.9,45.5,46.25,WALKING
3200,0.779,-0.643,-0.268,1.045,-2.8,9.3,54.0,54.87,WALKING
3250,0.892,-0.627,-0.248,1.118,-16.0,7.8,51.4,54.39,WALKING
3300,0.931,-0.653,-0.116,1.143,-22.1,0.6,49.0,53.76,WALKING
3350,1.104,-0.715,-0.206,1.331,-18.4,12.4,43.3,48.65,WALKING
3400,0.989,-0.692,-0.159,1.217,-36.4,15.0,80.7,89.79,WALKING
3450,1.084,-0.617,-0.148,1.256,-33.7,11.2,121.3,126.39,WALKING
3500,1.099,-0.530,-0.131,1.227,-40.0,9.6,120.9,127.71,WALKING
3550,0.902,-0.504,-0.158,1.045,-74.3,9.6,108.0,131.44,WALKING
3600,0.751,-0.431,-0.112,0.873,-69.0,12.7,84.3,109.68,WALKING
3650,0.680,-0.325,-0.127,0.764,-45.0,3.9,53.5,70.02,WALKING
3700,0.589,-0.300,-0.108,0.670,-22.1,-9.8,17.4,29.79,WALKING
3750,0.628,-0.344,-0.120,0.726,0.1,-5.5,-33.1,33.55,WALKING
3800,0.745,-0.406,-0.147,0.861,22.3,-9.8,-77.5,81.24,WALKING
3850,0.894,-0.444,-0.192,1.016,31.8,-12.0,-110.6,115.70,WALKING
3900,1.135,-0.544,-0.202,1.275,63.0,-20.2,-142.8,157.38,WALKING
3950,1.035,-0.729,-0.178,1.278,35.8,-21.4,-145.3,151.17,WALKING
4000,0.786,-0.721,-0.289,1.105,-6.0,5.2,-91.4,91.74,WALKING
4050,0.855,-0.640,-0.330,1.118,1.4,14.3,-55.5,57.33,WALKING
4100,0.972,-0.582,-0.293,1.170,20.5,-4.1,-43.6,48.35,WALKING
4150,0.849,-0.599,-0.263,1.072,44.3,-11.5,-11.9,47.29,WALKING
4200,0.776,-0.549,-0.228,0.978,27.5,0.9,10.2,29.34,WALKING
4250,0.741,-0.404,-0.265,0.885,38.4,7.7,17.4,42.86,WALKING
4300,0.711,-0.398,-0.260,0.855,27.0,9.7,16.1,32.90,WALKING
4350,0.722,-0.435,-0.282,0.889,-7.7,11.4,7.7,15.77,WALKING
4400,0.801,-0.424,-0.280,0.949,-16.1,4.1,4.6,17.24,WALKING
4450,0.836,-0.470,-0.260,0.994,-10.5,3.8,3.2,11.62,WALKING
4500,0.828,-0.474,-0.240,0.984,-14.8,5.0,11.4,19.34,WALKING
4550,0.781,-0.469,-0.209,0.935,-20.8,2.3,15.8,26.22,WALKING
4600,0.754,-0.507,-0.162,0.923,-15.6,4.2,19.7,25.48,WALKING
4650,0.942,-0.571,-0.220,1.123,-20.8,14.7,0.4,25.47,WALKING
4700,0.842,-0.595,-0.154,1.042,-33.5,9.8,2.8,35.02,WALKING
4750,0.770,-0.646,-0.181,1.021,-31.6,23.1,33.6,51.59,WALKING
4800,0.835,-0.569,-0.207,1.031,-45.2,22.1,70.7,86.78,WALKING
4850,0.997,-0.534,-0.223,1.153,-30.7,7.9,78.8,84.94,WALKING
4900,1.073,-0.479,-0.184,1.189,-13.8,-11.4,60.0,62.61,WALKING
4950,0.929,-0.499,-0.111,1.060,15.8,-18.2,39.4,46.19,WALKING
5000,0.766,-0.527,-0.144,0.941,23.2,-8.8,46.2,52.44,WALKING
5050,0.721,-0.491,-0.182,0.891,-7.0,15.6,41.8,45.16,WALKING
5100,0.724,-0.389,-0.237,0.855,-18.1,5.9,19.6,27.32,WALKING
5150,0.694,-0.376,-0.190,0.812,5.6,-7.7,-15.4,18.11,WALKING
5200,0.778,-0.463,-0.158,0.919,35.8,-26.2,-51.6,68.05,WALKING
5250,0.949,-0.499,-0.142,1.082,41.6,-30.9,-81.7,96.75,WALKING
5300,1.111,-0.569,-0.049,1.249,46.3,-31.9,-95.9,111.17,WALKING
5350,1.193,-0.572,-0.091,1.326,46.1,-22.0,-103.5,115.42,WALKING
5400,0.884,-0.646,-0.115,1.101,45.2,-9.0,-88.4,99.69,WALKING
5450,0.680,-0.534,-0.210,0.890,22.6,-2.3,-75.1,78.46,WALKING
5500,0.643,-0.397,-0.206,0.783,45.5,-45.7,-62.0,89.46,WALKING
5550,0.916,-0.512,-0.214,1.071,100.3,-64.1,-52.5,130.10,WALKING
5600,0.961,-0.590,-0.175,1.141,86.9,-52.7,-30.9,106.22,WALKING
5650,0.791,-0.580,-0.221,1.005,60.3,-23.1,-1.6,64.59,WALKING
5700,0.700,-0.563,-0.250,0.932,26.0,-18.4,-3.0,31.99,WALKING
5750,0.702,-0.535,-0.264,0.921,29.4,-14.2,0.0,32.65,WALKING
5800,0.718,-0.614,-0.252,0.978,28.4,-7.4,15.9,33.38,WALKING
5850,0.721,-0.585,-0.252,0.962,-10.5,5.6,28.4,30.79,WALKING
5900,0.678,-0.574,-0.220,0.915,-22.5,14.9,38.7,47.18,WALKING
5950,0.807,-0.597,-0.219,1.027,-33.3,28.2,38.0,57.86,WALKING
6000,0.919,-0.588,-0.200,1.109,-32.6,23.5,31.9,51.31,WALKING
6050,1.069,-0.693,-0.223,1.293,-16.4,26.3,23.6,38.96,WALKING
6100,0.770,-0.730,-0.172,1.075,-27.4,33.5,56.9,71.49,WALKING
6150,0.911,-0.716,-0.199,1.176,-50.1,27.7,102.6,117.49,WALKING
6200,1.246,-0.710,-0.259,1.457,-31.7,-1.0,122.1,126.15,WALKING
6250,1.099,-0.684,-0.220,1.313,13.4,-25.9,135.5,138.60,WALKING
6300,0.798,-0.727,-0.161,1.091,34.7,-13.7,143.7,148.46,WALKING
6350,0.609,-0.525,-0.201,0.829,-43.3,9.4,128.5,135.92,WALKING
6400,0.490,-0.351,-0.256,0.655,-43.6,4.8,101.4,110.48,WALKING
6450,0.434,-0.316,-0.236,0.586,-26.8,-17.9,49.4,58.98,WALKING
6500,0.492,-0.348,-0.165,0.625,-8.2,-25.3,-5.2,27.10,WALKING
6550,0.602,-0.445,-0.138,0.761,5.6,-25.6,-58.7,64.28,WALKING
6600,0.828,-0.581,-0.197,1.031,1.3,-12.9,-106.6,107.39,WALKING
6650,1.025,-0.605,-0.204,1.208,9.0,-18.7,-142.4,143.90,WALKING
6700,1.361,-0.510,-0.160,1.462,67.0,-46.3,-181.1,198.57,WALKING
6750,0.844,-0.668,-0.031,1.077,113.1,-49.6,-160.7,202.67,WALKING
6800,0.907,-0.706,-0.049,1.150,77.7,-35.0,-116.2,144.10,WALKING
6850,1.123,-0.521,0.035,1.238,77.2,-69.2,-133.9,169.34,WALKING
6900,0.806,-0.723,-0.047,1.084,131.8,-64.9,-115.7,187.00,WALKING
6950,0.657,-0.839,-0.087,1.069,84.0,-24.0,-73.9,114.43,WALKING
7000,0.632,-0.690,-0.251,0.969,27.3,-10.7,-51.1,58.92,WALKING
7050,0.616,-0.671,-0.248,0.944,88.7,-18.7,-28.2,94.93,WALKING
7100,0.645,-0.741,-0.306,1.029,77.9,-10.0,1.6,78.56,WALKING
7150,0.764,-0.710,-0.329,1.094,54.8,2.1,5.3,55.10,WALKING
7200,0.931,-0.809,-0.365,1.286,41.1,-7.7,13.5,43.94,WALKING
7250,1.060,-0.802,-0.350,1.375,58.9,-23.1,35.8,72.69,WALKING
7300,0.983,-0.836,-0.394,1.349,75.4,-26.8,64.8,102.97,WALKING
7350,0.905,-0.786,-0.292,1.234,40.8,-7.0,119.9,126.84,WALKING
7400,1.174,-0.683,-0.342,1.401,26.1,-5.0,143.1,145.55,WALKING
7450,1.080,-0.518,-0.176,1.211,0.4,-33.1,133.2,137.25,WALKING
7500,0.858,-0.490,-0.215,1.011,17.7,-21.0,127.7,130.62,WALKING
7550,0.728,-0.518,-0.134,0.903,-64.8,-2.9,117.7,134.39,WALKING
7600,0.617,-0.374,-0.150,0.737,-31.1,-14.9,88.6,95.07,WALKING
7650,0.527,-0.340,-0.149,0.645,-20.7,-24.7,34.1,46.92,WALKING
7700,0.563,-0.358,-0.149,0.684,-8.7,-21.6,-19.9,30.63,WALKING
7750,0.637,-0.397,-0.196,0.776,3.0,-21.4,-74.4,77.47,WALKING
7800,0.734,-0.437,-0.195,0.876,6.1,-18.5,-119.9,121.47,WALKING
7850,0.856,-0.525,-0.226,1.029,19.6,-14.4,-148.4,150.38,WALKING
7900,1.175,-0.570,-0.223,1.325,34.8,-32.7,-178.2,184.49,WALKING
7950,0.990,-0.685,-0.192,1.219,70.9,-42.7,-173.1,191.87,WALKING
8000,1.074,-0.801,-0.174,1.351,50.8,-36.1,-120.1,135.31,WALKING
8050,0.992,-0.627,-0.094,1.177,62.1,-41.9,-78.3,108.36,WALKING
8100,0.813,-0.677,-0.044,1.059,73.0,-32.6,-31.5,85.93,WALKING
8150,0.770,-0.510,-0.112,0.930,17.9,-15.1,-28.0,36.50,WALKING
8200,0.791,-0.323,-0.197,0.877,43.1,-10.6,-50.9,67.53,WALKING
8250,0.793,-0.501,-0.259,0.973,57.1,-4.1,-52.9,77.95,WALKING
8300,0.855,-0.602,-0.354,1.104,12.8,4.7,-36.2,38.68,WALKING
8350,0.864,-0.621,-0.398,1.136,9.8,6.0,-7.9,13.94,WALKING
8400,0.841,-0.698,-0.346,1.146,21.2,-6.4,9.5,24.10,WALKING
8450,0.915,-0.741,-0.345,1.227,4.1,-10.3,30.5,32.45,WALKING
8500,0.700,-0.670,-0.219,0.993,1.8,-5.3,64.1,64.34,WALKING
8550,0.722,-0.662,-0.185,0.997,-14.9,-1.7,110.6,111.61,WALKING
8600,0.987,-0.660,-0.185,1.202,-39.0,2.1,107.5,114.38,WALKING
8650,1.033,-0.574,-0.173,1.194,-4.6,-23.0,95.3,98.14,WALKING
8700,0.809,-0.633,-0.135,1.036,12.7,-18.2,108.9,111.14,WALKING
8750,0.721,-0.565,-0.156,0.929,-26.6,7.3,109.9,113.31,WALKING
8800,0.688,-0.406,-0.173,0.817,-44.1,17.5,91.1,102.71,WALKING
8850,0.664,-0.346,-0.196,0.774,-30.5,11.9,46.1,56.54,WALKING
8900,0.672,-0.364,-0.186,0.787,-16.1,-0.7,-5.7,17.09,WALKING
8950,0.757,-0.413,-0.191,0.883,-0.1,-0.2,-41.7,41.70,WALKING
9000,0.807,-0.432,-0.179,0.933,9.5,0.6,-73.9,74.51,WALKING
9050,1.102,-0.470,-0.181,1.212,32.4,-1.9,-125.0,129.14,WALKING
9100,0.816,-0.593,-0.162,1.022,59.7,-7.4,-138.8,151.28,WALKING
9150,0.682,-0.720,-0.201,1.012,25.8,21.2,-96.1,101.74,WALKING
9200,1.081,-0.505,-0.256,1.220,9.2,-5.1,-82.3,82.97,WALKING
9250,1.006,-0.510,-0.239,1.153,90.6,-39.1,-95.6,137.39,WALKING
9300,0.733,-0.807,-0.217,1.112,82.9,-21.2,-61.8,105.55,WALKING
9350,0.735,-0.753,-0.269,1.086,-7.2,11.6,-37.8,40.19,WALKING
9400,0.780,-0.621,-0.338,1.053,-3.5,-4.9,-14.9,16.07,WALKING
9450,0.760,-0.687,-0.289,1.064,32.4,-16.6,3.2,36.55,WALKING
9500,0.731,-0.704,-0.259,1.047,8.3,-9.6,28.2,30.92,WALKING
9550,0.803,-0.637,-0.258,1.057,-4.2,-3.2,48.7,48.99,WALKING
9600,0.777,-0.611,-0.216,1.012,-0.6,-3.2,67.8,67.88,WALKING
9650,0.952,-0.652,-0.220,1.175,-17.9,5.8,62.1,64.89,WALKING
9700,0.940,-0.634,-0.188,1.149,-7.0,-3.7,65.3,65.78,WALKING
9750,0.824,-0.717,-0.126,1.100,-5.5,14.0,96.6,97.76,WALKING
9800,1.023,-0.695,-0.184,1.250,-58.7,20.2,103.6,120.78,WALKING
9850,0.911,-0.533,-0.209,1.076,-32.6,-2.3,101.7,106.82,WALKING
9900,0.712,-0.543,-0.228,0.924,-15.0,-11.2,97.0,98.79,WALKING
9950,0.586,-0.475,-0.202,0.781,-16.3,-5.0,81.9,83.66,WALKING
10000,0.514,-0.409,-0.222,0.693,-21.4,-1.1,52.1,56.33,WALKING
10050,0.537,-0.407,-0.244,0.717,-5.8,-7.3,12.8,15.84,WALKING
10100,0.569,-0.441,-0.214,0.751,14.9,-24.8,-22.1,36.41,WALKING
10150,0.640,-0.536,-0.190,0.856,46.0,-30.2,-53.7,76.89,WALKING
10200,0.771,-0.572,-0.182,0.977,57.1,-22.8,-95.6,113.66,WALKING
10250,0.881,-0.610,-0.166,1.084,49.7,-15.6,-146.0,155.01,WALKING
10300,1.313,-0.678,-0.176,1.488,45.7,-20.3,-192.0,198.41,WALKING
10350,1.106,-0.745,-0.204,1.349,23.4,-16.1,-190.4,192.51,WALKING
10400,0.796,-0.719,-0.228,1.097,-38.3,24.5,-90.5,101.28,WALKING
10450,1.039,-0.211,-0.201,1.079,5.3,-25.2,-47.9,54.38,WALKING
10500,0.935,-0.353,0.036,1.000,143.2,-66.9,-59.9,169.03,WALKING
10550,0.749,-0.611,-0.107,0.973,106.6,-30.1,-38.5,117.27,WALKING
10600,0.710,-0.425,-0.281,0.874,35.0,-0.9,-24.7,42.85,WALKING
10650,0.675,-0.384,-0.328,0.843,84.2,-8.2,-21.5,87.29,WALKING
10700,0.622,-0.470,-0.314,0.840,79.4,-16.8,-9.1,81.67,WALKING
10750,0.684,-0.559,-0.388,0.965,55.9,-14.7,6.7,58.19,WALKING
10800,0.831,-0.637,-0.351,1.104,30.5,-11.2,6.1,33.06,WALKING
10850,0.942,-0.700,-0.309,1.214,19.6,-8.7,17.9,27.93,WALKING
10900,1.132,-0.779,-0.262,1.399,39.5,-7.2,24.2,46.88,WALKING
10950,0.943,-0.738,-0.257,1.225,29.7,-1.4,47.6,56.12,WALKING
11000,0.767,-0.744,-0.197,1.087,-2.8,6.0,93.7,93.93,WALKING
11050,1.050,-0.683,-0.235,1.274,-49.7,20.3,101.7,115.00,WALKING
11100,1.102,-0.573,-0.163,1.253,-39.5,-4.2,105.8,113.01,WALKING
11150,1.038,-0.646,-0.185,1.237,-25.4,-3.6,126.8,129.37,WALKING
11200,0.895,-0.500,-0.187,1.042,-49.2,9.2,127.2,136.69,WALKING
11250,0.685,-0.389,-0.145,0.801,-65.4,9.0,119.2,136.26,WALKING
11300,0.534,-0.306,-0.162,0.636,-44.8,2.3,76.5,88.68,WALKING
11350,0.526,-0.299,-0.160,0.626,-31.2,-7.1,15.1,35.38,WALKING
11400,0.644,-0.340,-0.166,0.747,-9.0,-14.8,-35.2,39.23,WALKING
11450,0.823,-0.423,-0.197,0.946,18.2,-19.3,-84.0,88.09,WALKING
11500,0.897,-0.459,-0.205,1.028,43.1,-25.5,-119.6,129.66,WALKING
11550,0.943,-0.542,-0.180,1.102,63.5,-18.6,-141.6,156.30,WALKING
11600,0.989,-0.590,-0.202,1.169,58.3,-17.0,-156.4,167.78,WALKING
11650,0.748,-0.688,-0.206,1.037,35.9,-9.3,-118.5,124.17,WALKING
11700,1.028,-0.598,-0.199,1.206,30.7,-13.5,-83.9,90.35,WALKING
11750,0.968,-0.492,-0.193,1.103,98.6,-41.4,-76.6,131.54,WALKING
11800,0.759,-0.646,-0.219,1.020,110.0,-35.2,-60.0,130.15,WALKING
11850,0.658,-0.676,-0.241,0.974,61.9,-12.8,-53.3,82.68,WALKING
11900,0.664,-0.658,-0.356,1.000,32.7,1.6,-46.8,57.11,WALKING
11950,0.703,-0.687,-0.391,1.058,21.1,6.7,-19.3,29.37,WALKING
12000,0.781,-0.650,-0.378,1.084,-6.7,1.1,7.1,9.82,WALKING
12050,0.839,-0.644,-0.346,1.113,-10.2,-3.5,23.1,25.49,WALKING
12100,0.851,-0.673,-0.212,1.105,-24.5,-10.6,31.0,40.91,WALKING
12150,1.039,-0.709,-0.229,1.279,-13.6,-3.4,17.2,22.19,WALKING
12200,0.831,-0.747,-0.117,1.124,-1.3,-2.8,46.1,46.20,WALKING
12250,0.779,-0.761,-0.027,1.089,-42.4,29.6,100.8,113.29,WALKING
12300,1.032,-0.752,-0.079,1.279,-95.2,50.3,110.8,154.50,WALKING
12350,1.086,-0.652,-0.091,1.270,-113.1,28.5,111.7,161.50,WALKING
12400,0.951,-0.562,-0.102,1.109,-63.7,-2.0,126.4,141.56,WALKING
12450,0.830,-0.515,-0.085,0.980,-26.0,-5.8,124.0,126.83,WALKING
12500,0.706,-0.441,-0.061,0.835,-18.6,-7.0,106.1,107.95,WALKING
12550,0.636,-0.398,-0.080,0.755,-21.5,8.4,63.1,67.19,WALKING
12600,0.678,-0.375,-0.124,0.785,-29.1,16.7,23.2,40.79,WALKING
12650,0.769,-0.364,-0.190,0.872,-15.2,19.4,-30.1,38.90,WALKING
12700,0.750,-0.390,-0.186,0.866,15.1,14.4,-69.9,72.95,WALKING
12750,0.807,-0.492,-0.215,0.969,12.6,20.3,-103.1,105.83,WALKING
12800,1.001,-0.494,-0.264,1.147,12.1,7.7,-135.4,136.16,WALKING
12850,0.908,-0.540,-0.300,1.098,48.6,-9.8,-150.8,158.74,WALKING
12900,0.786,-0.778,-0.297,1.145,41.9,-5.8,-114.1,121.69,WALKING
12950,1.064,-0.680,-0.416,1.329,-11.9,-2.8,-84.4,85.28,WALKING
13000,0.912,-0.581,-0.269,1.114,55.6,-32.6,-52.7,83.26,WALKING
13050,0.772,-0.761,-0.209,1.104,57.3,-13.1,-25.0,63.87,WALKING
13100,0.682,-0.725,-0.261,1.029,-35.3,8.9,-5.9,36.88,WALKING
13150,0.599,-0.504,-0.327,0.848,-43.6,15.4,15.3,48.71,WALKING
13200,0.626,-0.422,-0.259,0.798,-31.1,-5.1,22.0,38.43,WALKING
13250,0.797,-0.413,-0.236,0.928,-26.8,-4.4,13.1,30.15,WALKING
13300,0.889,-0.482,-0.162,1.024,0.7,-6.3,21.4,22.32,WALKING
13350,1.058,-0.599,-0.153,1.225,-10.0,9.2,27.3,30.49,WALKING
13400,0.740,-0.601,-0.148,0.965,-34.5,28.3,47.6,65.24,WALKING
13450,0.788,-0.639,-0.135,1.023,-48.5,36.2,78.4,99.04,WALKING
13500,1.083,-0.579,-0.220,1.248,-48.2,16.0,66.0,83.28,WALKING
13550,1.005,-0.617,-0.207,1.197,-18.1,5.3,76.6,78.89,WALKING
13600,0.951,-0.610,-0.183,1.145,-24.6,13.5,105.8,109.46,WALKING
13650,0.916,-0.486,-0.238,1.064,-38.0,29.7,109.6,119.74,WALKING
13700,0.816,-0.400,-0.227,0.937,-26.0,17.1,96.3,101.20,WALKING
13750,0.777,-0.361,-0.233,0.888,-13.3,3.8,59.8,61.38,WALKING
13800,0.769,-0.257,-0.234,0.844,-2.9,-14.3,7.2,16.27,WALKING
13850,0.757,-0.249,-0.233,0.830,18.2,-16.0,-46.2,52.17,WALKING
13900,0.945,-0.378,-0.218,1.041,40.0,-15.3,-96.3,105.39,WALKING
13950,0.743,-0.450,-0.212,0.894,47.2,-21.9,-123.9,134.38,WALKING
14000,0.692,-0.610,-0.147,0.934,42.5,-5.8,-95.6,104.78,WALKING
14050,1.189,-0.521,-0.268,1.326,18.3,-13.3,-118.5,120.64,WALKING
14100,0.891,-0.642,-0.169,1.111,20.6,-32.9,-129.5,135.19,WALKING
14150,0.740,-0.846,-0.223,1.146,21.5,-1.0,-79.7,82.56,WALKING
14200,0.826,-0.654,-0.272,1.088,-22.7,8.6,-55.7,60.76,WALKING
14250,0.768,-0.702,-0.269,1.075,37.3,-7.4,-26.8,46.52,WALKING
14300,0.759,-0.776,-0.222,1.108,19.9,0.4,7.4,21.24,WALKING
14350,0.829,-0.696,-0.250,1.111,-3.6,12.4,32.7,35.16,WALKING
14400,0.785,-0.659,-0.240,1.053,7.7,9.1,62.7,63.82,WALKING
14450,0.934,-0.647,-0.236,1.160,-3.7,11.0,76.7,77.57,WALKING
14500,0.937,-0.575,-0.256,1.129,-0.2,7.7,88.7,89.03,WALKING
14550,0.936,-0.630,-0.194,1.145,-6.4,11.6,123.4,124.11,WALKING
14600,1.144,-0.522,-0.254,1.283,-27.9,4.8,122.7,125.92,WALKING
14650,0.935,-0.367,-0.191,1.022,-44.3,12.2,100.7,110.69,WALKING
14700,0.747,-0.427,-0.180,0.879,0.3,-13.0,76.0,77.10,WALKING
14750,0.683,-0.413,-0.177,0.818,-60.5,16.5,59.3,86.31,WALKING
14800,0.656,-0.342,-0.205,0.768,-28.4,2.0,29.3,40.85,WALKING
14850,0.709,-0.331,-0.184,0.804,-6.9,-18.6,-16.1,25.55,WALKING
14900,0.807,-0.385,-0.157,0.908,33.3,-31.2,-64.8,79.26,WALKING
14950,0.906,-0.473,-0.178,1.037,50.6,-36.1,-95.6,114.03,WALKING
15000,0.999,-0.549,-0.125,1.147,59.8,-32.6,-124.7,142.09,WALKING
15050,1.039,-0.577,-0.130,1.196,66.9,-39.5,-141.0,160.99,WALKING
15100,0.671,-0.701,-0.180,0.987,44.3,-25.5,-99.8,112.13,WALKING
15150,0.976,-0.598,-0.080,1.147,45.7,-17.2,-64.2,80.66,WALKING
15200,1.043,-0.477,-0.183,1.161,67.0,-47.4,-77.4,112.81,WALKING
15250,0.750,-0.756,-0.142,1.074,91.7,-37.2,-55.0,113.22,WALKING
15300,0.717,-0.723,-0.197,1.037,40.7,-5.8,-30.4,51.13,WALKING
15350,0.734,-0.607,-0.313,1.003,29.0,-17.9,-10.0,35.52,WALKING
15400,0.658,-0.631,-0.298,0.959,56.3,-10.9,10.0,58.21,WALKING
15450,0.667,-0.620,-0.299,0.958,32.2,-6.3,21.2,39.06,WALKING
15500,0.695,-0.593,-0.289,0.958,10.9,-4.0,23.0,25.76,WALKING
15550,0.731,-0.628,-0.248,0.995,3.9,-4.6,25.4,26.11,WALKING
15600,0.976,-0.646,-0.229,1.193,1.7,0.2,15.0,15.10,WALKING
15650,0.900,-0.675,-0.219,1.146,14.2,-6.7,24.0,28.68,WALKING
15700,0.887,-0.695,-0.132,1.135,-11.9,0.3,76.0,76.93,WALKING
15750,1.126,-0.543,-0.209,1.267,-46.8,11.2,91.9,103.74,WALKING
15800,1.057,-0.500,-0.145,1.178,-11.2,-4.2,84.7,85.54,WALKING
15850,0.891,-0.551,-0.187,1.064,-20.1,-0.4,84.4,86.76,WALKING
15900,0.803,-0.536,-0.145,0.976,-30.8,5.1,93.2,98.29,WALKING
15950,0.699,-0.425,-0.193,0.841,-34.2,1.8,76.1,83.45,WALKING
16000,0.664,-0.371,-0.213,0.790,-28.4,-12.3,43.6,53.47,WALKING
16050,0.667,-0.328,-0.197,0.769,0.0,-20.4,0.0,20.40,WALKING
16100,0.723,-0.366,-0.205,0.836,28.2,-23.3,-47.8,60.19,WALKING
16150,0.790,-0.442,-0.205,0.928,42.4,-31.9,-84.9,100.12,WALKING
16200,1.144,-0.498,-0.201,1.264,63.2,-34.0,-136.8,154.48,WALKING
16250,0.989,-0.536,-0.146,1.134,92.5,-51.3,-156.3,188.73,WALKING
16300,0.667,-0.677,-0.199,0.971,70.2,-42.2,-100.1,129.34,WALKING
16350,0.940,-0.534,-0.130,1.089,38.4,-40.1,-69.0,88.56,WALKING
16400,1.114,-0.419,-0.103,1.195,104.6,-74.6,-94.0,159.19,WALKING
16450,0.859,-0.692,0.020,1.103,137.6,-58.6,-82.3,170.71,WALKING
16500,0.715,-0.748,-0.081,1.038,72.5,-16.6,-52.0,90.75,WALKING
16550,0.698,-0.627,-0.218,0.963,39.5,4.4,-43.3,58.77,WALKING
16600,0.676,-0.609,-0.305,0.960,50.6,10.7,-33.3,61.51,WALKING
16650,0.642,-0.677,-0.324,0.988,40.8,6.5,-20.0,45.90,WALKING
16700,0.723,-0.711,-0.406,1.092,6.2,12.8,2.8,14.50,WALKING
16750,0.865,-0.651,-0.388,1.150,11.9,-7.8,22.8,26.88,WALKING
16800,1.027,-0.709,-0.318,1.288,36.5,-19.4,20.1,45.96,WALKING
16850,0.843,-0.706,-0.183,1.115,47.3,-14.1,46.9,68.09,WALKING
16900,0.752,-0.715,-0.200,1.057,19.8,7.2,84.9,87.48,WALKING
16950,0.771,-0.713,-0.211,1.071,15.2,21.3,122.5,125.26,WALKING
17000,0.991,-0.721,-0.218,1.245,-29.8,35.0,117.4,126.08,WALKING
17050,1.067,-0.487,-0.139,1.181,-22.1,-9.2,94.1,97.10,WALKING
17100,0.890,-0.561,-0.152,1.063,0.0,-28.8,84.4,89.18,WALKING
17150,0.738,-0.590,-0.165,0.959,1.6,-15.8,76.5,78.13,WALKING
17200,0.625,-0.506,-0.182,0.824,-50.1,-12.3,61.8,80.50,WALKING
17250,0.528,-0.375,-0.201,0.678,-63.6,-9.5,30.8,71.30,WALKING
17300,0.475,-0.335,-0.204,0.616,-33.7,-26.4,-8.0,43.55,WALKING
17350,0.565,-0.370,-0.176,0.698,0.8,-33.3,-54.3,63.70,WALKING
17400,0.786,-0.413,-0.140,0.899,30.1,-28.4,-113.1,120.43,WALKING
17450,1.058,-0.493,-0.129,1.174,53.6,-29.1,-173.6,184.00,WALKING
17500,1.366,-0.658,-0.138,1.522,70.1,-18.9,-207.2,219.55,WALKING
17550,1.214,-0.789,-0.126,1.453,45.8,-1.8,-195.9,201.19,WALKING
17600,0.774,-0.818,-0.282,1.161,-24.7,30.4,-111.0,117.71,WALKING
17650,0.938,-0.538,-0.259,1.112,-6.3,7.7,-49.2,50.20,WALKING
17700,0.860,-0.357,-0.259,0.967,101.3,-50.0,-29.0,116.63,WALKING
17750,0.678,-0.590,-0.141,0.910,178.6,-64.5,-3.9,189.93,WALKING
17800,0.545,-0.680,-0.224,0.900,104.2,-34.2,13.2,110.46,WALKING
17850,0.571,-0.571,-0.274,0.853,79.5,-14.1,10.5,81.42,WALKING
17900,0.677,-0.590,-0.287,0.943,70.6,-10.6,15.9,73.14,WALKING
17950,0.741,-0.603,-0.259,0.990,26.9,-4.0,29.1,39.83,WALKING
18000,0.880,-0.591,-0.266,1.093,3.9,6.2,38.9,39.58,WALKING
18050,0.854,-0.556,-0.285,1.058,-20.2,7.9,30.3,37.26,WALKING
18100,1.086,-0.708,-0.192,1.311,-9.5,16.1,8.0,20.33,WALKING
18150,1.054,-0.707,-0.166,1.280,-3.2,11.3,6.6,13.47,WALKING
18200,0.771,-0.704,-0.159,1.056,7.4,21.2,57.5,61.73,WALKING
18250,0.879,-0.683,-0.172,1.126,-39.5,33.8,92.4,106.02,WALKING
18300,1.026,-0.613,-0.186,1.210,-54.9,21.2,99.6,115.69,WALKING
18350,0.952,-0.531,-0.182,1.105,-54.1,6.5,90.6,105.72,WALKING
18400,0.741,-0.507,-0.134,0.908,-43.2,7.0,84.9,95.52,WALKING
18450,0.675,-0.421,-0.160,0.811,-44.4,13.3,58.1,74.32,WALKING
18500,0.613,-0.360,-0.172,0.731,-37.5,3.2,18.2,41.81,WALKING
18550,0.616,-0.359,-0.171,0.733,-21.7,-9.3,-13.7,27.30,WALKING
18600,0.694,-0.395,-0.162,0.815,0.9,-20.1,-50.1,53.99,WALKING
18650,0.845,-0.512,-0.150,0.999,26.6,-30.3,-81.7,91.11,WALKING
18700,0.925,-0.565,-0.136,1.092,48.5,-32.3,-89.3,106.63,WALKING
18750,0.889,-0.638,-0.136,1.103,58.6,-27.0,-91.4,111.88,WALKING
18800,1.355,-0.709,-0.197,1.542,48.1,-30.9,-113.3,126.91,WALKING
18850,0.888,-0.532,-0.159,1.047,79.6,-49.9,-114.3,147.95,WALKING
18900,0.539,-0.661,-0.194,0.875,59.0,-12.5,-44.5,74.95,WALKING
18950,0.915,-0.481,-0.194,1.052,-21.5,-10.6,-45.3,51.25,WALKING
19000,0.958,-0.345,-0.227,1.043,52.4,-60.7,-52.5,95.85,WALKING
19050,0.695,-0.677,-0.159,0.983,143.0,-46.0,-24.3,152.17,WALKING
19100,0.615,-0.714,-0.190,0.961,30.5,-12.6,-3.5,33.19,WALKING
19150,0.670,-0.566,-0.302,0.928,21.1,-4.5,6.9,22.65,WALKING
19200,0.712,-0.532,-0.302,0.939,42.8,-14.4,17.5,48.43,WALKING
19250,0.712,-0.596,-0.272,0.968,29.4,-12.3,23.4,39.54,WALKING
19300,0.789,-0.611,-0.284,1.038,7.2,5.2,18.0,20.07,WALKING
19350,0.847,-0.681,-0.237,1.112,-59.8,8.4,17.2,62.79,WALKING
19400,0.843,-0.668,-0.322,1.123,-10.6,16.2,30.0,35.70,WALKING
19450,0.877,-0.676,-0.341,1.159,5.6,11.9,32.5,35.06,WALKING
19500,0.964,-0.651,-0.285,1.198,28.3,-3.0,26.2,38.68,WALKING
19550,0.785,-0.603,-0.142,1.000,-33.2,-10.7,60.1,69.49,WALKING
19600,0.723,-0.584,-0.198,0.950,43.4,-5.8,93.3,103.06,WALKING
19650,0.894,-0.462,-0.170,1.021,-15.1,-1.3,83.0,84.37,WALKING
19700,0.981,-0.355,-0.121,1.050,6.1,-31.9,43.8,54.53,WALKING
19750,0.962,-0.391,-0.052,1.040,41.2,-42.7,3.8,59.46,WALKING
19800,0.842,-0.451,-0.038,0.956,15.1,-23.4,9.3,29.36,WALKING
19850,0.718,-0.384,-0.072,0.817,-2.0,-14.3,-0.4,14.44,WALKING
19900,0.693,-0.366,-0.083,0.788,7.2,-9.5,-30.9,33.12,WALKING
19950,0.789,-0.376,-0.057,0.876,24.0,-30.4,-80.5,89.33,WALKING
20000,0.854,-0.505,-0.044,0.993,77.7,-44.3,-115.0,145.69,WALKING
20050,1.014,-0.636,-0.035,1.197,96.2,-45.0,-126.4,165.10,WALKING
20100,1.008,-0.728,-0.036,1.244,83.7,-37.6,-110.1,143.32,WALKING
20150,1.136,-0.721,-0.072,1.347,53.2,-24.6,-92.7,109.68,WALKING
20200,0.915,-0.676,-0.176,1.151,60.4,-24.8,-67.2,93.70,WALKING
20250,0.700,-0.667,-0.239,0.996,45.2,-25.3,-26.6,58.23,WALKING
20300,0.760,-0.535,-0.200,0.951,47.6,-41.1,-10.5,63.76,WALKING
20350,0.881,-0.507,-0.232,1.043,79.8,-56.0,-13.0,98.35,WALKING
20400,0.814,-0.577,-0.223,1.022,81.9,-49.5,-4.8,95.82,WALKING
20450,0.690,-0.600,-0.202,0.936,64.4,-27.0,9.8,70.52,WALKING
20500,0.740,-0.541,-0.264,0.954,36.5,-14.5,13.1,41.40,WALKING
20550,0.791,-0.515,-0.259,0.979,36.6,-13.8,13.3,41.31,WALKING
20600,0.784,-0.534,-0.247,0.980,24.6,-14.9,21.9,36.15,WALKING
20650,0.740,-0.540,-0.230,0.945,7.1,-3.2,35.3,36.15,WALKING
20700,0.678,-0.528,-0.225,0.888,7.9,5.1,40.9,41.97,WALKING
20750,0.766,-0.614,-0.182,0.998,20.0,6.8,43.1,48.00,WALKING
20800,0.841,-0.733,-0.192,1.132,15.3,1.1,28.7,32.54,WALKING
20850,0.743,-0.791,-0.151,1.096,21.9,5.9,56.4,60.79,WALKING
20900,0.732,-0.726,-0.169,1.045,-6.3,11.7,78.1,79.22,WALKING
20950,0.821,-0.715,-0.207,1.108,-23.5,8.5,68.5,72.92,WALKING
21000,0.822,-0.639,-0.185,1.057,-0.4,-13.3,55.5,57.07,WALKING
21050,0.685,-0.624,-0.150,0.939,12.1,-29.0,55.8,64.04,WALKING
21100,0.578,-0.538,-0.150,0.804,4.3,-14.2,39.6,42.29,WALKING
21150,0.587,-0.491,-0.171,0.784,-21.9,-6.2,0.7,22.77,WALKING
21200,0.640,-0.583,-0.205,0.890,-9.1,-16.3,-28.7,34.24,WALKING
21250,0.677,-0.613,-0.210,0.937,19.6,-28.0,-51.8,62.06,WALKING
21300,0.724,-0.686,-0.172,1.012,50.6,-29.4,-63.4,86.28,WALKING
21350,0.809,-0.684,-0.143,1.069,62.0,-30.6,-77.3,103.71,WALKING
21400,0.812,-0.690,-0.126,1.073,54.7,-25.9,-89.9,108.37,WALKING
21450,0.856,-0.671,-0.137,1.096,36.9,-24.2,-97.7,107.20,WALKING
21500,1.138,-0.592,-0.102,1.287,44.6,-41.2,-119.3,133.86,WALKING
21550,0.770,-0.619,-0.137,0.997,79.8,-55.5,-94.5,135.57,WALKING
21600,0.732,-0.635,-0.068,0.971,55.2,-37.3,-37.6,76.50,WALKING
21650,1.030,-0.497,-0.074,1.146,59.1,-59.2,-38.5,92.09,WALKING
21700,0.867,-0.564,-0.043,1.035,122.3,-74.0,-28.0,145.66,WALKING
21750,0.708,-0.624,-0.124,0.952,113.5,-51.6,-7.7,124.92,WALKING
21800,0.669,-0.593,-0.194,0.915,78.0,-24.0,-7.9,81.99,WALKING
21850,0.706,-0.557,-0.284,0.943,57.3,-16.7,-5.8,59.97,WALKING
21900,0.714,-0.581,-0.293,0.966,38.5,-18.5,-2.7,42.80,WALKING
21950,0.709,-0.602,-0.292,0.975,22.6,-10.0,-0.6,24.72,WALKING
22000,0.754,-0.606,-0.257,1.001,-2.1,-1.2,-3.1,3.93,WALKING
22050,0.741,-0.605,-0.261,0.992,12.8,-5.1,-2.9,14.08,WALKING
22100,0.759,-0.635,-0.188,1.007,18.8,-0.9,-0.9,18.84,WALKING
22150,0.894,-0.694,-0.220,1.153,0.1,3.7,-12.6,13.13,WALKING
22200,0.827,-0.760,-0.221,1.145,-13.5,2.7,15.7,20.88,WALKING
22250,0.946,-0.763,-0.179,1.228,-44.5,2.5,67.5,80.89,WALKING
22300,1.087,-0.678,-0.182,1.294,-35.2,-9.8,87.0,94.36,WALKING
22350,0.995,-0.690,-0.154,1.221,-11.1,-13.0,107.5,108.85,WALKING
22400,0.863,-0.603,-0.163,1.065,-19.9,-11.9,120.6,122.81,WALKING
22450,0.720,-0.473,-0.143,0.873,-29.6,-11.2,107.1,111.68,WALKING
22500,0.603,-0.382,-0.138,0.727,-32.6,-11.9,70.6,78.67,WALKING
22550,0.583,-0.346,-0.142,0.693,-24.2,-15.1,26.2,38.73,WALKING
22600,0.682,-0.335,-0.143,0.773,-12.1,-22.8,-25.6,36.35,WALKING
22650,0.821,-0.405,-0.157,0.929,18.1,-25.6,-78.0,84.07,WALKING
22700,0.876,-0.458,-0.166,1.002,36.7,-25.4,-110.3,118.99,WALKING
22750,1.090,-0.559,-0.168,1.236,46.1,-20.2,-139.1,147.93,WALKING
22800,0.974,-0.537,-0.103,1.117,54.5,-15.1,-161.0,170.64,WALKING
22850,0.740,-0.744,-0.269,1.083,33.1,6.2,-104.7,109.98,WALKING
22900,0.989,-0.591,-0.336,1.200,-10.6,-1.6,-72.7,73.49,WALKING
22950,0.872,-0.502,-0.218,1.030,58.3,-39.2,-56.7,90.28,WALKING
23000,0.700,-0.680,-0.221,1.001,129.7,-36.7,-37.9,140.02,WALKING
23050,0.598,-0.726,-0.231,0.969,42.0,-11.3,-26.3,50.83,WALKING
23100,0.610,-0.668,-0.361,0.974,24.7,8.2,-8.4,27.35,WALKING
23150,0.636,-0.619,-0.356,0.956,12.4,4.2,14.0,19.17,WALKING
23200,0.650,-0.627,-0.304,0.953,6.4,2.4,24.0,24.95,WALKING
23250,0.749,-0.636,-0.280,1.022,-17.7,13.0,17.6,28.14,WALKING
23300,0.828,-0.655,-0.242,1.083,-31.0,16.8,14.4,38.09,WALKING
23350,1.173,-0.736,-0.270,1.411,-30.3,12.8,-2.4,32.98,WALKING
23400,0.981,-0.819,-0.214,1.296,-22.8,10.1,26.7,36.53,WALKING
23450,0.980,-0.748,-0.093,1.236,-55.9,12.5,95.2,111.10,WALKING
23500,1.134,-0.639,-0.129,1.308,-50.8,12.3,127.1,137.43,WALKING
23550,1.043,-0.576,-0.137,1.199,-55.5,7.7,132.8,144.14,WALKING
23600,0.905,-0.490,-0.124,1.037,-59.9,7.0,130.7,143.94,WALKING
23650,0.759,-0.405,-0.136,0.871,-50.4,5.3,112.3,123.21,WALKING
23700,0.623,-0.353,-0.123,0.727,-48.4,2.2,84.8,97.66,WALKING
23750,0.574,-0.309,-0.130,0.665,-32.3,4.6,40.7,52.16,WALKING
23800,0.631,-0.307,-0.148,0.717,-11.4,0.0,-9.1,14.59,WALKING
23850,0.767,-0.371,-0.188,0.873,15.8,-5.7,-60.7,62.98,WALKING
23900,0.888,-0.426,-0.195,1.004,35.7,-12.8,-98.4,105.46,WALKING
23950,1.151,-0.516,-0.175,1.273,59.8,-18.3,-134.2,148.06,WALKING
24000,1.079,-0.538,-0.189,1.220,58.5,-20.7,-166.4,177.59,WALKING
24050,0.726,-0.743,-0.283,1.077,46.9,-3.1,-107.7,117.51,WALKING
24100,0.955,-0.589,-0.304,1.162,-10.3,-7.2,-76.3,77.33,WALKING
24150,0.856,-0.488,-0.195,1.004,49.7,-40.5,-75.6,99.12,WALKING
24200,0.713,-0.701,-0.191,1.018,122.7,-42.9,-55.7,141.41,WALKING
24250,0.642,-0.757,-0.223,1.017,55.5,-21.4,-32.6,67.83,WALKING
24300,0.671,-0.704,-0.334,1.028,36.4,4.5,-13.8,39.19,WALKING
24350,0.696,-0.659,-0.305,1.006,1.9,6.0,4.2,7.57,WALKING
24400,0.733,-0.630,-0.287,1.008,-4.8,4.6,10.6,12.51,WALKING
24450,0.782,-0.651,-0.252,1.048,-21.7,8.0,10.5,25.40,WALKING
24500,1.047,-0.726,-0.236,1.296,-12.7,12.3,8.6,19.66,WALKING
24550,1.018,-0.744,-0.191,1.275,-14.4,14.9,15.1,25.64,WALKING
24600,0.788,-0.709,-0.100,1.065,-50.0,25.6,72.7,91.87,WALKING
24650,1.065,-0.591,-0.106,1.223,-88.1,30.4,85.6,126.54,WALKING
24700,0.936,-0.525,-0.096,1.077,-55.7,17.7,83.0,101.51,WALKING
24750,0.831,-0.586,-0.036,1.017,-50.8,21.7,109.2,122.38,WALKING
24800,0.838,-0.479,-0.074,0.968,-71.4,26.9,104.8,129.63,WALKING
24850,0.829,-0.393,-0.077,0.921,-62.6,18.0,82.8,105.35,WALKING
24900,0.856,-0.394,-0.088,0.946,-40.3,14.0,51.1,66.57,WALKING
24950,0.892,-0.385,-0.096,0.976,-29.1,11.2,11.2,33.13,WALKING
25000,0.869,-0.387,-0.164,0.965,-5.3,8.6,-14.9,18.00,WALKING
25050,0.774,-0.340,-0.207,0.870,14.2,0.7,-34.0,36.85,WALKING
25100,0.876,-0.326,-0.255,0.969,31.1,-9.3,-66.1,73.64,WALKING
25150,0.800,-0.402,-0.221,0.922,47.7,-13.0,-80.2,94.21,WALKING
25200,1.032,-0.539,-0.325,1.209,14.9,5.1,-100.0,101.23,WALKING
25250,0.855,-0.475,-0.308,1.025,-12.1,2.9,-105.2,105.93,WALKING
25300,0.807,-0.580,-0.287,1.034,6.7,0.4,-95.4,95.64,WALKING
25350,0.821,-0.565,-0.277,1.034,-7.0,-1.8,-88.2,88.50,WALKING
25400,0.810,-0.659,-0.322,1.093,5.1,-5.1,-66.7,67.09,WALKING
25450,0.773,-0.692,-0.290,1.077,-16.8,4.8,-38.2,42.01,WALKING
25500,0.800,-0.703,-0.316,1.111,-28.8,1.8,-7.8,29.89,WALKING
25550,0.799,-0.661,-0.242,1.065,-7.8,-8.9,27.7,30.12,WALKING
25600,0.906,-0.683,-0.159,1.146,9.4,-11.1,50.8,52.84,WALKING
25650,0.818,-0.719,-0.161,1.101,4.9,3.3,75.0,75.23,WALKING
25700,0.794,-0.675,-0.064,1.044,-18.8,20.5,116.6,119.87,WALKING
25750,1.118,-0.676,-0.153,1.315,-65.7,35.6,126.8,147.18,WALKING
25800,1.085,-0.505,-0.111,1.202,-53.5,21.4,117.6,130.96,WALKING
25850,0.970,-0.535,-0.134,1.116,-30.2,17.0,120.2,125.10,WALKING
25900,0.882,-0.506,-0.153,1.028,-52.7,26.3,117.8,131.70,WALKING
25950,0.860,-0.345,-0.201,0.948,-54.5,19.6,96.8,112.80,WALKING
26000,0.742,-0.260,-0.193,0.810,-23.8,4.4,54.9,60.00,WALKING
26050,0.747,-0.316,-0.190,0.833,-13.3,-1.5,1.8,13.50,WALKING
26100,0.886,-0.325,-0.115,0.951,16.0,-11.7,-56.9,60.25,WALKING
26150,0.816,-0.416,-0.163,0.930,37.6,-8.3,-113.9,120.23,WALKING
26200,0.531,-0.605,-0.261,0.846,14.2,12.4,-87.9,89.90,WALKING
26250,0.912,-0.555,-0.242,1.095,-3.2,19.0,-81.4,83.65,WALKING
26300,1.005,-0.370,-0.193,1.088,37.5,-21.7,-126.2,133.43,WALKING
26350,0.838,-0.794,-0.168,1.167,58.5,-14.2,-109.6,125.04,WALKING
26400,0.843,-0.784,-0.236,1.175,-31.6,22.8,-77.0,86.30,WALKING
26450,0.818,-0.667,-0.325,1.104,-20.6,18.9,-37.2,46.53,WALKING
26500,0.724,-0.673,-0.323,1.040,-0.8,7.6,-6.4,9.97,WALKING
26550,0.705,-0.648,-0.319,1.009,-12.3,-2.3,9.0,15.41,WALKING
26600,0.747,-0.645,-0.289,1.028,-7.2,-9.9,12.9,17.78,WALKING
26650,0.810,-0.666,-0.223,1.072,1.4,-15.1,25.9,30.01,WALKING
26700,1.038,-0.722,-0.213,1.282,1.9,-10.5,30.3,32.12,WALKING
26750,0.823,-0.716,-0.079,1.094,3.7,-0.8,52.2,52.34,WALKING
26800,0.824,-0.700,-0.015,1.081,-55.7,34.1,72.6,97.65,WALKING
26850,0.993,-0.653,-0.069,1.190,-102.6,45.0,74.4,134.49,WALKING
26900,1.019,-0.596,-0.084,1.183,-105.7,37.3,91.6,144.76,WALKING
26950,0.938,-0.523,-0.080,1.077,-85.2,28.1,115.7,146.41,WALKING
27000,0.860,-0.462,-0.079,0.979,-68.9,14.0,109.5,130.13,WALKING
27050,0.766,-0.425,-0.080,0.880,-59.0,5.1,89.0,106.90,WALKING
27100,0.706,-0.412,-0.069,0.820,-34.7,7.3,66.0,74.92,WALKING
27150,0.691,-0.376,-0.101,0.793,-19.6,12.5,34.3,41.44,WALKING
27200,0.721,-0.397,-0.153,0.837,-7.5,20.4,-9.9,23.88,WALKING
27250,0.749,-0.442,-0.214,0.896,10.0,28.4,-42.9,52.41,WALKING
27300,0.696,-0.452,-0.254,0.868,10.1,24.9,-63.2,68.68,WALKING
27350,0.810,-0.486,-0.279,0.985,21.1,20.1,-105.7,109.64,WALKING
27400,1.100,-0.479,-0.345,1.248,29.0,-8.7,-141.6,144.80,WALKING
27450,0.774,-0.794,-0.311,1.152,62.2,-3.2,-103.9,121.14,WALKING
27500,0.869,-0.781,-0.363,1.223,-49.2,22.4,-40.1,67.31,WALKING
27550,0.817,-0.483,-0.233,0.977,-8.8,-3.1,-22.7,24.54,WALKING
27600,0.688,-0.669,-0.193,0.979,35.9,-7.6,-21.7,42.63,WALKING
27650,0.671,-0.716,-0.151,0.993,-24.2,4.4,-6.9,25.55,WALKING
27700,0.685,-0.623,-0.167,0.941,-35.4,16.6,17.9,43.00,WALKING
27750,0.681,-0.599,-0.144,0.918,-38.4,25.6,28.4,54.19,WALKING
27800,0.718,-0.581,-0.148,0.935,-53.4,32.6,25.5,67.56,WALKING
27850,0.874,-0.608,-0.199,1.083,-54.3,32.9,12.6,64.73,WALKING
27900,1.072,-0.635,-0.284,1.278,-34.1,20.1,12.9,41.63,WALKING
27950,1.284,-0.652,-0.305,1.472,39.1,-11.8,11.3,42.38,WALKING
28000,1.009,-0.744,-0.211,1.271,52.7,-10.9,17.0,56.44,WALKING
28050,0.643,-0.785,-0.224,1.039,-36.2,33.2,76.3,90.74,WALKING
28100,0.719,-0.595,-0.137,0.943,-119.0,50.1,108.7,168.78,WALKING
28150,0.837,-0.585,-0.123,1.029,-136.6,32.2,85.9,164.55,WALKING
28200,0.880,-0.720,-0.039,1.138,-110.0,11.7,69.7,130.75,WALKING
28250,0.851,-0.641,-0.041,1.066,-60.2,-2.5,76.5,97.38,WALKING
28300,0.725,-0.597,-0.063,0.941,-21.9,-1.8,88.2,90.90,WALKING
28350,0.628,-0.533,-0.049,0.825,-44.3,21.4,89.2,101.87,WALKING
28400,0.643,-0.421,-0.105,0.776,-39.2,27.2,60.9,77.36,WALKING
28450,0.651,-0.344,-0.133,0.748,-34.9,17.5,25.2,46.47,WALKING
28500,0.742,-0.339,-0.197,0.839,-1.3,5.6,-15.5,16.53,WALKING
28550,0.783,-0.361,-0.212,0.888,35.0,-4.9,-55.7,65.97,WALKING
28600,0.894,-0.438,-0.224,1.020,42.8,-0.4,-100.7,109.42,WALKING
28650,1.057,-0.424,-0.242,1.164,54.0,-10.7,-174.5,182.98,WALKING
28700,0.759,-0.834,-0.416,1.202,29.2,12.6,-160.3,163.42,WALKING
28750,1.253,-0.695,-0.417,1.492,-29.6,-23.3,-93.5,100.80,WALKING
28800,1.090,-0.334,-0.123,1.147,42.6,-54.4,-62.2,92.97,WALKING
28850,0.781,-0.609,-0.279,1.029,97.8,-17.4,-31.0,104.06,WALKING
28900,0.585,-0.432,-0.274,0.777,-6.4,14.0,-30.3,33.99,WALKING
28950,0.588,-0.426,-0.323,0.795,-23.3,22.1,-29.4,43.54,WALKING
29000,0.634,-0.392,-0.373,0.834,-11.6,10.1,-13.4,20.40,WALKING
29050,0.635,-0.426,-0.381,0.854,8.3,-6.2,7.0,12.50,WALKING
29100,0.756,-0.496,-0.303,0.954,6.5,-10.1,14.0,18.45,WALKING
29150,0.941,-0.526,-0.309,1.121,-0.5,-6.4,3.3,7.22,WALKING
29200,0.907,-0.712,-0.232,1.176,-12.0,8.1,4.2,15.07,WALKING
29250,1.137,-0.753,-0.256,1.388,-33.7,26.8,11.4,44.54,WALKING
29300,0.765,-0.618,-0.262,1.018,-48.2,22.7,36.8,64.75,WALKING
29350,0.799,-0.652,-0.111,1.037,-33.8,22.4,84.5,93.73,WALKING
29400,1.129,-0.651,-0.101,1.307,-115.8,18.1,70.0,136.52,WALKING
29450,1.090,-0.586,-0.114,1.243,-79.5,-6.3,89.1,119.58,WALKING
29500,0.907,-0.663,0.044,1.124,-22.9,10.9,110.1,112.98,WALKING
29550,0.847,-0.603,-0.012,1.040,-72.7,36.1,129.2,152.58,WALKING
29600,0.807,-0.510,-0.030,0.955,-91.9,35.9,124.4,158.78,WALKING
29650,0.752,-0.454,-0.047,0.880,-65.5,27.4,103.9,125.84,WALKING
29700,0.663,-0.448,-0.095,0.806,-45.4,23.0,78.1,93.22,WALKING
29750,0.638,-0.462,-0.132,0.799,-35.8,21.4,44.3,60.84,WALKING
29800,0.654,-0.443,-0.174,0.809,-23.6,20.6,3.0,31.47,WALKING
29850,0.758,-0.475,-0.241,0.926,-2.1,23.4,-31.7,39.46,WALKING
29900,0.882,-0.512,-0.397,1.094,4.9,20.0,-62.4,65.71,WALKING
29950,1.113,-0.560,-0.289,1.279,25.1,15.5,-98.0,102.34,WALKING
Recording stopped

Samples dumped: 600
