
Recording started
time,accelX,accelY,accelZ,accelMagnitude,gyroX,gyroY,gyroZ,gyroMagnitude,activity
0,0.842,-0.475,-0.251,0.999,0.7,0.7,-0.7,1.21,WALKING
50,0.831,-0.492,-0.243,0.996,10.3,1.6,1.9,10.60,WALKING
100,0.737,-0.486,-0.222,0.910,5.6,5.0,5.3,9.19,WALKING
150,0.846,-0.508,-0.227,1.013,-9.3,8.4,0.7,12.55,WALKING
200,0.965,-0.537,-0.220,1.126,-0.7,5.0,-9.4,10.67,WALKING
250,0.871,-0.639,-0.169,1.093,-8.3,14.7,8.4,18.86,WALKING
300,0.755,-0.569,-0.183,0.963,-22.4,25.1,32.3,46.64,WALKING
350,0.749,-0.573,-0.237,0.972,-14.5,20.0,29.9,38.78,WALKING
400,0.714,-0.660,-0.242,1.002,15.3,4.8,36.6,39.96,WALKING
450,0.664,-0.806,-0.163,1.057,32.2,-10.5,51.8,61.89,WALKING
500,0.609,-0.856,-0.241,1.078,21.2,-3.5,63.6,67.13,WALKING
550,0.589,-0.844,-0.189,1.046,6.5,2.8,66.8,67.17,WALKING
600,0.653,-0.818,-0.185,1.063,5.8,2.5,61.3,61.62,WALKING
650,0.631,-0.750,-0.120,0.987,8.4,9.2,58.0,59.32,WALKING
700,0.558,-0.653,-0.145,0.871,-11.6,21.7,50.3,56.00,WALKING
750,0.583,-0.564,-0.170,0.829,-29.8,33.2,23.1,50.24,WALKING
800,0.663,-0.493,-0.252,0.864,-30.1,29.8,-11.6,43.92,WALKING
850,0.747,-0.505,-0.232,0.931,-24.7,8.9,-43.4,50.72,WALKING
900,0.855,-0.501,-0.218,1.015,-4.6,-8.8,-74.9,75.56,WALKING
950,0.869,-0.518,-0.188,1.029,6.8,-7.4,-101.0,101.50,WALKING
1000,0.936,-0.576,-0.200,1.117,2.3,-2.9,-131.6,131.65,WALKING
1050,1.188,-0.604,-0.197,1.347,17.9,-18.1,-150.7,152.83,WALKING
1100,1.044,-0.681,-0.117,1.252,62.1,-35.0,-137.9,155.23,WALKING
1150,0.735,-0.744,-0.146,1.056,34.4,-8.3,-61.3,70.78,WALKING
1200,0.877,-0.456,-0.167,1.002,8.6,-24.7,-25.1,36.25,WALKING
1250,0.843,-0.394,-0.092,0.935,76.3,-61.2,-19.3,99.70,WALKING
1300,0.706,-0.470,-0.131,0.858,106.2,-48.6,-12.5,117.46,WALKING
1350,0.687,-0.575,-0.263,0.934,45.2,-22.6,-4.1,50.70,WALKING
1400,0.708,-0.574,-0.324,0.967,24.6,-8.6,6.2,26.79,WALKING
1450,0.701,-0.639,-0.345,1.009,-6.7,0.3,26.6,27.43,WALKING
1500,0.687,-0.600,-0.309,0.963,-12.5,-9.6,39.8,42.81,WALKING
1550,0.702,-0.621,-0.266,0.974,0.9,-10.5,49.8,50.90,WALKING
1600,0.781,-0.654,-0.270,1.054,-9.8,2.8,47.2,48.29,WALKING
1650,1.078,-0.732,-0.248,1.326,-6.7,7.9,40.7,42.00,WALKING
1700,1.054,-0.672,-0.229,1.271,-15.3,8.8,45.7,48.99,WALKING
1750,0.911,-0.671,-0.099,1.136,-23.1,19.6,89.8,94.77,WALKING
1800,1.029,-0.535,-0.147,1.169,-34.3,32.7,82.0,94.71,WALKING
1850,0.891,-0.510,-0.071,1.029,-33.6,25.2,74.2,85.26,WALKING
1900,0.773,-0.500,-0.108,0.927,-39.3,30.4,79.0,93.33,WALKING
1950,0.717,-0.446,-0.120,0.853,-53.2,35.8,75.9,99.36,WALKING
2000,0.699,-0.375,-0.124,0.803,-66.5,26.6,51.0,87.93,WALKING
2050,0.719,-0.352,-0.140,0.813,-22.1,16.7,14.9,31.45,WALKING
2100,0.796,-0.409,-0.165,0.910,6.5,4.7,-29.4,30.47,WALKING
2150,0.892,-0.452,-0.187,1.017,4.6,-1.4,-67.1,67.27,WALKING
2200,0.961,-0.496,-0.186,1.097,17.0,5.6,-87.9,89.70,WALKING
2250,1.134,-0.526,-0.240,1.273,33.6,-5.6,-106.9,112.20,WALKING
2300,0.858,-0.598,-0.203,1.065,29.8,-8.4,-106.9,111.29,WALKING
2350,0.657,-0.627,-0.217,0.934,-7.2,15.9,-67.4,69.62,WALKING
2400,0.906,-0.489,-0.353,1.088,-13.0,-4.6,-53.5,55.25,WALKING
2450,0.805,-0.521,-0.179,0.975,77.4,-44.6,-47.8,101.32,WALKING
2500,0.663,-0.668,-0.167,0.956,67.9,-24.9,-17.8,74.48,WALKING
2550,0.681,-0.636,-0.223,0.958,8.2,1.7,3.2,8.96,WALKING
2600,0.733,-0.564,-0.273,0.964,32.3,-5.2,15.1,36.03,WALKING
2650,0.774,-0.569,-0.265,0.997,24.5,-10.5,32.8,42.27,WALKING
2700,0.763,-0.604,-0.188,0.991,20.0,-3.7,40.8,45.59,WALKING
2750,0.829,-0.607,-0.195,1.046,4.6,5.6,38.0,38.68,WALKING
2800,0.780,-0.607,-0.149,1.000,-29.1,19.6,41.7,54.50,WALKING
2850,0.976,-0.695,-0.228,1.220,-1.4,18.7,34.7,39.44,WALKING
2900,0.918,-0.766,-0.203,1.213,12.1,16.3,49.9,53.87,WALKING
2950,0.875,-0.770,-0.132,1.173,-7.0,11.4,78.1,79.24,WALKING
3000,0.943,-0.725,-0.122,1.196,-26.1,15.1,80.0,85.49,WALKING
3050,0.864,-0.551,-0.142,1.035,-21.9,0.1,85.0,87.78,WALKING
3100,0.687,-0.578,-0.165,0.913,-27.1,12.3,87.7,92.61,WALKING
3150,0.637,-0.379,-0.174,0.761,-47.8,20.0,69.3,86.53,WALKING
3200,0.663,-0.404,-0.174,0.796,-34.1,-2.5,34.0,48.22,WALKING
3250,0.658,-0.384,-0.174,0.781,3.8,-22.8,2.1,23.21,WALKING
3300,0.758,-0.419,-0.112,0.873,30.3,-29.4,-34.5,54.52,WALKING
3350,0.982,-0.448,-0.124,1.086,28.1,-31.9,-87.5,97.28,WALKING
3400,1.186,-0.546,-0.076,1.308,34.3,-39.7,-132.3,142.32,WALKING
3450,1.168,-0.592,-0.117,1.315,7.3,-34.0,-165.7,169.31,WALKING
3500,0.629,-0.656,-0.238,0.939,11.0,-8.8,-124.0,124.80,WALKING
3550,0.916,-0.609,-0.223,1.122,8.6,-19.3,-84.4,87.00,WALKING
3600,0.920,-0.476,-0.187,1.053,80.0,-52.0,-82.1,125.87,WALKING
3650,0.652,-0.729,-0.174,0.993,117.1,-37.7,-45.5,131.16,WALKING
3700,0.573,-0.672,-0.206,0.907,38.7,-12.6,-28.4,49.63,WALKING
3750,0.592,-0.695,-0.254,0.948,44.8,-9.5,-19.8,49.89,WALKING
3800,0.687,-0.693,-0.238,1.004,53.4,-7.1,-3.0,53.95,WALKING
3850,0.758,-0.711,-0.229,1.064,33.6,-2.5,24.5,41.66,WALKING
3900,0.758,-0.680,-0.224,1.043,5.3,12.6,45.9,47.89,WALKING
3950,0.722,-0.630,-0.261,0.993,2.2,12.5,57.9,59.27,WALKING
4000,1.199,-0.745,-0.284,1.440,-4.7,12.3,35.8,38.14,WALKING
4050,1.070,-0.743,-0.212,1.320,5.3,-3.7,33.3,33.92,WALKING
4100,0.990,-0.734,-0.055,1.234,-19.7,13.5,76.9,80.52,WALKING
4150,1.039,-0.589,-0.161,1.205,-40.8,18.9,97.7,107.55,WALKING
4200,0.863,-0.580,-0.126,1.047,-65.8,39.9,107.3,132.04,WALKING
4250,0.770,-0.493,-0.131,0.924,-85.8,25.5,101.9,135.63,WALKING
4300,0.753,-0.388,-0.141,0.859,-78.9,7.0,77.0,110.47,WALKING
4350,0.703,-0.336,-0.136,0.791,-40.2,-19.6,44.2,62.88,WALKING
4400,0.638,-0.368,-0.104,0.744,3.1,-22.9,24.6,33.75,WALKING
4450,0.641,-0.383,-0.098,0.753,12.5,-16.5,-12.3,24.08,WALKING
4500,0.754,-0.403,-0.145,0.867,24.9,-12.1,-57.5,63.82,WALKING
4550,0.861,-0.447,-0.194,0.989,45.2,-31.4,-98.0,112.40,WALKING
4600,1.241,-0.501,-0.124,1.344,84.5,-47.4,-138.5,169.02,WALKING
4650,1.109,-0.603,-0.144,1.271,107.5,-52.2,-173.6,210.76,WALKING
4700,0.674,-0.794,-0.205,1.061,77.4,-35.3,-115.5,143.45,WALKING
4750,1.050,-0.662,-0.203,1.258,41.8,-33.5,-67.9,86.49,WALKING
4800,0.962,-0.543,-0.138,1.113,106.7,-62.6,-50.8,133.73,WALKING
4850,0.702,-0.714,-0.127,1.009,112.4,-41.1,-24.0,122.06,WALKING
4900,0.590,-0.633,-0.170,0.882,28.0,-8.7,-19.5,35.21,WALKING
4950,0.617,-0.547,-0.199,0.848,48.8,-13.2,-17.6,53.53,WALKING
5000,0.671,-0.568,-0.203,0.902,71.8,-20.2,-12.8,75.68,WALKING
5050,0.651,-0.633,-0.202,0.930,58.8,-5.3,2.9,59.11,WALKING
5100,0.663,-0.665,-0.216,0.964,31.5,6.5,3.4,32.34,WALKING
5150,0.798,-0.643,-0.255,1.056,18.3,5.4,6.2,20.06,WALKING
5200,1.240,-0.719,-0.361,1.478,42.2,-10.7,-2.3,43.60,WALKING
5250,0.866,-0.715,-0.286,1.159,84.5,-34.7,42.0,100.54,WALKING
5300,0.922,-0.797,-0.252,1.245,40.0,-10.2,93.3,102.02,WALKING
5350,0.977,-0.688,-0.244,1.220,-14.4,-0.3,89.7,90.85,WALKING
5400,0.850,-0.661,-0.220,1.099,-17.7,-11.4,89.1,91.55,WALKING
5450,0.784,-0.608,-0.199,1.012,-19.0,-18.1,100.3,103.68,WALKING
5500,0.730,-0.517,-0.121,0.903,-16.8,-25.3,87.1,92.24,WALKING
5550,0.696,-0.425,-0.183,0.836,-13.1,-24.2,53.6,60.25,WALKING
5600,0.713,-0.413,-0.186,0.845,3.7,-38.2,18.9,42.78,WALKING
5650,0.735,-0.393,-0.156,0.848,13.2,-40.6,-12.1,44.37,WALKING
5700,0.784,-0.411,-0.203,0.908,23.4,-39.5,-57.9,73.89,WALKING
5750,0.778,-0.465,-0.138,0.917,20.8,-41.3,-86.5,98.08,WALKING
5800,1.096,-0.496,-0.113,1.208,39.3,-56.2,-146.2,161.48,WALKING
5850,0.657,-0.624,-0.063,0.908,52.4,-51.8,-133.9,152.83,WALKING
5900,1.019,-0.626,-0.190,1.211,18.2,-24.6,-108.0,112.25,WALKING
5950,0.970,-0.470,-0.126,1.085,33.8,-40.8,-107.3,119.67,WALKING
6000,0.841,-0.693,-0.086,1.093,127.6,-36.9,-91.8,161.46,WALKING
6050,0.765,-0.748,-0.172,1.084,59.1,-19.1,-66.3,90.85,WALKING
6100,0.752,-0.617,-0.259,1.007,46.4,-7.4,-48.4,67.46,WALKING
6150,0.737,-0.642,-0.272,1.015,85.4,-14.6,-31.5,92.19,WALKING
6200,0.708,-0.690,-0.296,1.032,70.4,-10.8,-17.5,73.34,WALKING
6250,0.745,-0.721,-0.337,1.090,16.0,2.3,-6.1,17.28,WALKING
6300,0.821,-0.747,-0.297,1.149,11.2,-2.8,-9.8,15.14,WALKING
6350,1.007,-0.736,-0.361,1.298,1.8,-7.7,7.9,11.18,WALKING
6400,0.754,-0.733,-0.205,1.071,25.8,-13.9,65.7,71.94,WALKING
6450,0.789,-0.713,-0.133,1.072,-10.7,7.7,108.1,108.90,WALKING
6500,1.061,-0.620,-0.168,1.240,-49.4,-5.3,103.1,114.45,WALKING
6550,1.041,-0.545,-0.099,1.179,-22.1,-18.6,101.5,105.53,WALKING
6600,0.919,-0.500,-0.211,1.067,13.1,-17.1,115.0,117.00,WALKING
6650,0.783,-0.509,-0.075,0.937,-30.3,1.4,110.1,114.20,WALKING
6700,0.722,-0.431,-0.114,0.849,-34.0,6.0,94.3,100.42,WALKING
6750,0.657,-0.352,-0.139,0.758,-41.5,-1.1,60.1,73.04,WALKING
6800,0.652,-0.340,-0.134,0.747,-27.3,-6.8,21.0,35.11,WALKING
6850,0.742,-0.379,-0.164,0.849,-0.2,-7.1,-35.2,35.91,WALKING
6900,0.794,-0.447,-0.266,0.949,19.2,-10.0,-80.7,83.55,WALKING
6950,1.050,-0.495,-0.211,1.180,55.6,-19.8,-124.3,137.60,WALKING
7000,0.878,-0.520,-0.147,1.031,72.6,-24.6,-149.7,168.18,WALKING
7050,0.670,-0.770,-0.200,1.040,32.4,9.8,-106.8,112.04,WALKING
7100,1.138,-0.671,-0.273,1.349,-53.6,5.8,-90.9,105.69,WALKING
7150,0.998,-0.412,-0.161,1.092,5.1,-36.4,-73.4,82.09,WALKING
7200,0.775,-0.670,-0.176,1.039,126.4,-30.1,-47.2,138.24,WALKING
7250,0.692,-0.699,-0.153,0.995,18.7,-0.4,-34.4,39.16,WALKING
7300,0.725,-0.534,-0.264,0.938,28.9,10.0,-26.8,40.66,WALKING
7350,0.715,-0.581,-0.278,0.962,29.1,-1.2,-11.6,31.35,WALKING
7400,0.658,-0.647,-0.242,0.954,10.7,-7.0,6.0,14.12,WALKING
7450,0.732,-0.679,-0.270,1.034,-5.6,1.8,14.2,15.37,WALKING
7500,0.834,-0.695,-0.202,1.104,-25.9,3.2,18.7,32.11,WALKING
7550,1.074,-0.711,-0.243,1.311,-12.9,0.6,23.2,26.55,WALKING
7600,0.797,-0.694,-0.170,1.070,11.3,-8.8,66.0,67.54,WALKING
7650,0.925,-0.696,-0.101,1.162,-29.8,11.9,108.9,113.53,WALKING
7700,1.111,-0.562,-0.179,1.258,-45.7,5.8,105.8,115.39,WALKING
7750,0.996,-0.501,-0.157,1.126,-24.3,-12.5,97.2,100.97,WALKING
7800,0.851,-0.522,-0.192,1.017,-14.8,-9.5,97.0,98.58,WALKING
7850,0.787,-0.431,-0.189,0.917,-28.3,-11.3,93.8,98.63,WALKING
7900,0.727,-0.385,-0.207,0.848,-9.4,-12.3,76.0,77.56,WALKING
7950,0.646,-0.344,-0.194,0.757,2.0,-21.2,41.5,46.64,WALKING
8000,0.655,-0.361,-0.170,0.767,10.8,-21.2,-6.3,24.61,WALKING
8050,0.778,-0.375,-0.191,0.885,16.7,-22.4,-70.0,75.37,WALKING
8100,0.792,-0.456,-0.177,0.931,44.8,-39.1,-101.7,117.81,WALKING
8150,1.034,-0.557,-0.136,1.182,65.6,-39.6,-131.9,152.54,WALKING
8200,1.029,-0.510,-0.100,1.153,67.0,-48.5,-161.6,181.54,WALKING
8250,0.798,-0.713,-0.096,1.074,66.1,-22.5,-113.1,132.92,WALKING
8300,1.053,-0.591,-0.165,1.219,-0.5,-7.2,-82.3,82.62,WALKING
8350,0.917,-0.454,-0.099,1.028,68.9,-36.6,-74.3,107.74,WALKING
8400,0.758,-0.650,-0.169,1.013,99.3,-21.3,-67.6,122.00,WALKING
8450,0.716,-0.505,-0.249,0.911,40.1,-8.7,-52.3,66.48,WALKING
8500,0.748,-0.597,-0.318,1.008,75.2,-11.0,-40.3,86.02,WALKING
8550,0.732,-0.654,-0.288,1.023,54.6,-15.8,-22.9,61.28,WALKING
8600,0.714,-0.703,-0.321,1.052,21.9,1.6,-8.6,23.58,WALKING
8650,0.764,-0.703,-0.336,1.091,4.0,4.8,8.6,10.63,WALKING
8700,0.924,-0.738,-0.334,1.229,14.2,-5.1,27.3,31.19,WALKING
8750,1.037,-0.721,-0.317,1.302,14.5,-10.7,40.4,44.24,WALKING
8800,0.805,-0.671,-0.226,1.072,9.1,-8.5,85.6,86.50,WALKING
8850,0.947,-0.660,-0.269,1.185,-0.7,1.8,110.3,110.32,WALKING
8900,1.071,-0.521,-0.214,1.210,-28.9,-14.9,93.8,99.28,WALKING
8950,0.980,-0.514,-0.210,1.126,7.3,-31.2,86.0,91.78,WALKING
9000,0.795,-0.535,-0.098,0.963,-0.3,-27.3,87.0,91.18,WALKING
9050,0.702,-0.478,-0.162,0.865,-11.2,-18.5,89.7,92.27,WALKING
9100,0.623,-0.416,-0.129,0.760,-28.6,-14.4,57.8,66.08,WALKING
9150,0.641,-0.389,-0.135,0.762,-25.8,-16.8,17.9,35.61,WALKING
9200,0.714,-0.427,-0.127,0.842,-9.0,-17.0,-19.8,27.61,WALKING
9250,0.844,-0.458,-0.129,0.969,6.0,-8.1,-60.2,61.04,WALKING
9300,0.854,-0.507,-0.158,1.006,17.9,-2.2,-84.7,86.60,WALKING
9350,1.040,-0.536,-0.176,1.183,28.2,3.4,-110.9,114.48,WALKING
9400,0.772,-0.569,-0.190,0.978,47.2,-8.5,-110.8,120.73,WALKING
9450,0.707,-0.644,-0.207,0.978,27.3,8.1,-83.4,88.13,WALKING
9500,1.003,-0.530,-0.305,1.175,8.0,-0.4,-83.6,83.98,WALKING
9550,0.876,-0.549,-0.235,1.060,57.8,-23.9,-82.4,103.45,WALKING
9600,0.706,-0.695,-0.263,1.025,70.2,-13.4,-59.0,92.67,WALKING
9650,0.695,-0.594,-0.281,0.956,26.3,-3.6,-36.8,45.37,WALKING
9700,0.728,-0.623,-0.321,1.011,53.2,-9.7,-30.6,62.13,WALKING
9750,0.711,-0.672,-0.328,1.032,13.7,-5.2,-13.0,19.59,WALKING
9800,0.732,-0.690,-0.317,1.055,-6.8,0.6,7.6,10.22,WALKING
9850,0.766,-0.676,-0.293,1.063,-11.2,-1.1,22.7,25.34,WALKING
9900,0.822,-0.704,-0.181,1.097,-14.7,13.3,28.2,34.47,WALKING
9950,1.012,-0.713,-0.230,1.259,-24.0,2.4,22.1,32.71,WALKING
10000,0.768,-0.727,-0.109,1.063,-18.9,0.0,61.6,64.43,WALKING
10050,0.945,-0.715,-0.084,1.188,-75.1,23.2,97.5,125.24,WALKING
10100,1.114,-0.630,-0.102,1.284,-92.3,12.3,93.1,131.67,WALKING
10150,0.994,-0.553,-0.066,1.139,-40.7,-8.2,90.0,99.11,WALKING
10200,0.851,-0.561,-0.033,1.020,-40.3,-12.5,102.8,111.12,WALKING
10250,0.787,-0.500,-0.039,0.933,-49.0,6.4,106.0,116.95,WALKING
10300,0.731,-0.422,-0.062,0.846,-42.5,7.4,94.9,104.25,WALKING
10350,0.710,-0.385,-0.093,0.813,-28.7,12.9,60.8,68.46,WALKING
10400,0.746,-0.370,-0.141,0.845,-22.1,15.6,16.4,31.63,WALKING
10450,0.815,-0.366,-0.187,0.913,6.0,3.5,-33.3,34.02,WALKING
10500,0.801,-0.448,-0.223,0.944,44.7,4.9,-72.5,85.31,WALKING
10550,0.990,-0.499,-0.282,1.144,49.4,-3.9,-117.7,127.71,WALKING
10600,0.726,-0.570,-0.279,0.964,53.4,-13.5,-132.3,143.31,WALKING
10650,0.629,-0.726,-0.237,0.989,16.5,1.7,-98.1,99.49,WALKING
10700,1.038,-0.615,-0.372,1.263,-19.1,0.7,-90.8,92.79,WALKING
10750,0.928,-0.589,-0.282,1.135,51.2,-35.2,-81.2,102.24,WALKING
10800,0.713,-0.772,-0.215,1.073,66.9,-22.7,-43.5,82.96,WALKING
10850,0.688,-0.755,-0.222,1.045,-8.5,-1.3,-17.0,19.05,WALKING
10900,0.680,-0.664,-0.251,0.983,-12.6,7.0,-13.3,19.61,WALKING
10950,0.642,-0.706,-0.234,0.983,-16.3,9.9,-0.4,19.08,WALKING
11000,0.650,-0.691,-0.197,0.969,-32.8,15.2,20.0,41.31,WALKING
11050,0.776,-0.681,-0.183,1.049,-54.8,23.8,37.8,70.70,WALKING
11100,0.896,-0.649,-0.142,1.115,-43.6,19.8,45.8,66.26,WALKING
11150,1.125,-0.690,-0.137,1.327,-19.2,23.5,48.3,57.04,WALKING
11200,0.842,-0.687,-0.118,1.093,-34.1,34.4,79.2,92.84,WALKING
11250,0.929,-0.628,-0.037,1.122,-65.5,49.9,110.5,137.81,WALKING
11300,1.062,-0.592,-0.144,1.224,-100.8,46.4,92.2,144.27,WALKING
11350,0.911,-0.567,-0.074,1.076,-91.4,31.0,90.2,132.10,WALKING
11400,0.806,-0.553,-0.092,0.982,-57.1,31.2,100.8,119.98,WALKING
11450,0.718,-0.482,-0.074,0.868,-59.1,18.2,90.7,109.77,WALKING
11500,0.675,-0.417,-0.076,0.797,-37.5,10.7,60.1,71.64,WALKING
11550,0.640,-0.415,-0.091,0.768,-20.1,14.2,33.4,41.49,WALKING
11600,0.741,-0.446,-0.119,0.873,-0.2,2.3,-23.1,23.22,WALKING
11650,0.830,-0.473,-0.154,0.968,28.2,5.2,-61.4,67.77,WALKING
11700,0.952,-0.536,-0.150,1.103,50.6,-6.5,-81.9,96.49,WALKING
11750,0.969,-0.435,-0.186,1.078,63.9,-18.2,-120.5,137.60,WALKING
11800,0.703,-0.526,-0.280,0.922,78.1,-25.0,-121.3,146.42,WALKING
11850,0.895,-0.622,-0.245,1.117,48.8,-22.5,-93.7,108.02,WALKING
11900,1.145,-0.471,-0.267,1.267,26.8,-31.0,-80.3,90.15,WALKING
11950,0.860,-0.683,-0.143,1.107,74.2,-29.0,-63.0,101.57,WALKING
12000,0.702,-0.722,-0.130,1.015,-0.7,-6.0,-41.3,41.74,WALKING
12050,0.694,-0.668,-0.151,0.975,-25.6,5.4,-32.2,41.49,WALKING
12100,0.707,-0.645,-0.174,0.973,7.7,-1.7,-11.7,14.11,WALKING
12150,0.668,-0.679,-0.154,0.965,30.4,2.0,11.1,32.42,WALKING
12200,0.687,-0.697,-0.149,0.990,7.7,17.4,27.8,33.69,WALKING
12250,0.808,-0.665,-0.219,1.069,-12.6,32.9,35.7,50.16,WALKING
12300,1.085,-0.742,-0.269,1.342,-6.6,26.8,36.0,45.36,WALKING
12350,0.999,-0.669,-0.299,1.239,-16.3,2.4,61.5,63.67,WALKING
12400,0.934,-0.633,-0.298,1.167,30.3,-3.2,105.8,110.10,WALKING
12450,1.136,-0.597,-0.307,1.320,20.7,-11.8,128.4,130.59,WALKING
12500,1.023,-0.538,-0.223,1.177,13.3,-27.6,110.0,114.19,WALKING
12550,0.846,-0.540,-0.224,1.028,-3.3,-26.8,90.8,94.73,WALKING
12600,0.653,-0.551,-0.151,0.868,-13.3,-16.7,87.6,90.16,WALKING
12650,0.601,-0.467,-0.164,0.779,-26.0,-5.0,65.2,70.37,WALKING
12700,0.593,-0.403,-0.163,0.735,-25.3,-14.6,30.2,42.02,WALKING
12750,0.632,-0.361,-0.149,0.743,0.4,-28.4,-11.4,30.61,WALKING
12800,0.755,-0.397,-0.090,0.858,27.8,-38.6,-59.1,75.87,WALKING
12850,0.830,-0.458,-0.088,0.952,46.6,-40.0,-104.1,120.87,WALKING
12900,0.933,-0.514,-0.049,1.066,40.4,-38.6,-139.3,150.09,WALKING
12950,1.244,-0.524,-0.075,1.352,49.6,-41.3,-179.4,190.66,WALKING
13000,0.810,-0.688,-0.069,1.065,53.0,-36.9,-147.4,160.93,WALKING
13050,1.071,-0.712,-0.112,1.291,28.4,-21.8,-88.6,95.56,WALKING
13100,1.105,-0.499,-0.101,1.217,67.9,-49.9,-77.7,114.62,WALKING
13150,0.795,-0.666,-0.113,1.043,130.2,-52.2,-54.2,150.38,WALKING
13200,0.646,-0.650,-0.137,0.927,77.4,-35.6,-44.4,96.07,WALKING
13250,0.658,-0.598,-0.199,0.911,72.9,-20.5,-42.4,86.79,WALKING
13300,0.727,-0.672,-0.251,1.021,73.9,-19.6,-35.0,84.09,WALKING
13350,0.720,-0.705,-0.238,1.035,49.0,-10.2,-8.5,50.77,WALKING
13400,0.756,-0.718,-0.279,1.079,20.1,4.4,16.4,26.31,WALKING
13450,0.784,-0.663,-0.293,1.068,13.3,-2.9,30.4,33.31,WALKING
13500,0.993,-0.714,-0.276,1.254,24.9,-6.9,34.7,43.26,WALKING
13550,0.964,-0.684,-0.244,1.207,46.7,-8.6,46.9,66.74,WALKING
13600,0.778,-0.670,-0.173,1.041,28.1,-1.9,93.8,97.94,WALKING
13650,0.944,-0.665,-0.178,1.168,-1.6,11.4,118.1,118.66,WALKING
13700,1.079,-0.545,-0.168,1.220,-47.3,-2.5,101.4,111.92,WALKING
13750,0.892,-0.559,-0.107,1.058,7.2,-20.5,81.7,84.54,WALKING
13800,0.722,-0.565,-0.096,0.922,-6.4,0.0,79.6,79.86,WALKING
13850,0.656,-0.449,-0.107,0.802,-42.7,8.5,62.1,75.84,WALKING
13900,0.621,-0.404,-0.125,0.751,-48.3,1.4,31.7,57.79,WALKING
13950,0.655,-0.402,-0.139,0.781,-42.0,-9.5,-9.8,44.16,WALKING
14000,0.765,-0.422,-0.127,0.883,-1.6,-24.1,-46.9,52.75,WALKING
14050,0.896,-0.469,-0.134,1.020,23.8,-27.6,-87.1,94.42,WALKING
14100,0.844,-0.517,-0.129,0.998,37.2,-22.8,-103.8,112.60,WALKING
14150,1.147,-0.549,-0.138,1.279,55.4,-28.4,-124.0,138.75,WALKING
14200,0.848,-0.577,-0.132,1.034,89.1,-37.6,-126.4,159.15,WALKING
14250,0.684,-0.699,-0.151,0.990,51.7,-14.4,-82.3,98.25,WALKING
14300,0.965,-0.544,-0.234,1.132,3.0,-15.8,-69.5,71.34,WALKING
14350,0.894,-0.477,-0.200,1.033,82.7,-42.1,-55.7,108.23,WALKING
14400,0.753,-0.669,-0.153,1.019,90.9,-24.8,-44.4,104.16,WALKING
14450,0.737,-0.655,-0.209,1.008,13.7,2.8,-31.9,34.83,WALKING
14500,0.737,-0.599,-0.300,0.996,32.3,5.7,-14.6,35.90,WALKING
14550,0.714,-0.631,-0.304,1.000,25.6,-2.7,0.9,25.76,WALKING
14600,0.721,-0.647,-0.292,1.012,3.8,3.8,25.0,25.57,WALKING
14650,0.779,-0.617,-0.262,1.028,-4.6,4.2,52.5,52.87,WALKING
14700,0.997,-0.685,-0.226,1.231,10.0,-1.2,40.6,41.83,WALKING
14750,1.074,-0.638,-0.195,1.264,19.3,-12.9,41.0,47.12,WALKING
14800,0.786,-0.633,-0.113,1.016,28.8,-8.8,87.5,92.54,WALKING
14850,0.925,-0.620,-0.111,1.119,-24.3,9.1,101.5,104.76,WALKING
14900,1.073,-0.545,-0.160,1.214,-41.2,-2.5,83.5,93.14,WALKING
14950,0.892,-0.595,-0.131,1.080,-17.7,-16.7,96.5,99.52,WALKING
15000,0.728,-0.587,-0.186,0.953,-19.6,7.1,102.4,104.50,WALKING
15050,0.644,-0.448,-0.179,0.805,-19.1,2.1,80.7,82.96,WALKING
15100,0.642,-0.368,-0.200,0.767,-33.1,-11.5,33.3,48.34,WALKING
15150,0.669,-0.372,-0.207,0.793,-0.6,-21.9,-14.0,26.00,WALKING
15200,0.769,-0.430,-0.198,0.903,21.2,-26.7,-54.7,64.45,WALKING
15250,0.893,-0.447,-0.179,1.015,36.0,-38.8,-88.7,103.29,WALKING
15300,1.035,-0.556,-0.088,1.178,70.1,-42.2,-117.1,142.85,WALKING
15350,1.215,-0.509,-0.109,1.322,70.9,-52.9,-152.3,176.13,WALKING
15400,0.716,-0.703,-0.127,1.011,66.2,-31.2,-120.7,141.15,WALKING
15450,0.801,-0.697,-0.057,1.063,11.7,-0.9,-70.4,71.37,WALKING
15500,1.063,-0.461,-0.177,1.172,21.8,-41.3,-70.1,84.23,WALKING
15550,0.805,-0.614,-0.049,1.014,128.0,-60.4,-65.8,156.08,WALKING
15600,0.680,-0.717,-0.073,0.991,94.2,-35.0,-46.4,110.69,WALKING
15650,0.680,-0.653,-0.153,0.955,35.4,-8.5,-33.0,49.14,WALKING
15700,0.691,-0.600,-0.270,0.954,70.0,-9.7,-16.5,72.57,WALKING
15750,0.655,-0.631,-0.261,0.946,68.3,-13.4,-6.2,69.88,WALKING
15800,0.647,-0.692,-0.290,0.991,32.7,1.5,0.7,32.74,WALKING
15850,0.714,-0.694,-0.333,1.050,2.6,19.4,7.1,20.82,WALKING
15900,1.087,-0.788,-0.370,1.393,-16.4,14.9,0.0,22.16,WALKING
15950,0.975,-0.702,-0.253,1.228,27.7,-15.3,23.9,39.66,WALKING
16000,0.813,-0.758,-0.132,1.119,27.1,-5.8,94.9,98.86,WALKING
16050,1.143,-0.720,-0.280,1.380,-18.8,9.9,121.8,123.64,WALKING
16100,1.100,-0.538,-0.150,1.234,-9.1,-18.6,125.8,127.49,WALKING
16150,0.775,-0.618,-0.091,0.995,25.8,-24.9,127.7,132.64,WALKING
16200,0.659,-0.482,-0.112,0.824,-22.6,-9.4,107.6,110.35,WALKING
16250,0.605,-0.368,-0.130,0.720,-25.5,-3.4,75.5,79.76,WALKING
16300,0.599,-0.328,-0.133,0.696,-18.2,-14.0,16.3,28.16,WALKING
16350,0.650,-0.381,-0.111,0.762,4.2,-21.4,-33.1,39.64,WALKING
16400,0.782,-0.435,-0.109,0.901,12.9,-23.2,-79.4,83.72,WALKING
16450,0.868,-0.508,-0.120,1.013,28.9,-15.8,-115.2,119.82,WALKING
16500,0.956,-0.569,-0.054,1.114,20.2,-10.5,-140.9,142.73,WALKING
16550,1.329,-0.561,-0.173,1.453,32.0,-20.5,-165.6,169.90,WALKING
16600,0.671,-0.709,-0.042,0.977,31.5,-10.8,-108.7,113.69,WALKING
16650,0.924,-0.678,-0.145,1.155,-32.9,17.1,-68.5,77.89,WALKING
16700,1.093,-0.411,-0.134,1.175,1.0,-18.6,-66.5,69.06,WALKING
16750,0.824,-0.570,-0.071,1.004,110.8,-30.5,-52.0,126.14,WALKING
16800,0.702,-0.735,-0.169,1.030,57.8,-4.4,-32.2,66.31,WALKING
16850,0.700,-0.612,-0.209,0.953,35.2,-2.6,-19.3,40.23,WALKING
16900,0.761,-0.639,-0.320,1.044,70.9,-14.6,1.8,72.41,WALKING
16950,0.764,-0.690,-0.253,1.060,46.5,-20.3,32.1,60.04,WALKING
17000,0.819,-0.672,-0.273,1.094,11.2,-8.4,49.4,51.35,WALKING
17050,0.871,-0.614,-0.287,1.104,-2.0,-5.5,66.0,66.26,WALKING
17100,0.963,-0.667,-0.203,1.189,-5.0,4.4,59.3,59.67,WALKING
17150,1.019,-0.619,-0.279,1.224,13.0,-34.3,46.9,59.54,WALKING
17200,0.838,-0.582,-0.125,1.028,25.9,-8.9,79.8,84.37,WALKING
17250,0.909,-0.608,-0.103,1.098,27.6,14.4,116.6,120.68,WALKING
17300,1.014,-0.500,-0.156,1.141,-23.3,-8.0,104.5,107.36,WALKING
17350,0.937,-0.379,-0.208,1.032,1.2,-3.2,74.8,74.88,WALKING
17400,0.698,-0.521,-0.123,0.880,3.5,-2.1,65.6,65.73,WALKING
17450,0.645,-0.486,-0.163,0.824,-2.1,-1.7,52.4,52.47,WALKING
17500,0.623,-0.406,-0.180,0.765,1.6,-9.3,23.8,25.60,WALKING
17550,0.689,-0.407,-0.146,0.813,-3.3,-16.4,-16.3,23.36,WALKING
17600,0.777,-0.419,-0.114,0.890,4.8,-38.0,-56.9,68.59,WALKING
17650,0.935,-0.488,-0.110,1.060,26.9,-48.7,-90.0,105.81,WALKING
17700,0.977,-0.543,-0.070,1.120,36.9,-44.2,-110.1,124.25,WALKING
17750,1.372,-0.552,-0.076,1.481,47.4,-51.1,-140.3,156.66,WALKING
17800,0.818,-0.650,-0.057,1.046,51.1,-36.5,-119.9,135.35,WALKING
17850,0.754,-0.634,-0.055,0.987,1.6,-15.0,-66.0,67.70,WALKING
17900,1.048,-0.414,-0.051,1.128,46.7,-44.5,-78.3,101.45,WALKING
17950,0.839,-0.595,0.040,1.029,157.1,-73.7,-81.2,191.59,WALKING
18000,0.694,-0.711,-0.057,0.995,126.5,-45.3,-57.1,146.00,WALKING
18050,0.681,-0.643,-0.180,0.954,64.4,-31.6,-37.5,80.95,WALKING
18100,0.754,-0.610,-0.323,1.022,81.4,-10.9,-30.8,87.71,WALKING
18150,0.739,-0.631,-0.333,1.027,85.7,-21.9,-8.0,88.81,WALKING
18200,0.696,-0.645,-0.353,1.012,52.5,-8.5,10.8,54.27,WALKING
18250,0.748,-0.554,-0.403,1.014,22.3,1.5,17.3,28.26,WALKING
18300,0.942,-0.621,-0.360,1.184,36.2,-7.5,9.3,38.12,WALKING
18350,1.074,-0.592,-0.313,1.266,65.8,-25.0,-2.3,70.43,WALKING
18400,0.716,-0.615,-0.194,0.964,81.2,-41.0,59.9,108.91,WALKING
18450,0.844,-0.679,-0.207,1.103,32.5,-8.1,93.2,99.04,WALKING
18500,1.067,-0.576,-0.172,1.225,10.2,-17.6,86.7,89.05,WALKING
18550,1.071,-0.527,-0.134,1.201,26.5,-38.6,86.1,98.01,WALKING
18600,0.876,-0.593,-0.148,1.068,42.3,-37.6,101.2,115.95,WALKING
18650,0.701,-0.519,-0.084,0.876,-13.3,-22.3,96.1,99.55,WALKING
18700,0.625,-0.375,-0.149,0.744,-18.2,-16.6,67.4,71.76,WALKING
18750,0.623,-0.324,-0.149,0.718,4.5,-31.0,12.8,33.84,WALKING
18800,0.692,-0.354,-0.123,0.787,34.9,-48.1,-42.2,72.89,WALKING
18850,0.813,-0.429,-0.096,0.924,28.6,-53.3,-100.3,117.13,WALKING
18900,0.867,-0.507,-0.123,1.012,39.3,-50.3,-127.1,142.23,WALKING
18950,1.120,-0.607,-0.120,1.280,40.5,-41.9,-153.0,163.72,WALKING
19000,1.202,-0.519,-0.078,1.312,76.0,-60.5,-177.4,202.25,WALKING
19050,0.711,-0.742,-0.052,1.029,106.1,-49.2,-108.9,159.80,WALKING
19100,1.030,-0.696,-0.152,1.252,11.1,-30.0,-60.6,68.52,WALKING
19150,0.980,-0.448,-0.048,1.079,31.2,-61.6,-40.1,79.85,WALKING
19200,0.741,-0.586,-0.117,0.952,144.0,-59.9,-23.8,157.77,WALKING
19250,0.611,-0.637,-0.139,0.894,73.5,-30.8,-25.9,83.80,WALKING
19300,0.642,-0.550,-0.274,0.889,41.9,-7.7,-23.3,48.56,WALKING
19350,0.717,-0.587,-0.325,0.982,43.2,-2.8,-20.5,47.90,WALKING
19400,0.694,-0.621,-0.336,0.990,29.9,3.1,-2.1,30.13,WALKING
19450,0.730,-0.634,-0.356,1.030,8.6,8.6,7.7,14.39,WALKING
19500,0.760,-0.632,-0.307,1.035,16.8,-2.1,18.4,25.00,WALKING
19550,1.052,-0.722,-0.351,1.323,11.6,1.6,4.4,12.51,WALKING
19600,0.867,-0.726,-0.192,1.147,31.0,-11.5,34.9,48.08,WALKING
19650,0.763,-0.742,-0.119,1.071,17.1,7.7,87.2,89.19,WALKING
19700,0.984,-0.685,-0.160,1.210,-28.7,17.7,97.5,103.17,WALKING
19750,1.029,-0.591,-0.141,1.195,-46.9,4.0,94.6,105.66,WALKING
19800,0.837,-0.624,-0.123,1.051,1.6,9.7,99.4,99.88,WALKING
19850,0.749,-0.554,-0.093,0.936,-23.4,18.4,96.1,100.60,WALKING
19900,0.702,-0.458,-0.128,0.848,-45.8,17.2,74.9,89.46,WALKING
19950,0.676,-0.381,-0.143,0.789,-45.3,3.9,40.6,60.96,WALKING
20000,0.700,-0.411,-0.143,0.824,-17.7,-13.0,6.0,22.77,WALKING
20050,0.812,-0.429,-0.156,0.932,-2.2,-24.8,-32.0,40.54,WALKING
20100,0.824,-0.480,-0.142,0.964,20.7,-25.2,-63.0,70.94,WALKING
20150,1.077,-0.545,-0.163,1.218,36.6,-22.4,-106.6,114.91,WALKING
20200,0.938,-0.511,-0.178,1.083,56.5,-22.9,-146.0,158.22,WALKING
20250,0.601,-0.709,-0.198,0.950,35.5,-3.0,-97.7,103.99,WALKING
20300,0.908,-0.542,-0.225,1.081,-11.3,-7.4,-71.3,72.57,WALKING
20350,0.995,-0.354,-0.182,1.072,69.0,-55.7,-83.1,121.53,WALKING
20400,0.768,-0.712,-0.127,1.055,138.4,-39.0,-57.0,154.68,WALKING
20450,0.679,-0.711,-0.162,0.996,20.4,-4.4,-41.8,46.72,WALKING
20500,0.686,-0.625,-0.271,0.967,21.3,8.0,-35.8,42.42,WALKING
20550,0.750,-0.630,-0.299,1.024,39.3,-3.2,-24.6,46.47,WALKING
20600,0.751,-0.681,-0.257,1.046,30.6,-3.6,-3.0,30.96,WALKING
20650,0.739,-0.686,-0.287,1.048,0.6,11.6,19.1,22.35,WALKING
20700,0.751,-0.629,-0.281,1.019,-17.7,15.2,27.5,36.06,WALKING
20750,1.027,-0.725,-0.302,1.293,-22.8,6.4,21.4,31.92,WALKING
20800,0.986,-0.710,-0.183,1.229,1.5,-6.8,33.9,34.61,WALKING
20850,0.820,-0.694,-0.129,1.082,-1.8,-4.5,89.7,89.83,WALKING
20900,1.003,-0.665,-0.110,1.208,-40.6,5.1,112.4,119.62,WALKING
20950,1.065,-0.554,-0.097,1.204,-46.0,-3.5,101.9,111.86,WALKING
21000,0.850,-0.506,0.072,0.992,-6.4,-0.9,98.4,98.61,WALKING
21050,0.706,-0.523,-0.048,0.880,-44.5,5.1,91.4,101.79,WALKING
21100,0.634,-0.423,-0.092,0.768,-47.5,10.4,69.7,84.99,WALKING
21150,0.597,-0.364,-0.101,0.706,-45.9,7.9,33.5,57.37,WALKING
21200,0.657,-0.357,-0.146,0.762,-14.4,0.0,-9.5,17.25,WALKING
21250,0.778,-0.417,-0.146,0.895,11.6,-9.8,-49.2,51.49,WALKING
21300,0.925,-0.454,-0.150,1.041,26.9,-18.0,-84.3,90.30,WALKING
21350,1.286,-0.554,-0.108,1.404,61.1,-18.4,-126.4,141.59,WALKING
21400,1.105,-0.556,-0.081,1.240,85.8,-21.9,-157.0,180.25,WALKING
21450,0.577,-0.715,-0.157,0.932,42.2,12.3,-103.4,112.36,WALKING
21500,0.666,-0.611,-0.140,0.915,-22.8,38.5,-64.2,78.25,WALKING
21550,1.119,-0.490,-0.254,1.248,-12.4,-1.7,-74.2,75.25,WALKING
21600,0.979,-0.546,-0.118,1.127,109.1,-45.6,-57.9,131.66,WALKING
21650,0.685,-0.690,-0.084,0.976,87.4,-7.2,-27.5,91.91,WALKING
21700,0.683,-0.595,-0.236,0.936,-9.7,26.2,-17.2,32.81,WALKING
21750,0.722,-0.452,-0.324,0.911,42.4,12.3,-14.4,46.44,WALKING
21800,0.677,-0.585,-0.256,0.931,71.1,-15.1,4.9,72.85,WALKING
21850,0.691,-0.686,-0.250,1.005,35.3,-6.4,25.7,44.13,WALKING
21900,0.794,-0.647,-0.204,1.044,0.1,3.7,35.2,35.39,WALKING
21950,1.258,-0.725,-0.248,1.473,-21.0,-3.4,16.7,27.05,WALKING
22000,0.946,-0.674,-0.091,1.165,44.8,-25.9,68.3,85.69,WALKING
22050,0.928,-0.721,-0.174,1.188,42.8,-3.7,133.7,140.43,WALKING
22100,1.159,-0.624,-0.243,1.339,-12.6,3.6,134.6,135.24,WALKING
22150,1.139,-0.427,-0.160,1.227,-13.4,-27.5,119.7,123.55,WALKING
22200,0.993,-0.409,-0.216,1.095,3.2,-39.4,103.4,110.70,WALKING
22250,0.752,-0.415,-0.140,0.870,-8.8,-33.7,84.9,91.77,WALKING
22300,0.693,-0.336,-0.145,0.784,-14.4,-29.2,50.5,60.09,WALKING
22350,0.664,-0.305,-0.140,0.744,4.7,-39.7,-2.1,40.03,WALKING
22400,0.694,-0.351,-0.084,0.782,36.1,-52.6,-54.1,83.65,WALKING
22450,0.777,-0.427,-0.064,0.889,55.9,-59.3,-104.6,132.60,WALKING
22500,0.781,-0.503,-0.051,0.930,61.6,-56.4,-138.8,161.99,WALKING
22550,1.024,-0.635,-0.005,1.205,58.5,-50.6,-168.6,185.50,WALKING
22600,1.252,-0.645,-0.069,1.410,45.2,-67.2,-182.9,200.03,WALKING
22650,0.912,-0.736,0.000,1.172,76.5,-60.9,-98.4,138.72,WALKING
22700,1.041,-0.548,-0.114,1.182,43.8,-42.0,-45.0,75.55,WALKING
22750,0.905,-0.367,-0.040,0.977,106.1,-62.3,-42.4,130.14,WALKING
22800,0.740,-0.552,-0.044,0.924,140.0,-51.4,-55.7,159.20,WALKING
22850,0.694,-0.598,-0.124,0.924,76.3,-23.8,-59.1,99.40,WALKING
22900,0.721,-0.655,-0.243,1.004,80.3,-4.8,-46.0,92.67,WALKING
22950,0.706,-0.652,-0.300,1.007,45.2,-4.3,-22.3,50.58,WALKING
23000,0.700,-0.675,-0.340,1.030,42.2,-1.3,-3.9,42.40,WALKING
23050,0.715,-0.669,-0.333,1.034,33.6,1.5,7.8,34.53,WALKING
23100,1.077,-0.816,-0.331,1.391,28.2,3.4,3.2,28.58,WALKING
23150,1.071,-0.726,-0.264,1.321,31.1,-21.2,24.1,44.69,WALKING
23200,0.775,-0.705,-0.203,1.067,52.9,-7.2,93.8,107.93,WALKING
23250,0.885,-0.675,-0.209,1.132,7.7,10.5,120.8,121.50,WALKING
23300,1.025,-0.544,-0.201,1.178,-41.3,-4.5,107.7,115.43,WALKING
23350,0.978,-0.462,-0.215,1.103,4.2,-26.8,92.9,96.78,WALKING
23400,0.825,-0.528,-0.131,0.988,5.4,-21.3,84.3,87.12,WALKING
23450,0.707,-0.461,-0.067,0.847,-8.6,-8.0,75.9,76.80,WALKING
23500,0.665,-0.410,-0.099,0.787,-39.2,8.1,35.8,53.70,WALKING
23550,0.694,-0.358,-0.152,0.796,-20.2,-5.0,17.9,27.45,WALKING
23600,0.735,-0.357,-0.127,0.827,-9.1,-19.8,-22.3,31.18,WALKING
23650,0.849,-0.413,-0.115,0.951,12.8,-25.9,-65.4,71.50,WALKING
23700,0.868,-0.455,-0.117,0.987,21.3,-27.0,-100.7,106.41,WALKING
23750,1.120,-0.551,-0.135,1.255,45.4,-19.8,-132.2,141.17,WALKING
23800,0.902,-0.555,-0.142,1.069,64.9,-24.4,-142.8,158.74,WALKING
23850,0.674,-0.663,-0.208,0.968,54.0,-10.7,-97.2,111.71,WALKING
23900,1.081,-0.541,-0.212,1.227,32.5,-34.3,-76.8,90.17,WALKING
23950,0.988,-0.525,-0.039,1.120,128.5,-74.0,-57.1,158.90,WALKING
24000,0.809,-0.631,-0.085,1.029,137.5,-45.0,-33.8,148.57,WALKING
24050,0.752,-0.514,-0.112,0.918,57.1,-20.2,-30.5,67.81,WALKING
24100,0.792,-0.500,-0.189,0.956,79.0,-11.6,-38.7,88.73,WALKING
24150,0.788,-0.582,-0.258,1.013,66.8,-12.3,-34.0,75.96,WALKING
24200,0.701,-0.614,-0.271,0.970,42.7,-0.2,-20.1,47.19,WALKING
24250,0.735,-0.654,-0.346,1.043,4.5,7.9,-8.2,12.24,WALKING
24300,0.796,-0.656,-0.298,1.074,10.2,-5.2,4.6,12.34,WALKING
24350,1.183,-0.777,-0.326,1.452,8.4,-15.3,4.4,18.00,WALKING
24400,0.915,-0.734,-0.183,1.187,37.1,-24.0,44.4,62.64,WALKING
24450,0.766,-0.723,-0.143,1.063,10.7,-1.0,108.3,108.83,WALKING
24500,0.930,-0.587,-0.199,1.118,-42.1,13.5,112.8,121.15,WALKING
24550,1.029,-0.482,-0.155,1.147,-46.1,-15.6,92.2,104.26,WALKING
24600,0.953,-0.467,-0.115,1.067,9.8,-35.9,84.1,91.97,WALKING
24650,0.824,-0.484,-0.095,0.960,2.5,-29.3,84.5,89.47,WALKING
24700,0.726,-0.446,-0.079,0.856,-41.0,-7.7,74.7,85.56,WALKING
24750,0.671,-0.382,-0.105,0.779,-24.5,-0.5,49.7,55.41,WALKING
24800,0.688,-0.342,-0.114,0.777,-8.2,-13.8,7.6,17.76,WALKING
24850,0.770,-0.355,-0.108,0.855,23.8,-24.3,-43.4,55.14,WALKING
24900,0.852,-0.431,-0.111,0.961,47.6,-28.7,-84.5,101.14,WALKING
24950,0.975,-0.547,-0.097,1.122,51.5,-21.0,-112.8,125.77,WALKING
25000,1.256,-0.500,-0.213,1.369,56.0,-25.4,-151.0,163.04,WALKING
25050,0.706,-0.679,-0.183,0.996,89.0,-31.2,-117.1,150.36,WALKING
25100,0.790,-0.735,-0.184,1.095,54.2,-15.6,-63.2,84.71,WALKING
25150,1.013,-0.534,-0.203,1.163,48.5,-48.3,-60.6,91.42,WALKING
25200,0.782,-0.708,-0.057,1.056,93.9,-58.1,-49.1,120.85,WALKING
25250,0.672,-0.730,-0.153,1.004,43.4,-22.7,-33.3,59.23,WALKING
25300,0.640,-0.628,-0.180,0.915,17.1,-2.5,-19.3,25.91,WALKING
25350,0.647,-0.629,-0.259,0.939,47.0,-1.7,-1.4,47.05,WALKING
25400,0.638,-0.642,-0.254,0.940,33.1,-0.9,16.1,36.82,WALKING
25450,0.708,-0.644,-0.271,0.995,7.7,15.0,22.1,27.80,WALKING
25500,0.809,-0.637,-0.282,1.068,-13.1,18.2,19.6,29.78,WALKING
25550,1.023,-0.709,-0.297,1.280,-10.0,10.5,17.3,22.57,WALKING
25600,0.995,-0.668,-0.228,1.220,18.0,-2.3,22.9,29.22,WALKING
25650,0.796,-0.697,-0.178,1.073,13.6,7.0,62.0,63.86,WALKING
25700,0.854,-0.631,-0.149,1.072,-30.8,17.9,90.8,97.54,WALKING
25750,1.049,-0.559,-0.162,1.200,-38.6,-0.4,85.0,93.35,WALKING
25800,0.957,-0.526,-0.170,1.105,4.3,-27.1,81.1,85.62,WALKING
25850,0.782,-0.561,-0.093,0.967,-5.6,-11.7,80.6,81.64,WALKING
25900,0.707,-0.500,-0.112,0.873,-20.7,-1.4,63.0,66.33,WALKING
25950,0.675,-0.438,-0.144,0.817,-34.7,-5.0,32.8,48.01,WALKING
26000,0.683,-0.415,-0.170,0.817,-15.6,-19.8,3.0,25.39,WALKING
26050,0.755,-0.395,-0.150,0.865,18.5,-36.1,-29.6,50.22,WALKING
26100,0.893,-0.461,-0.106,1.011,40.1,-44.3,-67.1,89.85,WALKING
26150,0.878,-0.505,-0.085,1.016,51.5,-45.0,-95.4,117.38,WALKING
26200,1.227,-0.555,-0.130,1.353,56.5,-42.4,-133.1,150.68,WALKING
26250,0.741,-0.645,-0.094,0.987,37.8,-42.0,-123.6,135.90,WALKING
26300,0.762,-0.631,-0.082,0.993,22.1,-15.4,-64.6,69.99,WALKING
26350,1.092,-0.456,-0.101,1.188,43.3,-37.6,-69.5,90.10,WALKING
26400,0.817,-0.581,-0.036,1.003,130.6,-52.8,-61.5,153.71,WALKING
26450,0.727,-0.651,-0.134,0.985,93.4,-26.6,-51.1,109.74,WALKING
26500,0.747,-0.555,-0.212,0.954,62.2,-10.7,-55.6,84.11,WALKING
26550,0.769,-0.588,-0.284,1.009,77.2,-10.2,-43.7,89.29,WALKING
26600,0.702,-0.612,-0.274,0.971,57.6,-11.8,-21.7,62.67,WALKING
26650,0.679,-0.608,-0.318,0.965,38.2,-8.4,-0.4,39.11,WALKING
26700,0.733,-0.646,-0.307,1.024,38.7,-11.1,8.8,41.21,WALKING
26750,0.969,-0.773,-0.273,1.269,37.6,-10.1,19.3,43.45,WALKING
26800,1.154,-0.710,-0.284,1.384,20.0,-17.7,25.1,36.65,WALKING
26850,0.723,-0.655,-0.166,0.990,61.5,-19.9,88.6,109.67,WALKING
26900,0.895,-0.697,-0.167,1.147,11.8,2.3,113.1,113.74,WALKING
26950,1.119,-0.589,-0.213,1.282,-17.0,-24.7,96.9,101.43,WALKING
27000,0.967,-0.606,-0.183,1.156,26.6,-33.9,105.7,114.15,WALKING
27050,0.832,-0.553,-0.234,1.026,22.1,-21.6,115.2,119.27,WALKING
27100,0.666,-0.442,-0.115,0.808,-31.6,-8.5,98.4,103.70,WALKING
27150,0.615,-0.341,-0.140,0.717,-32.4,-13.6,50.2,61.28,WALKING
27200,0.624,-0.341,-0.123,0.722,-8.7,-24.6,-6.7,26.94,WALKING
27250,0.702,-0.361,-0.123,0.799,21.1,-27.3,-61.1,70.17,WALKING
27300,0.759,-0.451,-0.119,0.891,34.3,-26.3,-110.4,118.56,WALKING
27350,0.875,-0.514,-0.117,1.022,27.0,-23.3,-145.4,149.71,WALKING
27400,1.204,-0.601,-0.118,1.351,49.3,-25.1,-169.6,178.39,WALKING
27450,1.178,-0.690,-0.068,1.367,69.9,-37.3,-172.3,189.64,WALKING
27500,0.696,-0.787,-0.086,1.054,27.0,-6.2,-107.8,111.30,WALKING
27550,0.912,-0.681,-0.210,1.157,-46.2,12.7,-64.7,80.51,WALKING
27600,0.963,-0.470,-0.243,1.099,24.8,-29.1,-51.3,63.98,WALKING
27650,0.732,-0.745,-0.139,1.054,122.3,-35.7,-30.0,130.89,WALKING
27700,0.650,-0.779,-0.184,1.031,39.2,-9.1,-8.5,41.13,WALKING
27750,0.713,-0.678,-0.259,1.017,0.2,10.1,9.5,13.87,WALKING
27800,0.793,-0.640,-0.288,1.059,28.9,4.6,36.0,46.39,WALKING
27850,0.795,-0.602,-0.272,1.034,21.6,-1.1,63.0,66.61,WALKING
27900,0.775,-0.618,-0.200,1.011,-0.8,7.7,72.1,72.51,WALKING
27950,0.835,-0.570,-0.201,1.031,-13.4,7.4,63.1,64.93,WALKING
28000,0.951,-0.678,-0.119,1.174,4.2,8.1,53.6,54.37,WALKING
28050,1.012,-0.735,-0.161,1.261,-0.3,13.8,55.5,57.19,WALKING
28100,0.865,-0.748,-0.132,1.151,-11.8,22.1,95.9,99.12,WALKING
28150,1.016,-0.664,-0.172,1.226,-39.6,20.2,115.0,123.29,WALKING
28200,1.001,-0.535,-0.186,1.150,-27.0,-7.3,102.1,105.86,WALKING
28250,0.803,-0.517,-0.113,0.962,-12.9,-12.5,86.3,88.15,WALKING
28300,0.667,-0.450,-0.121,0.814,-14.9,-1.6,61.8,63.59,WALKING
28350,0.587,-0.395,-0.112,0.716,-31.3,0.3,31.9,44.69,WALKING
28400,0.610,-0.395,-0.135,0.739,-18.6,-11.4,-1.1,21.84,WALKING
28450,0.685,-0.434,-0.095,0.816,12.8,-26.6,-40.7,50.28,WALKING
28500,0.797,-0.523,-0.075,0.956,40.3,-32.7,-84.3,98.99,WALKING
28550,0.878,-0.569,-0.063,1.048,47.9,-36.8,-106.8,122.70,WALKING
28600,0.894,-0.580,-0.066,1.068,44.5,-32.8,-118.9,131.12,WALKING
28650,1.108,-0.632,0.000,1.276,50.4,-30.8,-142.9,154.63,WALKING
28700,1.118,-0.551,-0.081,1.249,69.9,-44.9,-164.2,184.02,WALKING
28750,0.767,-0.761,-0.130,1.088,50.2,-19.1,-108.9,121.43,WALKING
28800,1.011,-0.549,-0.185,1.165,-1.6,-14.7,-79.5,80.86,WALKING
28850,0.954,-0.544,-0.129,1.106,103.8,-45.9,-67.4,132.00,WALKING
28900,0.699,-0.733,-0.127,1.021,110.0,-36.8,-36.4,121.57,WALKING
28950,0.618,-0.697,-0.190,0.951,43.6,-11.5,-15.8,47.78,WALKING
29000,0.691,-0.617,-0.264,0.963,61.9,-0.1,1.1,61.91,WALKING
29050,0.704,-0.630,-0.224,0.971,57.4,2.6,20.3,60.94,WALKING
29100,0.743,-0.561,-0.205,0.953,23.8,5.2,40.6,47.35,WALKING
29150,0.876,-0.576,-0.270,1.083,17.2,-5.6,52.1,55.15,WALKING
29200,0.884,-0.623,-0.215,1.103,10.8,-20.2,59.4,63.66,WALKING
29250,1.048,-0.721,-0.220,1.291,88.9,0.9,61.6,108.16,WALKING
29300,0.933,-0.630,-0.227,1.148,54.1,-10.3,68.2,87.66,WALKING
29350,0.769,-0.699,-0.122,1.046,28.9,-9.1,104.3,108.61,WALKING
29400,1.005,-0.684,-0.203,1.233,7.4,4.9,100.1,100.49,WALKING
29450,0.977,-0.604,-0.125,1.155,-1.1,-10.7,74.1,74.88,WALKING
29500,0.748,-0.671,-0.057,1.006,14.7,-10.2,77.8,79.83,WALKING
29550,0.609,-0.528,-0.093,0.811,9.1,-12.8,71.8,73.50,WALKING
29600,0.608,-0.419,-0.111,0.747,-4.2,-17.8,36.4,40.74,WALKING
29650,0.617,-0.391,-0.110,0.739,4.8,-31.9,-4.9,32.63,WALKING
29700,0.697,-0.411,-0.082,0.813,8.4,-49.2,-42.7,65.68,WALKING
29750,0.842,-0.456,-0.088,0.962,29.9,-57.5,-86.1,107.77,WALKING
29800,0.930,-0.470,-0.053,1.043,46.6,-66.3,-141.7,163.24,WALKING
29850,0.962,-0.544,-0.018,1.105,54.9,-72.4,-141.5,168.16,WALKING
29900,1.434,-0.549,0.043,1.536,68.6,-89.8,-181.2,213.55,WALKING
29950,0.752,-0.774,0.039,1.080,76.5,-61.6,-136.9,168.49,WALKING
Recording stopped

Samples dumped: 600
