
Recording started
time,accelX,accelY,accelZ,accelMagnitude,gyroX,gyroY,gyroZ,gyroMagnitude,activity
0,0.779,-0.582,-0.204,0.994,2.1,-3.2,-4.1,5.61,WALKING
50,0.771,-0.580,-0.206,0.987,-0.1,-3.2,-2.3,3.94,WALKING
100,0.752,-0.568,-0.207,0.965,-1.1,-0.5,-5.1,5.24,WALKING
150,0.752,-0.580,-0.213,0.973,-0.4,0.3,-6.7,6.72,WALKING
200,0.771,-0.588,-0.211,0.992,-0.4,-1.1,-6.3,6.41,WALKING
250,0.818,-0.605,-0.208,1.038,-2.3,3.5,-7.2,8.33,WALKING
300,0.958,-0.656,-0.211,1.180,-16.9,4.7,3.1,17.81,WALKING
350,1.073,-0.632,-0.195,1.260,-48.0,31.2,9.6,58.05,WALKING
400,0.951,-0.537,-0.257,1.122,-75.3,36.4,24.8,87.24,WALKING
450,0.714,-0.436,-0.242,0.871,-37.5,25.4,25.6,52.03,WALKING
500,0.490,-0.395,-0.234,0.671,-24.7,12.1,12.6,30.25,WALKING
550,0.410,-0.391,-0.254,0.621,-4.3,-0.7,-12.3,13.05,WALKING
600,0.379,-0.447,-0.195,0.618,22.0,-21.4,-28.7,42.02,WALKING
650,0.547,-0.680,-0.231,0.903,68.6,-31.0,-30.1,81.07,WALKING
700,0.698,-1.001,-0.136,1.228,121.3,-33.1,-22.1,127.66,WALKING
750,0.759,-1.215,-0.061,1.434,92.5,-8.0,8.5,93.23,WALKING
800,0.664,-1.150,-0.183,1.340,1.1,27.0,47.3,54.47,WALKING
850,0.792,-0.983,-0.200,1.278,-16.3,26.6,64.4,71.56,WALKING
900,0.642,-0.727,-0.231,0.997,-13.3,21.1,87.1,90.60,WALKING
950,0.606,-0.573,-0.189,0.855,-39.0,22.4,54.6,70.74,WALKING
1000,0.776,-0.460,-0.147,0.914,-33.2,9.2,20.5,40.09,WALKING
1050,0.873,-0.416,-0.102,0.972,-15.1,-10.1,-25.5,31.31,WALKING
1100,0.934,-0.449,-0.092,1.040,1.4,-21.3,-56.3,60.21,WALKING
1150,0.990,-0.476,-0.033,1.099,-0.9,-15.9,-93.8,95.14,WALKING
1200,0.894,-0.546,-0.060,1.049,12.6,-10.2,-122.7,123.77,WALKING
1250,0.794,-0.609,-0.110,1.007,7.5,-2.3,-98.5,98.81,WALKING
1300,1.105,-0.609,-0.181,1.275,17.9,4.2,-74.2,76.44,WALKING
1350,0.935,-0.639,-0.229,1.155,42.0,-12.8,-51.6,67.75,WALKING
1400,0.671,-0.675,-0.257,0.986,22.1,-13.5,-18.6,31.88,WALKING
1450,0.608,-0.532,-0.333,0.874,7.9,-9.7,-10.9,16.59,WALKING
1500,0.670,-0.559,-0.366,0.946,34.6,-36.1,-8.1,50.66,WALKING
1550,0.704,-0.624,-0.285,0.983,36.3,-38.5,2.0,52.95,WALKING
1600,0.700,-0.643,-0.236,0.979,18.2,-23.8,20.0,36.02,WALKING
1650,0.749,-0.600,-0.204,0.981,-1.1,-13.4,27.6,30.70,WALKING
1700,0.794,-0.630,-0.126,1.021,10.5,-10.0,19.8,24.54,WALKING
1750,1.001,-0.773,-0.129,1.271,5.3,-9.3,-0.8,10.73,WALKING
1800,0.858,-0.840,0.004,1.201,-24.9,8.4,32.1,41.48,WALKING
1850,0.948,-0.740,-0.035,1.203,-66.8,30.3,63.6,97.08,WALKING
1900,0.997,-0.655,-0.080,1.196,-66.0,29.4,84.2,110.95,WALKING
1950,0.929,-0.545,-0.067,1.079,-47.6,23.5,108.6,120.88,WALKING
2000,0.874,-0.486,-0.087,1.004,-34.1,12.8,104.1,110.29,WALKING
2050,0.798,-0.423,-0.067,0.906,-24.7,6.0,89.9,93.42,WALKING
2100,0.729,-0.410,-0.073,0.840,-31.5,8.7,62.4,70.44,WALKING
2150,0.671,-0.324,-0.102,0.752,-29.7,10.3,23.2,39.07,WALKING
2200,0.750,-0.368,-0.157,0.850,-14.9,12.0,-32.5,37.71,WALKING
2250,0.880,-0.422,-0.178,0.992,-15.6,3.9,-66.4,68.32,WALKING
2300,1.122,-0.308,-0.213,1.183,23.7,-21.2,-109.5,114.02,WALKING
2350,0.928,-0.604,-0.199,1.125,78.9,-14.9,-98.3,126.93,WALKING
2400,1.037,-0.523,-0.278,1.194,12.1,-9.3,-71.8,73.40,WALKING
2450,0.825,-0.311,-0.253,0.917,41.4,-27.7,-72.8,88.21,WALKING
2500,0.710,-0.531,-0.162,0.901,68.1,-28.0,-74.7,104.89,WALKING
2550,0.707,-0.579,-0.170,0.930,14.0,-9.3,-74.5,76.37,WALKING
2600,0.738,-0.635,-0.207,0.995,12.1,1.8,-61.3,62.51,WALKING
2650,0.737,-0.678,-0.225,1.026,-2.6,5.4,-27.3,27.95,WALKING
2700,0.782,-0.678,-0.251,1.065,10.7,8.6,-15.8,20.93,WALKING
2750,0.760,-0.747,-0.229,1.090,18.9,7.1,4.9,20.78,WALKING
2800,1.004,-0.819,-0.283,1.326,3.6,9.6,15.1,18.25,WALKING
2850,0.919,-0.790,-0.214,1.231,19.1,1.6,54.4,57.68,WALKING
2900,0.934,-0.717,-0.103,1.182,-5.2,9.6,93.8,94.43,WALKING
2950,1.018,-0.646,-0.123,1.212,-28.3,11.7,94.4,99.24,WALKING
3000,0.947,-0.608,-0.077,1.128,-43.4,16.6,93.5,104.41,WALKING
3050,0.874,-0.568,-0.095,1.047,-51.1,19.1,110.1,122.87,WALKING
3100,0.873,-0.499,-0.128,1.014,-61.4,16.8,117.3,133.46,WALKING
3150,0.856,-0.403,-0.130,0.955,-49.8,2.8,100.1,111.84,WALKING
3200,0.813,-0.374,-0.138,0.905,-12.0,-11.9,69.8,71.82,WALKING
3250,0.863,-0.376,-0.166,0.956,4.9,-24.1,22.9,33.60,WALKING
3300,0.818,-0.339,-0.189,0.905,26.2,-35.8,-20.7,48.95,WALKING
3350,0.938,-0.446,-0.178,1.054,39.9,-37.3,-75.3,93.02,WALKING
3400,0.509,-0.485,-0.174,0.724,47.2,-20.4,-105.2,117.09,WALKING
3450,0.598,-0.586,-0.195,0.860,26.0,-17.0,-92.6,97.67,WALKING
3500,0.981,-0.477,-0.223,1.113,10.0,-44.9,-112.0,121.08,WALKING
3550,0.906,-0.591,-0.107,1.087,119.2,-74.2,-114.5,181.18,WALKING
3600,0.790,-0.784,-0.117,1.119,88.1,-46.9,-76.3,125.63,WALKING
3650,0.744,-0.689,-0.183,1.030,22.1,-13.6,-47.6,54.21,WALKING
3700,0.716,-0.607,-0.257,0.973,32.2,-7.7,-33.8,47.31,WALKING
3750,0.668,-0.665,-0.228,0.970,47.4,-8.7,-31.2,57.41,WALKING
3800,0.651,-0.720,-0.254,1.003,31.8,-0.1,-30.5,44.06,WALKING
3850,0.639,-0.777,-0.262,1.040,5.3,15.4,-23.6,28.67,WALKING
3900,1.078,-0.923,-0.356,1.463,-23.1,24.9,-24.8,42.06,WALKING
3950,0.870,-0.823,-0.218,1.217,-9.6,3.1,23.8,25.85,WALKING
4000,0.944,-0.787,-0.150,1.238,-35.8,10.2,87.0,94.63,WALKING
4050,1.138,-0.657,-0.216,1.332,-31.3,-2.4,96.5,101.48,WALKING
4100,0.956,-0.588,-0.109,1.128,-7.4,-10.5,113.6,114.32,WALKING
4150,0.820,-0.561,-0.067,0.996,-9.1,-3.5,130.6,130.96,WALKING
4200,0.800,-0.486,-0.084,0.940,-46.3,13.5,125.2,134.17,WALKING
4250,0.724,-0.390,-0.091,0.827,-38.6,7.2,105.0,112.10,WALKING
4300,0.659,-0.371,-0.127,0.767,-27.0,7.6,68.1,73.65,WALKING
4350,0.686,-0.353,-0.148,0.786,-13.1,1.5,12.8,18.38,WALKING
4400,0.776,-0.352,-0.187,0.872,10.0,-14.0,-50.3,53.16,WALKING
4450,0.858,-0.507,-0.209,1.018,41.0,-21.0,-91.9,102.80,WALKING
4500,1.039,-0.486,-0.225,1.169,46.2,-34.9,-140.8,152.24,WALKING
4550,0.752,-0.656,-0.210,1.020,55.4,-27.7,-129.4,143.46,WALKING
4600,0.988,-0.679,-0.259,1.226,2.3,-10.2,-100.1,100.64,WALKING
4650,0.920,-0.424,-0.269,1.048,31.5,-42.3,-93.6,107.44,WALKING
4700,0.763,-0.619,-0.096,0.987,102.6,-55.9,-75.8,139.27,WALKING
4750,0.697,-0.661,-0.091,0.965,79.7,-33.8,-66.0,108.86,WALKING
4800,0.643,-0.672,-0.163,0.944,50.6,-21.0,-53.0,76.23,WALKING
4850,0.637,-0.717,-0.247,0.990,33.6,-0.4,-35.5,48.88,WALKING
4900,0.670,-0.709,-0.275,1.014,18.6,7.1,-21.5,29.30,WALKING
4950,0.712,-0.764,-0.259,1.076,23.2,4.8,-14.7,27.88,WALKING
5000,1.168,-0.839,-0.293,1.468,11.5,4.0,-7.8,14.46,WALKING
5050,0.926,-0.789,-0.154,1.226,36.1,-3.7,39.1,53.35,WALKING
5100,0.903,-0.795,-0.168,1.215,12.5,20.0,125.6,127.80,WALKING
5150,1.199,-0.638,-0.277,1.386,7.9,15.2,144.8,145.81,WALKING
5200,1.033,-0.514,-0.219,1.174,6.4,-3.1,140.2,140.38,WALKING
5250,0.798,-0.533,-0.136,0.969,8.3,-7.4,142.7,143.13,WALKING
5300,0.746,-0.445,-0.305,0.921,-40.5,1.8,120.6,127.23,WALKING
5350,0.696,-0.384,-0.243,0.831,-8.9,-10.9,87.1,88.23,WALKING
5400,0.644,-0.342,-0.220,0.762,9.8,-37.4,47.4,61.17,WALKING
5450,0.733,-0.347,-0.222,0.841,12.5,-49.3,-7.9,51.47,WALKING
5500,0.765,-0.356,-0.205,0.868,27.6,-63.7,-67.2,96.62,WALKING
5550,0.769,-0.443,-0.178,0.905,50.8,-79.2,-108.3,143.46,WALKING
5600,1.165,-0.440,-0.142,1.253,63.3,-102.7,-176.4,213.71,WALKING
5650,1.073,-0.667,-0.058,1.265,127.9,-112.0,-172.3,242.05,WALKING
5700,1.080,-0.663,-0.021,1.267,103.3,-110.7,-125.7,196.79,WALKING
5750,0.969,-0.589,0.092,1.138,89.5,-103.7,-115.0,178.85,WALKING
5800,0.831,-0.719,0.067,1.101,115.5,-83.1,-111.8,180.96,WALKING
5850,0.768,-0.779,-0.042,1.095,58.2,-50.2,-102.2,127.88,WALKING
5900,0.668,-0.772,-0.150,1.032,46.8,-28.0,-77.9,95.09,WALKING
5950,0.674,-0.805,-0.187,1.066,25.2,-11.6,-51.1,58.14,WALKING
6000,0.692,-0.808,-0.264,1.096,33.3,-1.5,-35.8,48.92,WALKING
6050,0.817,-0.872,-0.261,1.223,29.6,2.5,-13.8,32.75,WALKING
6100,1.021,-0.855,-0.338,1.374,30.1,0.4,8.5,31.28,WALKING
6150,0.758,-0.829,-0.215,1.144,42.4,3.1,87.7,97.46,WALKING
6200,0.929,-0.750,-0.231,1.216,15.0,34.3,129.2,134.51,WALKING
6250,1.050,-0.634,-0.254,1.253,-25.6,19.8,137.2,140.97,WALKING
6300,0.969,-0.577,-0.202,1.146,-3.0,-2.7,138.3,138.36,WALKING
6350,0.763,-0.645,-0.161,1.012,3.5,1.0,144.2,144.25,WALKING
6400,0.700,-0.475,-0.183,0.866,-27.4,15.3,121.0,125.00,WALKING
6450,0.630,-0.422,-0.174,0.778,-27.5,7.4,81.5,86.33,WALKING
6500,0.642,-0.372,-0.186,0.765,-13.7,-3.1,31.6,34.58,WALKING
6550,0.739,-0.390,-0.185,0.856,-3.2,-23.4,-23.3,33.18,WALKING
6600,0.803,-0.403,-0.191,0.919,23.3,-32.9,-74.0,84.27,WALKING
6650,0.747,-0.486,-0.130,0.901,23.8,-43.8,-105.6,116.77,WALKING
6700,0.947,-0.517,-0.155,1.090,34.9,-42.7,-150.7,160.47,WALKING
6750,0.884,-0.664,-0.150,1.116,47.2,-29.3,-152.3,162.12,WALKING
6800,1.090,-0.717,-0.159,1.314,7.0,-27.7,-118.8,122.19,WALKING
6850,0.998,-0.613,-0.247,1.197,-9.3,-37.1,-97.3,104.55,WALKING
6900,0.752,-0.741,-0.155,1.067,37.3,-22.0,-75.8,87.30,WALKING
6950,0.646,-0.717,-0.229,0.992,2.1,-0.7,-61.1,61.14,WALKING
7000,0.644,-0.706,-0.299,1.001,9.6,-1.7,-42.0,43.12,WALKING
7050,0.640,-0.709,-0.276,0.994,16.8,-2.8,-14.7,22.50,WALKING
7100,0.680,-0.718,-0.264,1.024,14.7,-1.8,10.2,17.98,WALKING
7150,0.760,-0.712,-0.242,1.069,8.7,1.8,27.7,29.09,WALKING
7200,1.013,-0.713,-0.257,1.265,17.0,-1.4,41.9,45.24,WALKING
7250,0.905,-0.761,-0.166,1.194,33.8,4.0,63.4,71.96,WALKING
7300,0.927,-0.744,-0.110,1.194,-7.8,21.7,99.5,102.14,WALKING
7350,1.082,-0.623,-0.142,1.257,-36.8,2.1,112.0,117.91,WALKING
7400,1.022,-0.565,-0.131,1.175,-13.2,-0.7,118.2,118.94,WALKING
7450,0.876,-0.498,-0.106,1.013,-15.2,2.0,122.2,123.16,WALKING
7500,0.817,-0.472,-0.134,0.953,-45.8,16.4,106.3,116.90,WALKING
7550,0.736,-0.390,-0.131,0.843,-34.9,5.6,75.3,83.18,WALKING
7600,0.674,-0.348,-0.151,0.773,-18.0,-13.7,35.9,42.43,WALKING
7650,0.679,-0.345,-0.143,0.775,0.9,-24.5,-20.1,31.70,WALKING
7700,0.758,-0.362,-0.140,0.852,18.6,-38.9,-72.2,84.10,WALKING
7750,0.706,-0.465,-0.094,0.851,37.3,-39.9,-101.7,115.44,WALKING
7800,1.159,-0.523,-0.167,1.282,48.5,-41.4,-170.1,181.66,WALKING
7850,0.807,-0.731,-0.126,1.096,64.3,-50.1,-155.0,175.13,WALKING
7900,0.969,-0.750,-0.177,1.238,24.5,-26.9,-92.9,99.77,WALKING
7950,0.956,-0.502,-0.181,1.095,57.8,-46.4,-78.9,108.25,WALKING
8000,0.755,-0.749,-0.157,1.075,116.9,-36.8,-69.0,140.64,WALKING
8050,0.688,-0.744,-0.227,1.038,32.2,-7.0,-53.7,63.00,WALKING
8100,0.624,-0.674,-0.293,0.964,44.9,-2.9,-30.7,54.47,WALKING
8150,0.562,-0.691,-0.299,0.940,30.1,-0.9,-7.0,30.92,WALKING
8200,0.638,-0.658,-0.312,0.968,28.2,-4.4,-3.3,28.73,WALKING
8250,0.744,-0.708,-0.228,1.052,24.0,4.9,-7.1,25.50,WALKING
8300,1.239,-0.816,-0.371,1.529,5.3,2.3,-19.8,20.63,WALKING
8350,0.883,-0.778,-0.211,1.196,17.6,-4.4,63.0,65.56,WALKING
8400,1.045,-0.674,-0.199,1.259,-2.8,10.0,111.8,112.28,WALKING
8450,1.046,-0.655,-0.257,1.261,10.7,-4.8,123.9,124.45,WALKING
8500,0.935,-0.692,-0.269,1.194,-3.1,-4.9,157.0,157.11,WALKING
8550,0.865,-0.507,-0.253,1.034,1.6,-9.9,166.7,167.00,WALKING
8600,0.726,-0.433,-0.195,0.868,-19.1,-17.3,134.9,137.34,WALKING
8650,0.629,-0.410,-0.145,0.765,-25.9,-24.6,80.9,88.44,WALKING
8700,0.623,-0.424,-0.103,0.761,-17.7,-27.8,26.1,42.04,WALKING
8750,0.742,-0.385,-0.110,0.843,-17.0,-18.7,-27.0,36.98,WALKING
8800,0.740,-0.421,-0.103,0.858,-3.9,-17.0,-67.7,69.91,WALKING
8850,0.830,-0.445,-0.149,0.953,5.4,-7.2,-90.2,90.65,WALKING
8900,0.931,-0.370,-0.127,1.010,41.7,-28.5,-164.4,171.98,WALKING
8950,0.762,-0.688,-0.188,1.044,69.0,-19.0,-155.0,170.72,WALKING
9000,0.988,-0.643,-0.265,1.208,5.6,-11.9,-142.9,143.50,WALKING
9050,0.929,-0.528,-0.278,1.104,33.9,-35.3,-141.4,149.63,WALKING
9100,0.830,-0.798,-0.198,1.168,87.0,-38.3,-117.6,151.21,WALKING
9150,0.733,-0.797,-0.207,1.102,24.7,-14.1,-78.5,83.49,WALKING
9200,0.729,-0.758,-0.299,1.093,41.6,-2.0,-36.8,55.58,WALKING
9250,0.703,-0.755,-0.319,1.080,51.1,2.6,-10.0,52.13,WALKING
9300,0.723,-0.848,-0.394,1.182,20.0,13.3,2.4,24.14,WALKING
9350,0.787,-0.811,-0.388,1.195,-4.2,15.9,23.0,28.27,WALKING
9400,1.062,-0.823,-0.376,1.395,-0.8,2.3,39.2,39.28,WALKING
9450,0.845,-0.788,-0.257,1.184,-23.7,12.2,73.5,78.18,WALKING
9500,0.983,-0.757,-0.178,1.253,-48.4,16.7,121.0,131.39,WALKING
9550,1.189,-0.598,-0.167,1.341,-69.8,-8.3,125.5,143.84,WALKING
9600,0.991,-0.578,-0.056,1.149,-16.1,-22.4,133.0,135.83,WALKING
9650,0.810,-0.583,-0.017,0.998,-40.8,-9.0,135.3,141.60,WALKING
9700,0.764,-0.454,0.002,0.889,-33.0,-5.8,117.9,122.57,WALKING
9750,0.678,-0.381,-0.022,0.778,-48.5,4.9,89.4,101.83,WALKING
9800,0.636,-0.366,-0.055,0.736,-39.5,12.4,48.7,63.92,WALKING
9850,0.688,-0.356,-0.102,0.781,-24.2,9.8,5.8,26.75,WALKING
9900,0.730,-0.353,-0.151,0.825,3.9,10.9,-45.9,47.34,WALKING
9950,0.814,-0.448,-0.205,0.951,28.4,10.9,-95.6,100.32,WALKING
10000,1.007,-0.467,-0.280,1.145,32.1,1.5,-152.9,156.24,WALKING
10050,0.709,-0.642,-0.292,1.000,45.2,1.4,-146.5,153.32,WALKING
10100,0.802,-0.774,-0.183,1.129,10.9,14.5,-110.2,111.68,WALKING
10150,1.074,-0.550,-0.328,1.250,-0.9,-8.6,-121.3,121.61,WALKING
10200,0.839,-0.805,-0.233,1.186,38.6,-22.7,-100.8,110.30,WALKING
10250,0.724,-0.842,-0.289,1.147,-22.1,8.6,-71.6,75.42,WALKING
10300,0.745,-0.739,-0.354,1.107,-35.9,5.1,-45.4,58.10,WALKING
10350,0.745,-0.739,-0.302,1.092,-26.2,-1.8,-15.4,30.44,WALKING
10400,0.716,-0.817,-0.232,1.111,-29.5,4.0,21.0,36.43,WALKING
10450,0.764,-0.794,-0.208,1.121,-55.8,12.7,53.7,78.48,WALKING
10500,0.824,-0.715,-0.153,1.102,-61.1,16.4,74.1,97.43,WALKING
10550,1.128,-0.742,-0.077,1.352,-45.1,9.5,69.3,83.23,WALKING
10600,0.853,-0.755,0.047,1.140,-40.6,21.6,88.4,99.65,WALKING
10650,0.967,-0.661,0.127,1.178,-96.6,52.5,113.4,157.95,WALKING
10700,1.018,-0.569,0.072,1.168,-100.6,52.1,107.5,156.18,WALKING
10750,0.882,-0.618,0.069,1.079,-96.3,38.1,115.5,155.13,WALKING
10800,0.840,-0.570,0.067,1.017,-96.3,38.8,109.5,150.90,WALKING
10850,0.851,-0.484,0.016,0.979,-77.0,27.3,90.5,121.92,WALKING
10900,0.836,-0.447,-0.026,0.948,-35.4,17.5,72.3,82.38,WALKING
10950,0.815,-0.402,-0.071,0.912,-17.9,18.6,40.2,47.77,WALKING
11000,0.915,-0.396,-0.140,1.007,10.0,13.0,-14.0,21.56,WALKING
11050,1.079,-0.363,-0.208,1.157,18.6,9.3,-65.1,68.34,WALKING
11100,1.031,-0.290,-0.238,1.097,31.0,-2.1,-124.8,128.61,WALKING
11150,0.552,-0.429,-0.355,0.784,-13.8,15.4,-126.2,127.88,WALKING
11200,0.827,-0.340,-0.247,0.928,-62.2,31.8,-125.7,143.81,WALKING
11250,1.159,-0.339,-0.325,1.251,12.6,-6.0,-147.0,147.66,WALKING
11300,0.729,-0.665,-0.019,0.987,33.1,-15.6,-98.8,105.36,WALKING
11350,0.787,-0.530,-0.220,0.974,9.4,8.4,-39.7,41.65,WALKING
11400,0.744,-0.595,-0.234,0.981,48.0,-3.1,-24.9,54.16,WALKING
11450,0.711,-0.630,-0.277,0.990,57.4,1.1,2.0,57.45,WALKING
11500,0.711,-0.652,-0.266,1.001,46.1,9.8,25.5,53.59,WALKING
11550,0.779,-0.710,-0.294,1.094,21.5,22.2,40.3,50.79,WALKING
11600,0.848,-0.696,-0.281,1.132,7.8,25.2,56.5,62.35,WALKING
11650,1.260,-0.798,-0.354,1.533,-11.0,27.8,55.1,62.69,WALKING
11700,0.939,-0.712,-0.328,1.223,17.1,0.8,99.8,101.26,WALKING
11750,1.088,-0.685,-0.244,1.309,-6.7,5.4,167.5,167.72,WALKING
11800,1.310,-0.449,-0.287,1.414,-12.0,-18.9,154.4,156.01,WALKING
11850,0.949,-0.391,-0.190,1.044,20.7,-46.9,124.4,134.55,WALKING
11900,0.738,-0.446,-0.112,0.870,14.4,-22.1,115.6,118.57,WALKING
11950,0.617,-0.305,-0.108,0.697,-41.9,-6.0,83.7,93.79,WALKING
12000,0.563,-0.259,-0.115,0.630,-10.2,-21.8,30.4,38.77,WALKING
12050,0.696,-0.325,-0.103,0.775,16.8,-40.4,-30.1,53.11,WALKING
12100,0.921,-0.357,-0.078,0.991,48.5,-64.8,-88.7,120.08,WALKING
12150,0.939,-0.457,-0.049,1.045,76.3,-53.6,-129.2,159.33,WALKING
12200,1.297,-0.561,-0.037,1.414,76.0,-60.9,-153.7,181.96,WALKING
12250,0.985,-0.493,-0.028,1.102,78.8,-79.4,-186.3,217.31,WALKING
12300,0.890,-0.684,-0.052,1.124,80.5,-57.9,-121.1,156.52,WALKING
12350,1.127,-0.560,0.013,1.259,66.7,-69.6,-120.1,154.00,WALKING
12400,0.823,-0.683,0.022,1.070,127.6,-72.0,-107.4,181.66,WALKING
12450,0.701,-0.834,-0.060,1.091,119.3,-43.1,-78.4,149.12,WALKING
12500,0.701,-0.783,-0.204,1.071,51.6,-19.5,-50.1,74.52,WALKING
12550,0.649,-0.772,-0.239,1.036,58.1,-5.8,-25.2,63.59,WALKING
12600,0.641,-0.784,-0.279,1.050,40.6,1.9,8.9,41.61,WALKING
12650,0.687,-0.740,-0.338,1.065,16.9,15.6,16.2,28.13,WALKING
12700,1.069,-0.858,-0.293,1.402,28.4,19.6,21.8,40.82,WALKING
12750,1.070,-0.779,-0.365,1.373,14.3,7.1,48.9,51.44,WALKING
12800,0.825,-0.696,-0.255,1.109,24.3,2.6,130.0,132.28,WALKING
12850,1.172,-0.637,-0.325,1.373,13.0,-0.7,152.2,152.76,WALKING
12900,1.078,-0.430,-0.162,1.172,10.4,-47.1,116.2,125.81,WALKING
12950,0.748,-0.553,-0.081,0.934,34.2,-33.6,109.4,119.44,WALKING
13000,0.670,-0.496,-0.052,0.835,-19.3,0.4,96.0,97.92,WALKING
13050,0.651,-0.251,-0.157,0.715,-34.8,-3.2,56.5,66.43,WALKING
13100,0.638,-0.364,-0.132,0.746,-13.5,-22.6,19.8,32.94,WALKING
13150,0.704,-0.363,-0.110,0.800,-2.1,-31.2,-29.7,43.13,WALKING
13200,0.834,-0.387,-0.108,0.926,10.0,-41.5,-79.0,89.80,WALKING
13250,0.848,-0.495,-0.115,0.989,19.3,-28.9,-118.0,123.01,WALKING
13300,1.149,-0.541,-0.169,1.281,22.2,-27.8,-150.9,155.04,WALKING
13350,0.944,-0.570,-0.185,1.118,28.3,-42.0,-175.0,182.18,WALKING
13400,0.818,-0.670,-0.196,1.075,48.0,-29.0,-106.1,120.01,WALKING
13450,1.065,-0.541,-0.180,1.208,62.9,-49.7,-84.0,116.11,WALKING
13500,0.766,-0.697,-0.081,1.039,119.3,-60.2,-71.1,151.37,WALKING
13550,0.658,-0.749,-0.142,1.007,89.5,-29.9,-44.8,104.46,WALKING
13600,0.678,-0.704,-0.219,1.002,41.9,-9.2,-37.9,57.24,WALKING
13650,0.646,-0.710,-0.293,1.004,43.1,11.1,-21.3,49.34,WALKING
13700,0.630,-0.701,-0.305,0.991,18.2,10.4,6.7,22.01,WALKING
13750,0.653,-0.670,-0.313,0.987,11.4,14.9,15.6,24.40,WALKING
13800,0.709,-0.678,-0.288,1.022,2.0,13.8,18.5,23.17,WALKING
13850,1.111,-0.796,-0.271,1.393,14.0,20.1,14.4,28.41,WALKING
13900,1.040,-0.810,-0.235,1.339,-31.2,12.4,31.7,46.17,WALKING
13950,0.959,-0.753,-0.057,1.221,-34.6,17.2,91.2,99.05,WALKING
14000,1.243,-0.579,-0.184,1.384,-22.7,-0.4,112.9,115.16,WALKING
14050,1.011,-0.547,-0.101,1.154,-12.0,-7.8,123.0,123.83,WALKING
14100,0.914,-0.503,-0.150,1.054,-38.0,6.7,130.8,136.37,WALKING
14150,0.816,-0.412,-0.086,0.918,-65.2,8.0,120.4,137.15,WALKING
14200,0.755,-0.332,-0.148,0.838,-44.0,-3.2,93.9,103.75,WALKING
14250,0.641,-0.302,-0.144,0.723,-25.1,-13.1,50.5,57.90,WALKING
14300,0.694,-0.327,-0.149,0.782,-15.5,-14.8,-3.7,21.75,WALKING
14350,0.888,-0.325,-0.171,0.961,14.2,-24.6,-67.2,72.96,WALKING
14400,0.836,-0.419,-0.190,0.954,53.6,-33.4,-111.6,128.23,WALKING
14450,0.920,-0.490,-0.193,1.060,55.0,-33.4,-145.1,158.73,WALKING
14500,0.893,-0.473,-0.219,1.034,59.1,-40.3,-181.8,195.37,WALKING
14550,0.809,-0.674,-0.239,1.080,72.3,-29.3,-148.4,167.66,WALKING
14600,1.033,-0.619,-0.277,1.236,40.7,-42.7,-118.6,132.46,WALKING
14650,0.862,-0.614,-0.050,1.059,94.7,-61.1,-89.9,144.16,WALKING
14700,0.770,-0.764,-0.103,1.090,108.0,-43.3,-50.9,127.00,WALKING
14750,0.717,-0.698,-0.161,1.014,72.3,-21.6,-24.7,79.40,WALKING
14800,0.683,-0.719,-0.269,1.028,78.6,-2.5,-3.1,78.70,WALKING
14850,0.666,-0.699,-0.290,1.008,43.7,10.0,13.7,46.88,WALKING
14900,0.699,-0.677,-0.325,1.026,18.6,16.9,16.5,30.06,WALKING
14950,0.724,-0.648,-0.311,1.020,13.9,9.8,19.9,26.18,WALKING
15000,0.944,-0.787,-0.308,1.267,7.4,17.0,10.2,21.16,WALKING
15050,0.920,-0.801,-0.272,1.250,-8.6,11.7,24.1,28.14,WALKING
15100,0.932,-0.752,-0.152,1.207,-37.5,15.4,80.7,90.31,WALKING
15150,1.179,-0.613,-0.239,1.350,-46.5,5.1,106.1,115.95,WALKING
15200,1.080,-0.534,-0.161,1.216,-20.6,-9.8,110.2,112.54,WALKING
15250,0.894,-0.532,-0.110,1.046,-12.2,-12.1,118.3,119.54,WALKING
15300,0.781,-0.431,-0.126,0.901,-31.9,-7.5,110.9,115.64,WALKING
15350,0.696,-0.348,-0.140,0.791,-49.4,-21.1,76.5,93.48,WALKING
15400,0.645,-0.325,-0.122,0.732,-22.1,-25.2,30.6,45.39,WALKING
15450,0.705,-0.341,-0.123,0.793,7.5,-32.8,-24.7,41.74,WALKING
15500,0.823,-0.382,-0.147,0.919,33.3,-36.1,-73.1,88.07,WALKING
15550,0.821,-0.459,-0.139,0.951,43.2,-37.6,-96.5,112.22,WALKING
15600,1.087,-0.497,-0.181,1.209,54.3,-38.0,-136.7,151.92,WALKING
15650,0.690,-0.589,-0.166,0.922,67.9,-43.2,-135.9,157.94,WALKING
15700,0.938,-0.706,-0.177,1.187,42.8,-18.2,-104.8,114.66,WALKING
15750,0.928,-0.513,-0.172,1.074,42.5,-33.4,-113.5,125.71,WALKING
15800,0.756,-0.729,-0.186,1.067,96.6,-29.1,-97.0,139.95,WALKING
15850,0.698,-0.776,-0.255,1.074,39.2,-6.3,-72.8,82.92,WALKING
15900,0.684,-0.677,-0.339,1.020,49.7,1.3,-29.5,57.81,WALKING
15950,0.703,-0.716,-0.343,1.060,56.9,-6.0,-4.2,57.37,WALKING
16000,0.745,-0.713,-0.351,1.089,53.9,-6.5,10.2,55.24,WALKING
16050,0.791,-0.726,-0.351,1.130,25.9,2.6,17.0,31.09,WALKING
16100,1.001,-0.750,-0.341,1.296,10.6,-1.4,29.7,31.57,WALKING
16150,1.005,-0.686,-0.323,1.259,12.8,-9.6,43.4,46.26,WALKING
16200,0.807,-0.712,-0.246,1.104,27.2,-5.2,90.5,94.64,WALKING
16250,0.860,-0.708,-0.135,1.122,8.7,4.7,127.6,127.98,WALKING
16300,1.013,-0.690,-0.159,1.236,-23.2,2.3,114.9,117.24,WALKING
16350,0.935,-0.536,-0.131,1.086,2.1,-7.8,100.5,100.82,WALKING
16400,0.728,-0.568,-0.077,0.927,-5.2,2.4,102.7,102.86,WALKING
16450,0.659,-0.525,-0.146,0.855,-33.0,13.5,88.9,95.78,WALKING
16500,0.568,-0.436,-0.153,0.732,-30.1,-1.6,64.3,71.01,WALKING
16550,0.606,-0.345,-0.168,0.717,-18.2,-8.1,15.4,25.18,WALKING
16600,0.623,-0.401,-0.170,0.760,64.1,-19.9,-32.6,74.62,WALKING
16650,0.808,-0.427,-0.184,0.932,26.3,-21.6,-68.8,76.76,WALKING
16700,0.937,-0.425,-0.121,1.036,55.4,-52.3,-116.6,139.28,WALKING
16750,0.857,-0.528,-0.098,1.011,62.8,-58.3,-127.6,153.70,WALKING
16800,1.259,-0.560,-0.036,1.378,55.7,-64.0,-154.7,176.44,WALKING
16850,0.936,-0.595,0.001,1.109,69.3,-73.5,-162.5,191.34,WALKING
16900,0.975,-0.763,-0.096,1.242,72.3,-33.7,-104.8,131.70,WALKING
16950,0.999,-0.622,-0.057,1.178,56.6,-31.5,-90.4,111.21,WALKING
17000,0.771,-0.749,-0.142,1.084,96.9,-34.5,-78.8,129.57,WALKING
17050,0.656,-0.785,-0.203,1.043,61.0,-23.1,-56.0,85.97,WALKING
17100,0.664,-0.771,-0.315,1.065,49.3,-14.9,-24.2,56.90,WALKING
17150,0.679,-0.730,-0.293,1.039,44.8,-14.8,17.6,50.36,WALKING
17200,0.700,-0.704,-0.298,1.037,38.7,-7.7,40.6,56.62,WALKING
17250,0.764,-0.656,-0.304,1.052,23.5,4.3,38.8,45.57,WALKING
17300,0.804,-0.625,-0.241,1.046,23.3,6.3,52.0,57.33,WALKING
17350,1.040,-0.709,-0.345,1.305,5.7,6.8,33.8,34.95,WALKING
17400,0.904,-0.772,-0.275,1.220,26.1,-0.2,68.0,72.84,WALKING
17450,1.015,-0.796,-0.243,1.313,27.1,-3.7,137.4,140.10,WALKING
17500,1.233,-0.651,-0.249,1.416,-4.9,-12.1,143.3,143.89,WALKING
17550,1.067,-0.488,-0.171,1.186,17.5,-28.4,128.2,132.47,WALKING
17600,0.837,-0.524,-0.147,0.998,-18.6,-21.7,119.7,123.06,WALKING
17650,0.640,-0.378,-0.174,0.763,-12.3,-18.7,98.2,100.72,WALKING
17700,0.467,-0.283,-0.142,0.564,-21.2,-23.3,49.6,58.76,WALKING
17750,0.460,-0.291,-0.141,0.562,-7.7,-34.8,-21.2,41.47,WALKING
17800,0.625,-0.446,-0.107,0.775,28.7,-56.1,-74.2,97.35,WALKING
17850,0.768,-0.669,-0.053,1.020,32.4,-63.5,-107.2,128.74,WALKING
17900,0.796,-0.650,-0.089,1.032,30.3,-53.9,-128.5,142.60,WALKING
17950,0.973,-0.677,-0.056,1.187,37.6,-38.9,-163.5,172.22,WALKING
18000,1.097,-0.568,-0.130,1.242,62.0,-46.4,-202.0,216.34,WALKING
18050,0.725,-0.733,-0.093,1.035,90.4,-52.0,-132.8,168.85,WALKING
18100,1.188,-0.702,-0.071,1.382,34.0,-40.6,-99.1,112.36,WALKING
18150,1.037,-0.475,0.038,1.141,109.0,-82.7,-84.1,160.60,WALKING
18200,0.777,-0.715,-0.037,1.057,175.4,-56.9,-38.3,188.33,WALKING
18250,0.694,-0.694,-0.116,0.988,72.8,-24.2,-18.4,78.89,WALKING
18300,0.651,-0.562,-0.250,0.896,67.1,-11.4,-19.8,70.88,WALKING
18350,0.661,-0.589,-0.358,0.955,64.1,-13.8,-30.8,72.44,WALKING
18400,0.648,-0.673,-0.354,0.999,54.6,-12.8,-31.5,64.32,WALKING
18450,0.640,-0.703,-0.369,1.020,15.4,1.1,-32.3,35.80,WALKING
18500,0.946,-0.815,-0.384,1.306,17.1,6.7,-44.1,47.77,WALKING
18550,0.994,-0.837,-0.297,1.333,-10.7,-16.2,-16.5,25.48,WALKING
18600,0.775,-0.749,-0.191,1.095,15.1,-15.7,67.2,70.64,WALKING
18650,1.017,-0.710,-0.179,1.253,11.5,-3.9,115.2,115.84,WALKING
18700,1.224,-0.618,-0.179,1.383,-12.1,-8.6,128.1,128.96,WALKING
18750,1.089,-0.491,-0.150,1.204,-6.6,-19.1,145.6,147.00,WALKING
18800,0.861,-0.513,-0.090,1.006,-5.1,-4.4,145.2,145.36,WALKING
18850,0.704,-0.405,-0.099,0.818,-34.2,20.7,123.5,129.81,WALKING
18900,0.587,-0.289,-0.087,0.660,-25.6,1.8,86.1,89.84,WALKING
18950,0.593,-0.299,-0.136,0.678,-10.9,-3.0,27.7,29.92,WALKING
19000,0.621,-0.318,-0.142,0.712,-16.6,-12.8,-41.2,46.23,WALKING
19050,0.799,-0.411,-0.201,0.921,24.9,-19.3,-96.7,101.70,WALKING
19100,1.069,-0.543,-0.235,1.222,51.3,-27.4,-144.1,155.39,WALKING
19150,1.199,-0.553,-0.216,1.338,59.9,-33.8,-191.9,203.85,WALKING
19200,0.725,-0.755,-0.281,1.084,36.8,-22.6,-128.9,135.94,WALKING
19250,0.986,-0.617,-0.201,1.180,6.1,-13.3,-81.2,82.51,WALKING
19300,1.049,-0.496,-0.143,1.169,80.9,-57.0,-90.2,133.90,WALKING
19350,0.738,-0.709,-0.118,1.030,110.9,-49.9,-54.3,133.18,WALKING
19400,0.628,-0.737,-0.142,0.979,44.2,-7.9,-29.1,53.51,WALKING
19450,0.606,-0.667,-0.237,0.932,34.2,7.9,-13.1,37.47,WALKING
19500,0.590,-0.668,-0.280,0.934,40.1,3.0,-0.2,40.21,WALKING
19550,0.647,-0.679,-0.247,0.970,17.0,4.5,10.4,20.43,WALKING
19600,0.793,-0.693,-0.242,1.081,1.8,4.2,13.5,14.25,WALKING
19650,0.809,-0.726,-0.220,1.109,-8.8,16.0,23.1,29.45,WALKING
19700,1.058,-0.777,-0.270,1.340,-32.6,21.6,20.1,43.97,WALKING
19750,0.918,-0.763,-0.258,1.221,-19.3,18.2,47.6,54.49,WALKING
19800,0.968,-0.781,-0.070,1.246,-9.8,14.4,105.0,106.43,WALKING
19850,1.170,-0.592,-0.201,1.327,-42.6,10.2,109.2,117.66,WALKING
19900,1.001,-0.567,-0.159,1.161,-23.1,-3.7,107.8,110.31,WALKING
19950,0.860,-0.510,-0.123,1.007,-59.4,9.1,109.1,124.56,WALKING
20000,0.747,-0.402,-0.248,0.884,-40.8,3.5,100.8,108.80,WALKING
20050,0.631,-0.337,-0.125,0.726,-40.3,-8.3,69.5,80.77,WALKING
20100,0.551,-0.302,-0.108,0.638,-15.4,-16.8,26.7,35.10,WALKING
20150,0.582,-0.326,-0.109,0.676,16.7,-20.0,-25.4,36.39,WALKING
20200,0.730,-0.384,-0.141,0.837,40.8,-22.6,-75.6,88.83,WALKING
20250,0.803,-0.476,-0.161,0.947,50.1,-24.7,-110.6,123.91,WALKING
20300,1.201,-0.590,-0.145,1.346,67.2,-25.5,-146.2,162.91,WALKING
20350,1.025,-0.601,-0.136,1.196,68.1,-40.3,-159.3,177.87,WALKING
20400,1.084,-0.794,-0.220,1.362,41.7,-19.4,-103.9,113.62,WALKING
20450,1.032,-0.546,-0.160,1.178,19.8,-26.9,-68.1,75.85,WALKING
20500,0.793,-0.561,-0.087,0.975,114.3,-46.7,-46.5,131.94,WALKING
20550,0.618,-0.667,-0.079,0.913,97.8,-33.8,-47.2,113.73,WALKING
20600,0.565,-0.642,-0.114,0.863,38.6,-15.0,-48.7,63.93,WALKING
20650,0.626,-0.676,-0.198,0.942,50.2,-1.4,-30.0,58.50,WALKING
20700,0.704,-0.686,-0.183,1.000,33.3,-1.7,-6.7,34.01,WALKING
20750,0.842,-0.706,-0.192,1.115,44.5,-3.8,8.4,45.45,WALKING
20800,0.924,-0.739,-0.160,1.194,43.5,10.5,22.6,50.13,WALKING
20850,1.086,-0.730,-0.220,1.327,15.8,21.5,30.2,40.30,WALKING
20900,0.981,-0.619,-0.292,1.196,55.2,-0.7,68.6,88.05,WALKING
20950,0.789,-0.680,-0.180,1.057,69.1,-11.7,111.5,131.70,WALKING
21000,0.988,-0.718,-0.266,1.250,17.5,-3.0,114.4,115.77,WALKING
21050,1.045,-0.580,-0.119,1.201,-6.9,-19.3,102.5,104.53,WALKING
21100,0.900,-0.514,-0.239,1.064,17.0,-16.3,95.9,98.75,WALKING
21150,0.750,-0.495,-0.153,0.912,-13.0,-8.9,85.2,86.64,WALKING
21200,0.693,-0.397,-0.147,0.812,-27.0,-13.0,36.1,46.92,WALKING
21250,0.642,-0.374,-0.132,0.755,-17.5,-26.3,13.1,34.20,WALKING
21300,0.680,-0.386,-0.094,0.788,-4.6,-41.0,-29.4,50.66,WALKING
21350,0.811,-0.400,-0.079,0.908,18.6,-54.2,-71.1,91.32,WALKING
21400,0.937,-0.495,-0.010,1.060,50.8,-57.3,-116.4,139.33,WALKING
21450,0.994,-0.566,-0.022,1.144,49.2,-52.8,-137.6,155.38,WALKING
21500,1.464,-0.657,0.011,1.605,54.2,-57.6,-160.5,178.93,WALKING
21550,0.883,-0.671,-0.036,1.110,53.9,-75.1,-140.9,168.52,WALKING
21600,0.831,-0.719,-0.066,1.101,49.3,-37.9,-70.6,94.08,WALKING
21650,1.080,-0.468,-0.047,1.178,62.2,-61.6,-64.4,108.68,WALKING
21700,0.737,-0.627,-0.001,0.968,169.6,-77.2,-59.8,195.70,WALKING
21750,0.626,-0.746,-0.124,0.982,109.0,-46.8,-43.5,126.35,WALKING
21800,0.590,-0.650,-0.231,0.908,65.7,-22.5,-32.6,76.72,WALKING
21850,0.610,-0.656,-0.323,0.952,67.9,-12.4,-13.4,70.31,WALKING
21900,0.603,-0.648,-0.283,0.929,53.4,-11.5,5.3,54.88,WALKING
21950,0.664,-0.651,-0.306,0.979,35.7,-1.8,7.8,36.59,WALKING
22000,0.750,-0.684,-0.301,1.059,22.9,7.7,8.5,25.61,WALKING
22050,1.108,-0.781,-0.341,1.398,9.1,17.5,7.4,21.07,WALKING
22100,0.961,-0.730,-0.272,1.237,6.5,2.3,27.3,28.16,WALKING
22150,0.831,-0.727,-0.184,1.119,9.3,7.6,86.2,87.03,WALKING
22200,0.984,-0.636,-0.178,1.185,-36.2,12.4,104.7,111.47,WALKING
22250,1.058,-0.550,-0.158,1.203,-55.0,1.2,92.8,107.88,WALKING
22300,0.939,-0.484,-0.028,1.057,-17.4,-16.5,96.5,99.43,WALKING
22350,0.790,-0.465,-0.082,0.920,8.6,-22.3,106.7,109.34,WALKING
22400,0.734,-0.427,-0.097,0.855,-23.2,-9.8,86.8,90.38,WALKING
22450,0.685,-0.347,-0.085,0.773,0.8,-15.1,48.4,50.71,WALKING
22500,0.679,-0.359,-0.118,0.777,-7.7,-16.1,0.2,17.85,WALKING
22550,0.782,-0.381,-0.146,0.882,-10.0,-19.6,-52.1,56.56,WALKING
22600,0.875,-0.403,-0.152,0.975,6.3,-25.3,-100.7,104.02,WALKING
22650,1.096,-0.512,-0.140,1.218,48.5,-27.7,-138.6,149.43,WALKING
22700,1.057,-0.467,-0.142,1.164,74.5,-41.5,-170.7,190.82,WALKING
22750,0.670,-0.680,-0.128,0.963,83.0,-31.5,-114.1,144.57,WALKING
22800,1.098,-0.583,-0.168,1.254,51.5,-30.3,-84.8,103.74,WALKING
22850,0.950,-0.524,-0.094,1.089,136.0,-65.0,-73.9,167.88,WALKING
22900,0.726,-0.712,-0.093,1.021,137.0,-43.4,-39.6,149.07,WALKING
22950,0.699,-0.644,-0.162,0.964,82.3,-10.9,-24.7,86.62,WALKING
23000,0.675,-0.578,-0.272,0.929,71.0,-13.5,-16.8,74.20,WALKING
23050,0.673,-0.648,-0.296,0.980,66.3,-12.9,-4.2,67.67,WALKING
23100,0.688,-0.640,-0.303,0.987,44.6,-5.6,6.7,45.45,WALKING
23150,0.747,-0.633,-0.295,1.023,21.6,0.6,6.7,22.62,WALKING
23200,0.962,-0.674,-0.278,1.207,24.9,-4.0,1.4,25.26,WALKING
23250,1.016,-0.682,-0.275,1.254,24.5,-11.3,1.0,27.00,WALKING
23300,0.763,-0.709,-0.250,1.071,29.1,-7.3,51.3,59.43,WALKING
23350,0.909,-0.643,-0.189,1.129,-8.5,2.1,88.2,88.63,WALKING
23400,1.046,-0.589,-0.190,1.215,-22.4,-16.3,83.4,87.88,WALKING
23450,0.941,-0.593,-0.125,1.119,6.5,-32.4,79.5,86.09,WALKING
23500,0.814,-0.536,-0.117,0.982,6.1,-29.3,85.2,90.30,WALKING
23550,0.762,-0.520,-0.101,0.928,-21.0,-16.8,80.0,84.40,WALKING
23600,0.698,-0.440,-0.121,0.834,-27.3,-15.8,58.0,66.02,WALKING
23650,0.701,-0.386,-0.146,0.813,-14.8,-22.3,24.9,36.56,WALKING
23700,0.726,-0.378,-0.127,0.828,2.8,-35.4,-11.4,37.30,WALKING
23750,0.834,-0.422,-0.147,0.946,23.9,-32.7,-59.5,71.98,WALKING
23800,0.851,-0.463,-0.141,0.979,40.8,-34.5,-89.7,104.41,WALKING
23850,0.984,-0.531,-0.117,1.124,54.9,-37.5,-115.7,133.44,WALKING
23900,1.013,-0.471,-0.120,1.124,67.9,-53.4,-147.9,171.28,WALKING
23950,0.736,-0.664,-0.107,0.997,75.0,-44.8,-105.2,136.74,WALKING
24000,1.023,-0.616,-0.191,1.209,19.1,-35.2,-76.2,86.08,WALKING
24050,0.869,-0.517,-0.121,1.018,76.0,-55.2,-60.2,111.57,WALKING
24100,0.710,-0.653,-0.158,0.977,107.9,-41.7,-41.1,122.76,WALKING
24150,0.636,-0.611,-0.195,0.903,61.4,-25.7,-38.1,76.69,WALKING
24200,0.658,-0.649,-0.368,0.995,79.0,-12.1,-30.8,85.65,WALKING
24250,0.657,-0.661,-0.309,0.982,58.5,-5.5,-15.7,60.82,WALKING
24300,0.690,-0.682,-0.342,1.029,34.7,3.7,-3.9,35.11,WALKING
24350,0.723,-0.681,-0.332,1.047,12.2,10.2,-1.4,15.96,WALKING
24400,0.767,-0.694,-0.280,1.072,11.6,9.1,2.0,14.88,WALKING
24450,0.976,-0.730,-0.298,1.255,2.4,9.7,-5.1,11.22,WALKING
24500,0.888,-0.803,-0.270,1.227,-3.7,5.9,21.4,22.50,WALKING
24550,0.865,-0.733,-0.155,1.144,-30.5,7.9,78.4,84.49,WALKING
24600,1.086,-0.614,-0.182,1.261,-40.1,-2.9,98.4,106.30,WALKING
24650,1.082,-0.516,-0.131,1.206,-19.4,-18.4,94.2,97.92,WALKING
24700,0.866,-0.528,-0.089,1.018,-5.5,-11.6,100.8,101.61,WALKING
24750,0.751,-0.483,-0.050,0.894,-26.6,0.2,102.2,105.61,WALKING
24800,0.696,-0.381,-0.089,0.798,-32.9,-6.1,82.5,89.03,WALKING
24850,0.664,-0.337,-0.114,0.753,-35.0,-10.6,54.0,65.22,WALKING
24900,0.692,-0.329,-0.112,0.774,-2.5,-19.8,8.1,21.54,WALKING
24950,0.833,-0.374,-0.127,0.922,29.3,-28.7,-52.0,66.23,WALKING
25000,0.868,-0.474,-0.145,1.000,47.7,-29.4,-103.3,117.52,WALKING
25050,1.108,-0.587,-0.185,1.267,42.8,-25.2,-131.1,140.19,WALKING
25100,0.976,-0.561,-0.196,1.143,52.2,-39.0,-138.7,153.24,WALKING
25150,0.915,-0.660,-0.223,1.150,74.1,-39.9,-95.4,127.22,WALKING
25200,0.942,-0.568,-0.196,1.117,64.7,-54.2,-76.1,113.64,WALKING
25250,0.737,-0.613,-0.118,0.966,96.8,-63.0,-65.5,132.78,WALKING
25300,0.636,-0.686,-0.115,0.943,86.5,-48.4,-60.2,115.97,WALKING
25350,0.636,-0.706,-0.132,0.959,44.9,-28.3,-60.8,80.71,WALKING
25400,0.715,-0.741,-0.206,1.050,52.1,-17.3,-42.0,69.12,WALKING
25450,0.767,-0.720,-0.186,1.068,26.8,-5.6,-8.6,28.70,WALKING
25500,0.807,-0.701,-0.203,1.088,17.1,8.8,11.3,22.31,WALKING
25550,0.778,-0.683,-0.251,1.065,4.3,23.9,14.3,28.18,WALKING
25600,0.887,-0.757,-0.281,1.199,-6.5,28.0,16.2,33.00,WALKING
25650,0.879,-0.706,-0.268,1.159,-4.9,19.5,28.5,34.88,WALKING
25700,0.822,-0.688,-0.269,1.105,-11.9,14.9,66.5,69.18,WALKING
25750,0.939,-0.659,-0.242,1.172,-13.9,6.0,102.2,103.32,WALKING
25800,1.081,-0.578,-0.204,1.243,-32.6,-7.2,101.6,106.94,WALKING
25850,0.973,-0.478,-0.091,1.088,-5.9,-14.1,96.2,97.41,WALKING
25900,0.815,-0.478,-0.158,0.958,-38.4,-16.9,91.8,100.93,WALKING
25950,0.676,-0.447,-0.128,0.820,-19.9,-8.7,83.3,86.08,WALKING
26000,0.646,-0.363,-0.166,0.759,-42.2,-10.6,53.4,68.88,WALKING
26050,0.666,-0.344,-0.143,0.763,-13.5,-25.4,14.0,31.99,WALKING
26100,0.751,-0.393,-0.133,0.858,19.6,-33.8,-36.2,53.26,WALKING
26150,0.929,-0.442,-0.171,1.043,29.1,-35.7,-84.2,95.97,WALKING
26200,0.876,-0.514,-0.160,1.028,36.0,-41.5,-108.0,121.17,WALKING
26250,1.185,-0.573,-0.161,1.326,24.2,-39.2,-142.3,149.57,WALKING
26300,0.717,-0.597,-0.175,0.949,45.0,-42.2,-135.5,148.88,WALKING
26350,0.868,-0.756,-0.223,1.172,-5.9,-15.8,-93.4,94.91,WALKING
26400,0.982,-0.477,-0.273,1.125,28.7,-37.3,-83.0,95.41,WALKING
26450,0.761,-0.674,-0.172,1.031,85.1,-37.3,-58.5,109.80,WALKING
26500,0.697,-0.590,-0.293,0.959,61.2,-22.4,-42.4,77.75,WALKING
26550,0.661,-0.581,-0.307,0.932,80.5,-11.1,-34.3,88.20,WALKING
26600,0.631,-0.652,-0.375,0.982,89.7,3.9,-15.8,91.16,WALKING
26650,0.636,-0.621,-0.333,0.949,57.8,8.2,-0.2,58.38,WALKING
26700,0.708,-0.599,-0.346,0.990,37.4,13.0,1.6,39.63,WALKING
26750,0.792,-0.666,-0.271,1.070,29.2,19.7,-1.0,35.24,WALKING
26800,1.157,-0.779,-0.417,1.456,-5.3,21.9,-3.6,22.82,WALKING
26850,0.968,-0.717,-0.307,1.243,17.7,-0.1,40.6,44.29,WALKING
26900,0.825,-0.709,-0.197,1.105,15.0,0.9,98.7,99.84,WALKING
26950,1.027,-0.666,-0.217,1.243,-10.7,-5.3,118.7,119.30,WALKING
27000,1.043,-0.596,-0.141,1.210,-32.0,-13.4,114.1,119.26,WALKING
27050,0.868,-0.574,-0.085,1.044,-14.6,-11.7,103.8,105.47,WALKING
27100,0.728,-0.509,-0.138,0.899,-7.0,-13.1,96.5,97.64,WALKING
27150,0.678,-0.365,-0.301,0.827,-71.8,-5.1,66.6,98.07,WALKING
27200,0.640,-0.346,-0.102,0.735,-22.3,-10.1,30.9,39.42,WALKING
27250,0.685,-0.341,-0.112,0.773,-6.7,-17.7,-14.4,23.78,WALKING
27300,0.800,-0.411,-0.115,0.907,8.6,-25.9,-60.0,65.91,WALKING
27350,0.884,-0.495,-0.142,1.023,26.4,-23.9,-98.1,104.36,WALKING
27400,0.897,-0.565,-0.173,1.074,-19.8,-23.5,-112.6,116.72,WALKING
27450,1.019,-0.552,-0.239,1.183,43.4,-15.6,-127.7,135.77,WALKING
27500,0.776,-0.616,-0.208,1.012,61.6,-35.8,-105.7,127.47,WALKING
27550,0.874,-0.640,-0.208,1.103,99.2,-36.4,-79.1,131.99,WALKING
27600,0.843,-0.607,-0.144,1.049,81.4,-37.5,-78.6,119.21,WALKING
27650,0.684,-0.663,-0.183,0.970,42.1,-28.5,-62.2,80.33,WALKING
27700,0.633,-0.652,-0.251,0.943,55.7,-21.3,-50.5,78.14,WALKING
27750,0.644,-0.684,-0.295,0.985,52.3,-15.4,-35.6,65.11,WALKING
27800,0.650,-0.702,-0.268,0.994,50.2,-7.2,-12.1,52.14,WALKING
27850,0.695,-0.719,-0.307,1.046,38.4,14.7,11.3,42.64,WALKING
27900,0.822,-0.678,-0.306,1.109,17.0,22.9,22.4,36.27,WALKING
27950,0.859,-0.649,-0.277,1.112,14.7,14.9,39.8,44.97,WALKING
28000,0.994,-0.705,-0.250,1.244,5.1,8.8,39.2,40.50,WALKING
28050,1.011,-0.737,-0.337,1.296,-3.5,-3.4,68.4,68.57,WALKING
28100,1.056,-0.683,-0.225,1.278,14.9,-12.3,132.6,134.00,WALKING
28150,1.187,-0.544,-0.207,1.322,-0.4,-22.3,136.8,138.61,WALKING
28200,0.954,-0.458,-0.127,1.066,1.5,-31.2,106.7,111.18,WALKING
28250,0.752,-0.405,-0.121,0.863,-7.5,-31.6,87.7,93.52,WALKING
28300,0.660,-0.369,-0.115,0.765,-13.7,-27.5,60.6,67.94,WALKING
28350,0.615,-0.299,-0.127,0.696,-12.3,-22.3,13.7,28.92,WALKING
28400,0.674,-0.352,-0.134,0.772,10.0,-30.1,-37.0,48.73,WALKING
28450,0.774,-0.457,-0.141,0.910,47.4,-39.2,-75.8,97.62,WALKING
28500,0.863,-0.576,-0.101,1.042,59.6,-38.8,-103.5,125.58,WALKING
28550,0.884,-0.614,-0.107,1.082,61.1,-39.5,-116.8,137.61,WALKING
28600,0.915,-0.613,-0.130,1.109,56.8,-46.9,-118.7,139.70,WALKING
28650,1.403,-0.531,-0.024,1.500,116.9,-99.1,-162.5,223.37,WALKING
28700,0.714,-0.729,0.080,1.024,154.7,-113.6,-113.1,222.77,WALKING
28750,0.994,-0.697,0.072,1.216,83.0,-59.7,-56.4,116.76,WALKING
28800,1.026,-0.410,-0.004,1.105,88.9,-58.2,-62.0,123.02,WALKING
28850,0.711,-0.448,0.062,0.843,112.9,-48.1,-53.2,133.75,WALKING
28900,0.683,-0.515,-0.052,0.857,122.6,-25.1,-58.4,138.10,WALKING
28950,0.697,-0.487,-0.166,0.866,138.3,-19.1,-66.2,154.51,WALKING
29000,0.745,-0.665,-0.262,1.032,113.8,-12.1,-59.0,128.76,WALKING
29050,0.719,-0.686,-0.293,1.036,81.7,-2.8,-41.6,91.72,WALKING
29100,0.749,-0.737,-0.369,1.114,16.8,13.4,-17.8,27.90,WALKING
29150,0.912,-0.711,-0.296,1.194,16.6,7.3,-4.9,18.78,WALKING
29200,1.159,-0.750,-0.362,1.427,-5.0,-6.4,-1.4,8.24,WALKING
29250,0.852,-0.709,-0.231,1.132,36.2,-21.6,61.0,74.15,WALKING
29300,0.879,-0.688,-0.173,1.130,9.1,-8.6,121.1,121.75,WALKING
29350,1.084,-0.577,-0.162,1.239,-17.5,-17.7,124.7,127.16,WALKING
29400,1.099,-0.444,-0.092,1.189,3.7,-36.8,116.9,122.61,WALKING
29450,0.886,-0.481,0.058,1.010,37.7,-29.6,110.6,120.54,WALKING
29500,0.852,-0.474,-0.047,0.976,-8.6,1.7,103.5,103.87,WALKING
29550,0.744,-0.386,-0.043,0.839,-47.3,6.9,72.5,86.84,WALKING
29600,0.712,-0.341,-0.081,0.794,-49.2,1.8,33.7,59.66,WALKING
29650,0.779,-0.321,-0.139,0.854,-48.7,-7.2,-14.3,51.26,WALKING
29700,0.866,-0.388,-0.164,0.963,3.9,-13.3,-61.8,63.34,WALKING
29750,0.856,-0.454,-0.209,0.991,30.3,-15.0,-91.9,97.92,WALKING
29800,1.070,-0.550,-0.219,1.223,51.8,-14.6,-118.7,130.33,WALKING
29850,1.066,-0.439,-0.201,1.170,50.2,-36.9,-155.6,167.61,WALKING
29900,0.750,-0.707,-0.221,1.054,72.7,-26.3,-109.2,133.80,WALKING
29950,0.892,-0.642,-0.276,1.133,-15.6,-8.6,-74.9,76.99,WALKING
Recording stopped

Samples dumped: 600
