
Recording started
time,accelX,accelY,accelZ,accelMagnitude,gyroX,gyroY,gyroZ,gyroMagnitude,activity
0,-0.016,-0.978,0.077,0.981,8.4,20.7,3.9,22.68,WALKING
50,-0.010,-1.023,0.031,1.024,-1.7,19.3,4.6,19.91,WALKING
100,-0.054,-0.991,0.075,0.995,-2.5,3.7,2.7,5.22,WALKING
150,-0.058,-0.995,0.070,0.999,-3.9,4.9,2.1,6.61,WALKING
200,-0.054,-0.996,0.061,0.999,-2.3,3.0,3.9,5.43,WALKING
250,-0.049,-0.995,0.081,0.999,-2.4,4.9,3.5,6.48,WALKING
300,-0.052,-0.998,0.079,1.002,-1.2,2.2,5.6,6.14,WALKING
350,-0.051,-0.984,0.069,0.988,1.4,-0.5,2.0,2.49,WALKING
400,-0.059,-0.978,0.043,0.981,-0.2,0.2,0.9,0.94,WALKING
450,-0.081,-0.988,0.074,0.994,10.5,-7.3,6.5,14.35,WALKING
500,-0.111,-1.015,0.094,1.025,1.1,-7.9,4.6,9.21,WALKING
550,-0.111,-1.018,0.078,1.027,4.2,-11.2,3.7,12.52,WALKING
600,-0.115,-1.019,0.081,1.029,1.1,-7.2,2.7,7.77,WALKING
650,-0.111,-0.999,0.062,1.007,7.1,-11.9,2.9,14.16,WALKING
700,-0.125,-0.990,0.067,1.000,-0.6,-3.9,3.9,5.55,WALKING
750,-0.130,-0.993,0.069,1.004,-0.7,3.0,1.5,3.43,WALKING
800,-0.122,-1.014,0.095,1.026,2.4,-1.7,2.5,3.86,WALKING
850,-0.121,-1.010,0.096,1.022,0.4,-0.2,3.9,3.93,WALKING
900,-0.117,-0.996,0.090,1.007,5.8,-5.4,4.8,9.26,WALKING
950,-0.124,-0.999,0.077,1.010,3.8,-2.2,5.6,7.12,WALKING
1000,-0.126,-0.995,0.074,1.006,2.2,4.4,2.4,5.47,WALKING
1050,-0.121,-0.997,0.064,1.006,3.2,-0.1,3.9,5.05,WALKING
1100,-0.119,-0.981,0.040,0.989,2.2,-0.7,3.7,4.36,WALKING
1150,-0.164,-0.965,0.008,0.979,3.9,1.7,6.3,7.60,WALKING
1200,-0.218,-0.935,0.010,0.960,9.4,-3.2,1.1,9.99,WALKING
1250,-0.214,-0.955,0.005,0.979,15.0,-10.8,-1.4,18.54,WALKING
1300,-0.219,-0.974,0.039,0.999,9.4,4.9,-4.9,11.68,WALKING
1350,-0.205,-1.002,0.046,1.024,13.6,3.3,-6.2,15.31,WALKING
1400,-0.214,-0.957,0.015,0.981,20.4,-9.5,0.5,22.51,WALKING
1450,-0.236,-0.950,0.043,0.980,10.2,-4.4,-3.5,11.65,WALKING
1500,-0.221,-0.997,0.059,1.023,7.7,-8.1,-6.2,12.78,WALKING
1550,-0.199,-1.035,0.092,1.058,4.5,-10.5,-4.9,12.43,WALKING
1600,-0.210,-1.051,0.103,1.077,-1.8,-5.2,-6.3,8.36,WALKING
1650,-0.203,-1.047,0.100,1.071,-5.6,-8.6,-6.1,11.94,WALKING
1700,-0.214,-0.983,0.135,1.015,-12.3,-9.3,-14.8,21.37,WALKING
1750,-0.195,-1.014,0.183,1.049,-18.9,-5.8,-30.2,36.10,WALKING
1800,-0.051,-1.126,0.249,1.154,1.4,-5.2,-47.0,47.31,WALKING
1850,0.053,-1.118,0.120,1.126,17.7,17.2,-29.6,38.54,WALKING
1900,0.012,-0.931,-0.054,0.933,-4.5,4.1,0.0,6.09,WALKING
1950,-0.038,-1.016,0.120,1.024,-49.7,-13.7,8.4,52.23,WALKING
2000,0.084,-1.060,0.113,1.069,-35.2,-9.3,2.5,36.49,WALKING
2050,0.060,-0.924,-0.052,0.927,21.2,-15.7,5.8,27.01,WALKING
2100,-0.023,-0.849,-0.005,0.849,5.6,-15.1,-0.2,16.11,WALKING
2150,-0.017,-0.873,-0.027,0.874,-5.5,-20.7,-3.5,21.70,WALKING
2200,-0.036,-0.955,-0.026,0.956,-0.5,-0.4,-3.5,3.56,WALKING
2250,-0.073,-0.963,-0.060,0.968,15.7,-13.3,-0.2,20.58,WALKING
2300,-0.138,-0.979,-0.061,0.991,14.5,1.7,4.2,15.19,WALKING
2350,-0.165,-1.022,0.024,1.036,21.3,-8.1,12.0,25.75,WALKING
2400,-0.116,-1.081,0.040,1.088,7.9,7.4,18.7,21.61,WALKING
2450,-0.164,-1.207,0.143,1.226,-11.6,27.3,17.2,34.29,WALKING
2500,-0.051,-1.090,0.077,1.094,13.8,36.5,13.4,41.26,WALKING
2550,-0.149,-1.014,0.321,1.074,-1.1,48.2,10.4,49.32,WALKING
2600,-0.006,-1.080,0.211,1.100,-2.3,49.6,-3.1,49.75,WALKING
2650,0.025,-0.991,0.149,1.002,-2.3,50.6,-2.4,50.71,WALKING
2700,0.006,-0.912,0.048,0.913,20.2,27.5,3.2,34.27,WALKING
2750,-0.053,-0.792,0.039,0.795,9.1,14.3,-4.2,17.46,WALKING
2800,-0.072,-0.847,0.063,0.852,-2.5,14.9,-5.8,16.18,WALKING
2850,-0.023,-0.981,0.129,0.990,-8.2,-0.4,-10.7,13.49,WALKING
2900,0.017,-1.099,0.176,1.113,-3.7,-10.1,-10.4,14.96,WALKING
2950,0.079,-1.210,0.181,1.226,1.1,-23.1,-6.8,24.11,WALKING
3000,0.006,-1.373,0.204,1.388,4.6,-43.8,-5.3,44.36,WALKING
3050,0.129,-1.168,0.214,1.194,13.6,-42.6,-8.7,45.56,WALKING
3100,0.007,-0.826,-0.025,0.826,25.6,-33.4,15.8,44.95,WALKING
3150,-0.006,-0.948,0.144,0.959,-3.7,-62.0,15.4,63.99,WALKING
3200,0.041,-0.865,0.257,0.903,-79.3,-22.8,-6.3,82.75,WALKING
3250,-0.084,-0.899,-0.064,0.905,-9.0,-44.0,4.4,45.13,WALKING
3300,-0.160,-0.876,-0.032,0.891,29.6,-35.2,2.1,46.04,WALKING
3350,-0.147,-0.950,-0.018,0.961,67.3,-24.2,9.3,72.12,WALKING
3400,-0.093,-0.999,-0.004,1.003,27.0,-9.3,13.0,31.38,WALKING
3450,-0.129,-0.980,0.089,0.992,-0.1,-3.2,15.8,16.12,WALKING
3500,-0.095,-1.064,0.072,1.071,-21.9,22.8,3.7,31.83,WALKING
3550,-0.114,-1.173,0.082,1.181,-6.0,32.4,-8.7,34.08,WALKING
3600,0.011,-1.268,0.214,1.286,5.3,12.8,0.5,13.86,WALKING
3650,0.017,-1.002,0.135,1.011,28.4,37.3,4.2,47.07,WALKING
3700,-0.099,-0.888,0.053,0.895,-12.3,44.2,2.9,45.97,WALKING
3750,-0.077,-0.996,0.161,1.012,-23.0,24.8,-6.0,34.35,WALKING
3800,0.006,-1.032,0.280,1.069,-27.2,28.0,-7.5,39.75,WALKING
3850,0.008,-0.931,0.066,0.933,0.9,10.1,3.2,10.63,WALKING
3900,-0.120,-0.804,0.066,0.816,17.0,-3.9,-0.9,17.46,WALKING
3950,-0.143,-0.819,0.101,0.838,-1.8,5.1,-7.7,9.41,WALKING
4000,-0.101,-0.872,0.082,0.882,-5.5,0.7,-13.3,14.41,WALKING
4050,-0.031,-1.020,0.155,1.032,2.6,-7.3,-13.7,15.74,WALKING
4100,0.040,-1.179,0.163,1.191,4.6,-15.4,-19.1,24.96,WALKING
4150,0.023,-1.179,0.189,1.194,13.6,-39.9,-18.7,46.12,WALKING
4200,0.125,-1.309,0.176,1.327,16.5,-38.2,-33.8,53.61,WALKING
4250,0.100,-0.888,0.010,0.894,25.6,-20.0,-11.0,34.30,WALKING
4300,-0.160,-0.783,0.162,0.815,9.0,-50.4,12.8,52.77,WALKING
4350,0.090,-1.118,0.140,1.130,-65.5,-36.9,-0.9,75.18,WALKING
4400,0.150,-0.862,0.198,0.897,-55.6,-41.1,9.5,69.79,WALKING
4450,-0.020,-0.913,-0.096,0.918,31.2,-56.0,11.8,65.18,WALKING
4500,-0.093,-0.875,-0.031,0.880,49.4,-30.4,8.5,58.62,WALKING
4550,-0.085,-0.985,0.045,0.990,21.9,-13.6,5.1,26.28,WALKING
4600,-0.059,-1.059,-0.044,1.062,-14.9,-6.5,8.5,18.34,WALKING
4650,-0.074,-1.088,0.018,1.091,10.0,-1.4,11.1,15.01,WALKING
4700,-0.078,-1.068,0.220,1.093,22.3,27.3,3.5,35.42,WALKING
4750,-0.150,-1.321,0.651,1.480,-15.6,39.1,-15.9,45.00,WALKING
4800,0.109,-1.062,0.134,1.076,-3.2,23.9,2.5,24.24,WALKING
4850,-0.096,-0.934,0.116,0.946,-39.9,44.4,-3.4,59.79,WALKING
4900,-0.042,-0.969,0.121,0.977,-4.9,40.6,-9.4,41.96,WALKING
4950,0.032,-0.945,0.223,0.971,-13.3,46.2,-10.8,49.27,WALKING
5000,0.020,-0.922,0.111,0.929,-13.1,18.6,0.0,22.75,WALKING
5050,-0.044,-0.854,0.119,0.863,-19.3,3.0,4.2,19.98,WALKING
5100,-0.053,-0.870,0.080,0.875,-3.7,-0.4,0.9,3.83,WALKING
5150,0.015,-0.957,0.084,0.961,-5.1,-13.5,-0.4,14.44,WALKING
5200,0.059,-1.029,0.123,1.038,-10.7,-6.0,-10.9,16.41,WALKING
5250,0.157,-1.151,0.075,1.164,-8.5,-22.5,-13.0,27.34,WALKING
5300,0.053,-1.201,0.133,1.210,-0.1,-37.5,-20.5,42.74,WALKING
5350,0.191,-1.237,0.151,1.261,31.2,-59.0,-22.4,70.40,WALKING
5400,-0.062,-0.802,-0.059,0.807,31.5,-35.4,7.6,47.99,WALKING
5450,-0.062,-0.839,0.176,0.860,4.5,-84.8,26.2,88.87,WALKING
5500,0.143,-0.978,0.095,0.993,-36.5,-43.4,19.8,60.07,WALKING
5550,0.085,-1.018,0.001,1.022,-25.7,-34.3,15.1,45.44,WALKING
5600,0.000,-0.926,-0.058,0.928,17.9,-45.3,19.1,52.32,WALKING
5650,-0.029,-0.920,-0.041,0.921,62.5,-29.7,15.2,70.85,WALKING
5700,-0.046,-0.923,-0.043,0.925,48.7,-24.1,9.3,55.13,WALKING
5750,-0.106,-0.938,-0.036,0.945,-8.7,16.5,0.8,18.67,WALKING
5800,-0.102,-0.999,-0.045,1.005,-2.8,5.2,2.3,6.34,WALKING
5850,0.008,-1.174,0.052,1.175,37.9,-66.7,20.0,79.28,WALKING
5900,0.208,-1.337,0.207,1.369,-12.1,9.1,3.7,15.59,WALKING
5950,0.015,-0.921,0.110,0.928,-9.6,21.1,18.2,29.47,WALKING
6000,-0.025,-1.009,0.150,1.020,-34.2,2.0,3.7,34.46,WALKING
6050,0.191,-1.100,0.325,1.163,-2.9,-24.8,11.0,27.28,WALKING
6100,0.114,-1.020,0.033,1.027,-7.4,-15.9,16.5,24.08,WALKING
6150,-0.008,-0.854,-0.084,0.858,12.3,-59.9,18.4,63.86,WALKING
6200,-0.102,-0.819,0.029,0.826,-21.0,-37.4,2.2,42.95,WALKING
6250,-0.059,-0.886,0.008,0.888,-14.8,-37.3,1.2,40.15,WALKING
6300,-0.068,-0.927,0.063,0.932,1.3,-46.4,-2.3,46.48,WALKING
6350,-0.050,-1.049,0.067,1.052,2.4,-48.6,-10.7,49.82,WALKING
6400,-0.005,-1.060,0.087,1.064,9.2,-68.0,-4.4,68.76,WALKING
6450,-0.135,-1.178,0.142,1.194,11.2,-88.9,-14.4,90.75,WALKING
6500,0.309,-1.212,0.241,1.274,41.9,-89.5,-20.1,100.85,WALKING
6550,-0.027,-0.881,0.076,0.885,47.2,-99.5,26.6,113.29,WALKING
6600,-0.054,-0.885,-0.027,0.887,-43.7,-72.5,12.8,85.61,WALKING
6650,0.092,-1.040,0.044,1.045,-85.5,-68.8,5.8,109.90,WALKING
6700,0.008,-0.951,0.115,0.958,-2.1,-94.0,5.9,94.21,WALKING
6750,-0.051,-0.984,-0.046,0.986,34.2,-93.9,10.0,100.43,WALKING
6800,-0.105,-0.956,-0.013,0.962,38.2,-69.6,17.1,81.21,WALKING
6850,-0.117,-0.930,0.003,0.937,11.3,-58.1,17.2,61.64,WALKING
6900,-0.145,-1.011,-0.011,1.021,-27.6,-21.1,8.2,35.70,WALKING
6950,-0.111,-1.031,-0.015,1.037,-25.0,-21.9,12.7,35.58,WALKING
7000,-0.118,-1.192,0.117,1.204,-4.1,-34.6,-3.9,35.06,WALKING
7050,0.092,-1.045,0.144,1.059,-4.1,-14.2,9.3,17.46,WALKING
7100,-0.114,-0.994,0.097,1.005,-26.7,-6.5,0.9,27.49,WALKING
7150,-0.014,-1.036,0.101,1.041,-14.4,-32.2,0.1,35.27,WALKING
7200,-0.005,-1.012,0.112,1.018,-13.5,-7.0,-4.9,15.98,WALKING
7250,-0.068,-0.918,-0.058,0.922,1.1,-35.2,11.7,37.11,WALKING
7300,-0.140,-0.845,0.000,0.857,-11.6,-24.0,3.7,26.91,WALKING
7350,-0.116,-0.907,-0.012,0.914,-17.8,-13.3,-6.2,23.07,WALKING
7400,-0.073,-1.010,0.039,1.013,-0.2,-30.8,-7.6,31.72,WALKING
7450,-0.032,-1.113,0.062,1.115,8.1,-34.1,-13.3,37.49,WALKING
7500,0.061,-1.159,0.069,1.163,4.2,-40.8,-18.4,44.95,WALKING
7550,-0.084,-1.136,0.115,1.145,1.1,-49.4,-23.4,54.67,WALKING
7600,0.128,-1.078,0.170,1.099,20.7,-53.3,-17.4,59.77,WALKING
7650,-0.018,-0.848,0.068,0.851,12.0,-35.4,0.7,37.39,WALKING
7700,0.053,-1.070,0.126,1.079,-20.0,-57.9,15.8,63.26,WALKING
7750,0.056,-0.924,0.040,0.927,-36.8,-40.9,5.6,55.30,WALKING
7800,-0.074,-0.932,-0.135,0.945,21.4,-57.5,13.4,62.80,WALKING
7850,-0.112,-0.916,-0.214,0.947,26.2,-39.4,7.5,47.91,WALKING
7900,-0.108,-0.947,-0.112,0.960,34.3,-28.9,9.1,45.77,WALKING
7950,-0.093,-0.961,-0.020,0.966,3.3,-20.5,11.7,23.83,WALKING
8000,-0.100,-0.987,0.023,0.992,-9.5,0.0,5.9,11.18,WALKING
8050,-0.103,-1.034,0.044,1.040,11.5,-5.3,7.0,14.47,WALKING
8100,-0.173,-1.128,0.014,1.141,3.5,-8.8,7.2,11.90,WALKING
8150,-0.042,-1.247,0.162,1.258,17.5,0.1,-1.1,17.53,WALKING
8200,-0.041,-0.946,0.047,0.948,2.9,15.1,8.6,17.62,WALKING
8250,-0.186,-0.921,0.128,0.948,-20.0,23.7,4.6,31.35,WALKING
8300,-0.127,-1.028,0.248,1.065,-8.4,23.0,-15.8,29.14,WALKING
8350,-0.032,-0.975,0.077,0.979,-8.6,20.4,-9.3,24.01,WALKING
8400,-0.067,-0.913,0.085,0.919,0.7,11.3,-0.2,11.32,WALKING
8450,-0.110,-0.897,0.076,0.907,-7.8,7.5,-3.2,11.28,WALKING
8500,-0.081,-0.933,0.074,0.939,-6.8,4.9,-5.0,9.76,WALKING
8550,-0.033,-0.967,0.075,0.970,6.0,-10.3,-5.5,13.13,WALKING
8600,0.000,-1.063,0.093,1.067,2.7,-12.1,-13.6,18.40,WALKING
8650,0.086,-1.071,0.118,1.081,10.5,-28.2,-14.7,33.49,WALKING
8700,0.066,-1.280,0.141,1.289,9.1,-46.7,-28.9,55.67,WALKING
8750,0.156,-1.016,0.135,1.037,23.8,-19.7,-21.2,37.47,WALKING
8800,-0.026,-0.795,-0.105,0.802,21.9,-33.9,8.1,41.16,WALKING
8850,-0.026,-0.949,0.132,0.958,-15.9,-60.1,1.6,62.19,WALKING
8900,0.143,-1.013,0.162,1.036,-31.3,-50.1,6.1,59.39,WALKING
8950,-0.006,-1.018,-0.038,1.019,5.0,-53.3,15.8,55.82,WALKING
9000,-0.041,-0.931,-0.067,0.934,40.4,-46.9,17.6,64.35,WALKING
9050,-0.062,-0.995,-0.071,0.999,43.7,-37.5,19.1,60.67,WALKING
9100,-0.088,-0.994,-0.014,0.998,9.0,-24.5,22.7,34.59,WALKING
9150,-0.101,-1.048,-0.115,1.059,-11.6,-6.0,26.2,29.27,WALKING
9200,-0.074,-1.022,0.016,1.025,-19.6,2.8,21.4,29.15,WALKING
9250,-0.148,-1.182,0.235,1.214,-1.7,-11.6,4.3,12.49,WALKING
9300,0.085,-1.086,0.214,1.110,2.0,-6.0,16.2,17.39,WALKING
9350,-0.094,-0.942,0.116,0.954,-27.1,11.6,10.3,31.23,WALKING
9400,-0.029,-0.993,0.190,1.011,-2.5,-14.7,6.5,16.27,WALKING
9450,0.026,-1.027,0.153,1.039,-19.6,-1.1,-5.0,20.26,WALKING
9500,-0.014,-0.952,0.049,0.953,-6.3,-13.3,0.2,14.72,WALKING
9550,-0.079,-0.898,0.055,0.903,-15.8,-16.2,-6.0,23.41,WALKING
9600,-0.060,-0.896,0.035,0.899,-21.1,-16.1,-0.3,26.54,WALKING
9650,-0.051,-0.954,0.070,0.958,-10.9,-31.5,-4.7,33.66,WALKING
9700,0.000,-1.023,0.095,1.027,-0.5,-51.3,-12.1,52.71,WALKING
9750,0.033,-1.117,0.117,1.124,1.2,-61.0,-13.3,62.44,WALKING
9800,0.006,-1.041,0.084,1.044,6.0,-68.1,-18.5,70.82,WALKING
9850,0.051,-1.340,0.158,1.350,8.6,-83.3,-28.3,88.40,WALKING
9900,-0.008,-0.782,0.034,0.783,19.6,-55.3,-5.8,58.96,WALKING
9950,-0.043,-0.955,-0.298,1.001,42.3,-84.4,5.4,94.56,WALKING
10000,0.112,-1.073,0.144,1.088,-27.2,-55.7,11.8,63.10,WALKING
10050,0.042,-0.915,0.007,0.916,-56.3,-28.9,8.1,63.80,WALKING
10100,-0.036,-0.912,-0.105,0.919,8.4,-59.2,11.9,60.97,WALKING
10150,-0.063,-0.891,-0.076,0.896,48.3,-55.7,12.5,74.78,WALKING
10200,-0.073,-1.021,-0.068,1.026,28.7,-47.2,10.8,56.29,WALKING
10250,-0.080,-1.078,-0.008,1.081,-3.2,-16.3,4.7,17.26,WALKING
10300,-0.035,-1.082,-0.037,1.083,1.0,-32.9,13.3,35.50,WALKING
10350,-0.118,-1.144,0.049,1.151,2.5,-18.9,12.0,22.53,WALKING
10400,0.027,-1.284,0.159,1.294,-0.3,-4.2,0.1,4.21,WALKING
10450,0.004,-0.886,0.035,0.887,10.3,1.7,11.5,15.53,WALKING
10500,-0.194,-0.828,0.106,0.857,-10.0,16.6,-1.1,19.41,WALKING
10550,-0.140,-0.936,0.146,0.958,-11.5,3.2,-11.4,16.51,WALKING
10600,0.009,-1.077,0.211,1.098,-25.9,5.6,-12.4,29.26,WALKING
10650,-0.044,-1.057,0.080,1.061,-7.7,1.3,1.3,7.92,WALKING
10700,-0.122,-0.890,0.080,0.902,0.0,-7.9,14.1,16.16,WALKING
10750,-0.125,-0.850,0.025,0.860,-0.5,-9.1,12.6,15.55,WALKING
10800,-0.114,-0.913,0.041,0.921,1.5,-15.8,10.0,18.76,WALKING
10850,-0.097,-1.010,0.084,1.018,-5.1,-18.5,6.5,20.26,WALKING
10900,-0.058,-1.127,0.091,1.132,4.6,-20.5,-1.0,21.03,WALKING
10950,-0.098,-1.047,0.079,1.055,5.4,-21.6,-2.2,22.37,WALKING
11000,-0.174,-1.313,0.170,1.335,-1.1,-25.8,-19.6,32.42,WALKING
11050,0.061,-0.888,0.035,0.891,25.4,-5.4,-5.6,26.56,WALKING
11100,-0.227,-0.815,-0.048,0.847,-30.0,15.3,2.3,33.75,WALKING
11150,-0.122,-1.004,0.057,1.013,-43.4,-1.5,-3.2,43.54,WALKING
11200,-0.126,-0.886,0.122,0.903,-48.5,28.3,-7.4,56.64,WALKING
11250,-0.171,-1.030,-0.019,1.044,8.8,3.5,3.5,10.10,WALKING
11300,-0.158,-0.991,0.025,1.004,31.7,5.0,4.6,32.42,WALKING
11350,-0.114,-1.033,0.009,1.039,31.5,10.5,8.6,34.30,WALKING
11400,-0.120,-0.957,0.000,0.964,4.6,33.1,8.1,34.39,WALKING
11450,-0.186,-0.930,0.016,0.949,-8.7,44.6,-4.9,45.70,WALKING
11500,-0.164,-1.021,0.150,1.045,3.6,41.7,-3.9,42.04,WALKING
11550,-0.125,-1.203,0.115,1.215,-4.2,47.5,-8.4,48.42,WALKING
11600,-0.031,-1.052,0.147,1.063,15.6,59.3,-2.6,61.37,WALKING
11650,-0.192,-0.860,0.092,0.886,-12.0,81.5,-8.6,82.83,WALKING
11700,-0.138,-1.007,0.122,1.024,-1.2,59.5,-21.7,63.34,WALKING
11750,-0.019,-1.080,0.199,1.098,-3.5,77.5,-22.8,80.86,WALKING
11800,0.009,-0.997,0.051,0.998,-6.0,73.1,-5.1,73.52,WALKING
11850,-0.121,-0.877,0.020,0.886,0.9,53.9,5.8,54.22,WALKING
11900,-0.170,-0.895,0.050,0.912,-6.0,43.7,4.1,44.30,WALKING
11950,-0.122,-1.016,0.053,1.025,2.3,22.1,5.8,22.96,WALKING
12000,-0.044,-1.092,0.110,1.098,11.5,5.4,10.3,16.36,WALKING
12050,-0.017,-1.099,0.085,1.102,14.3,-1.8,9.0,16.99,WALKING
12100,-0.007,-1.026,0.062,1.028,15.8,-15.1,4.4,22.29,WALKING
12150,0.001,-1.183,0.110,1.188,-3.0,-10.9,-22.7,25.36,WALKING
12200,0.055,-0.941,0.074,0.946,3.9,-7.5,-13.5,15.93,WALKING
12250,-0.087,-0.834,-0.071,0.842,-8.3,8.1,-7.2,13.65,WALKING
12300,-0.040,-0.970,0.054,0.972,-31.2,3.1,-17.2,35.76,WALKING
12350,0.091,-1.052,0.065,1.058,-30.2,1.4,-14.9,33.70,WALKING
12400,-0.095,-0.953,-0.019,0.958,9.8,-16.5,-1.4,19.24,WALKING
12450,-0.121,-0.935,-0.132,0.952,23.7,2.8,1.2,23.89,WALKING
12500,-0.112,-1.015,0.031,1.022,29.8,-2.5,5.8,30.46,WALKING
12550,-0.092,-1.058,-0.014,1.062,-6.2,11.9,5.3,14.43,WALKING
12600,-0.108,-1.037,0.000,1.043,1.5,16.0,19.4,25.19,WALKING
12650,-0.071,-1.042,0.047,1.045,17.5,13.3,20.7,30.19,WALKING
12700,-0.043,-1.146,-0.014,1.147,25.9,-1.4,21.9,33.95,WALKING
12750,-0.013,-1.118,0.155,1.129,-5.0,9.5,31.6,33.37,WALKING
12800,-0.071,-0.836,-0.058,0.841,4.9,21.5,13.7,25.96,WALKING
12850,-0.153,-0.870,0.153,0.897,-6.7,33.3,-2.4,34.05,WALKING
12900,-0.085,-1.040,0.245,1.072,0.3,35.8,-11.3,37.54,WALKING
12950,-0.042,-1.010,0.148,1.022,-3.4,40.3,-4.2,40.66,WALKING
13000,-0.138,-0.947,0.059,0.959,-3.0,25.6,4.4,26.15,WALKING
13050,-0.187,-0.919,0.074,0.941,-3.1,18.2,3.6,18.81,WALKING
13100,-0.143,-0.975,0.069,0.988,-2.5,19.5,2.6,19.83,WALKING
13150,-0.079,-1.023,0.093,1.030,3.0,2.0,-0.8,3.69,WALKING
13200,-0.043,-1.091,0.117,1.098,5.1,-8.6,-6.7,12.04,WALKING
13250,0.051,-1.080,0.102,1.086,0.9,-13.7,-11.8,18.10,WALKING
13300,-0.126,-1.176,0.150,1.192,-5.8,-43.2,-12.8,45.43,WALKING
13350,0.183,-1.099,0.182,1.129,28.9,-43.7,-4.7,52.60,WALKING
13400,-0.078,-0.852,-0.062,0.858,10.3,-24.9,7.1,27.87,WALKING
13450,0.059,-1.027,0.085,1.032,-1.8,-64.8,14.4,66.41,WALKING
13500,0.141,-0.884,0.129,0.904,-64.1,-29.8,3.4,70.77,WALKING
13550,-0.037,-0.927,-0.049,0.929,-11.4,-58.0,2.7,59.17,WALKING
13600,-0.063,-0.869,-0.063,0.874,34.3,-52.9,0.4,63.05,WALKING
13650,-0.053,-0.938,-0.044,0.941,46.4,-49.2,4.2,67.76,WALKING
13700,-0.093,-0.967,-0.016,0.972,12.1,-28.9,7.2,32.15,WALKING
13750,-0.119,-1.006,-0.019,1.013,0.7,-18.5,6.5,19.62,WALKING
13800,-0.092,-1.041,0.222,1.068,13.0,-49.4,9.0,51.87,WALKING
13850,-0.006,-1.360,0.116,1.365,4.5,-26.2,-1.1,26.61,WALKING
13900,0.119,-1.123,0.270,1.161,-17.7,-10.8,6.7,21.79,WALKING
13950,-0.024,-0.871,0.048,0.873,0.0,-29.5,17.7,34.40,WALKING
14000,-0.036,-0.961,0.115,0.969,-9.8,-33.1,1.6,34.56,WALKING
14050,0.064,-1.100,0.179,1.116,-30.5,-35.1,-7.4,47.09,WALKING
14100,0.119,-0.984,0.048,0.992,0.0,-44.6,6.0,45.00,WALKING
14150,-0.040,-0.898,-0.032,0.899,-2.0,-53.9,5.7,54.24,WALKING
14200,-0.080,-0.891,0.015,0.895,-19.1,-51.3,0.8,54.75,WALKING
14250,-0.079,-0.959,0.004,0.962,-11.9,-57.6,-4.6,59.00,WALKING
14300,-0.044,-1.045,0.068,1.048,0.2,-64.6,-4.8,64.78,WALKING
14350,-0.056,-1.052,0.094,1.058,-3.1,-61.9,-6.4,62.31,WALKING
14400,0.019,-1.107,0.126,1.114,0.8,-66.7,-10.2,67.48,WALKING
14450,0.022,-1.066,0.091,1.070,-1.1,-67.0,-9.8,67.72,WALKING
14500,0.091,-1.219,0.134,1.230,-7.4,-86.8,-13.1,88.09,WALKING
14550,0.101,-0.876,-0.148,0.894,44.8,-102.6,13.3,112.74,WALKING
14600,-0.016,-0.918,-0.005,0.918,-26.8,-87.3,16.2,92.75,WALKING
14650,0.137,-0.987,0.055,0.998,-13.4,-87.9,2.5,88.95,WALKING
14700,0.002,-0.964,-0.072,0.967,-20.5,-73.6,-1.8,76.42,WALKING
14750,-0.083,-0.915,-0.013,0.919,17.0,-82.1,0.4,83.84,WALKING
14800,-0.104,-0.976,0.037,0.982,26.8,-80.9,-1.2,85.23,WALKING
14850,-0.062,-1.067,-0.061,1.071,16.5,-67.9,-2.0,69.90,WALKING
14900,-0.087,-1.085,-0.016,1.089,21.8,-50.0,-2.1,54.59,WALKING
14950,-0.137,-1.076,-0.013,1.085,30.8,-35.9,4.7,47.53,WALKING
15000,-0.162,-1.081,-0.023,1.093,13.2,-23.6,11.1,29.23,WALKING
15050,0.008,-1.160,0.008,1.160,-27.3,6.7,-2.8,28.25,WALKING
15100,0.020,-0.918,-0.038,0.919,-14.6,7.2,16.1,22.90,WALKING
15150,-0.063,-0.866,0.099,0.874,-31.9,16.6,1.2,35.98,WALKING
15200,-0.024,-0.967,0.200,0.988,-14.4,1.0,-9.8,17.45,WALKING
15250,0.102,-1.051,0.158,1.068,-9.6,7.0,-4.9,12.85,WALKING
15300,-0.008,-0.955,0.024,0.955,0.0,-11.5,5.5,12.75,WALKING
15350,-0.105,-0.882,0.042,0.889,-7.9,-15.4,5.7,18.22,WALKING
15400,-0.049,-0.907,0.022,0.909,-21.7,-0.2,2.8,21.88,WALKING
15450,-0.008,-0.988,0.046,0.989,-6.3,-18.6,-0.7,19.65,WALKING
15500,0.023,-1.064,0.126,1.072,-3.5,-33.3,-5.8,33.98,WALKING
15550,0.114,-1.080,0.159,1.098,8.9,-43.4,-11.0,45.65,WALKING
15600,-0.016,-1.135,0.187,1.150,22.8,-51.6,-17.3,59.01,WALKING
15650,0.159,-1.102,0.115,1.119,33.3,-46.1,-17.5,59.50,WALKING
15700,-0.026,-0.885,-0.048,0.887,23.2,-26.3,1.5,35.10,WALKING
15750,0.084,-1.055,-0.015,1.058,4.0,-38.5,2.8,38.81,WALKING
15800,0.134,-0.966,0.148,0.986,-10.4,-48.6,6.9,50.18,WALKING
15850,-0.013,-0.958,-0.032,0.959,-1.0,-34.3,7.8,35.19,WALKING
15900,-0.081,-0.910,-0.061,0.916,8.4,-37.4,8.1,39.18,WALKING
15950,-0.079,-0.987,-0.039,0.991,25.5,-33.8,5.8,42.74,WALKING
16000,-0.079,-1.001,0.019,1.004,1.2,-17.8,16.4,24.23,WALKING
16050,-0.086,-0.988,0.029,0.992,1.3,-15.2,24.8,29.12,WALKING
16100,-0.055,-1.000,0.001,1.002,-13.7,-2.9,30.9,33.93,WALKING
16150,-0.070,-1.353,0.203,1.370,-9.0,-9.3,5.5,14.06,WALKING
16200,0.167,-1.077,0.216,1.111,32.4,-9.7,21.6,40.13,WALKING
16250,-0.048,-1.014,0.061,1.017,-29.4,-0.3,18.6,34.79,WALKING
16300,0.034,-1.025,0.172,1.040,-15.4,-10.7,8.1,20.43,WALKING
16350,0.092,-0.997,0.053,1.003,-19.7,5.6,6.5,21.49,WALKING
16400,-0.013,-0.872,0.036,0.873,-6.9,-27.3,16.8,32.79,WALKING
16450,-0.114,-0.819,0.025,0.827,-21.1,-22.7,2.3,31.08,WALKING
16500,-0.111,-0.848,0.052,0.857,-14.9,-32.1,0.7,35.40,WALKING
16550,-0.019,-0.933,0.080,0.937,7.9,-56.7,-8.5,57.88,WALKING
16600,-0.002,-1.030,0.119,1.037,3.5,-50.3,-17.8,53.47,WALKING
16650,0.061,-1.130,0.114,1.137,5.9,-56.0,-23.1,60.86,WALKING
16700,0.010,-1.057,0.098,1.062,2.6,-60.6,-24.2,65.31,WALKING
16750,-0.005,-1.269,0.146,1.277,5.1,-77.9,-41.2,88.27,WALKING
16800,0.066,-0.938,0.113,0.947,17.7,-51.2,-26.1,60.13,WALKING
16850,0.006,-0.980,-0.020,0.980,27.4,-40.8,-8.7,49.91,WALKING
16900,0.114,-0.971,0.169,0.992,13.6,-66.7,4.0,68.19,WALKING
16950,0.118,-0.924,0.078,0.935,-66.3,-21.5,-3.4,69.78,WALKING
17000,0.080,-0.921,-0.038,0.925,-0.9,-55.1,1.9,55.14,WALKING
17050,0.076,-0.912,-0.031,0.916,49.5,-72.3,12.0,88.44,WALKING
17100,0.015,-0.925,-0.069,0.928,38.2,-66.5,18.9,78.99,WALKING
17150,-0.078,-0.993,-0.045,0.997,6.5,-45.0,16.1,48.23,WALKING
17200,-0.097,-1.082,-0.038,1.087,-1.8,-54.5,9.2,55.30,WALKING
17250,-0.077,-1.204,0.020,1.207,-0.4,-21.9,9.0,23.68,WALKING
17300,0.000,-1.397,0.146,1.405,0.2,-22.0,15.6,26.97,WALKING
17350,0.060,-1.123,0.093,1.128,5.1,-16.1,35.2,39.04,WALKING
17400,-0.091,-0.830,0.086,0.839,-16.8,0.6,39.3,42.74,WALKING
17450,-0.084,-0.914,0.072,0.921,-21.9,-7.0,24.5,33.60,WALKING
17500,0.007,-1.035,0.243,1.063,-25.2,-8.8,12.4,29.43,WALKING
17550,0.055,-0.944,0.121,0.953,-6.7,-16.8,35.1,39.49,WALKING
17600,-0.035,-0.868,0.076,0.872,-3.7,-22.1,12.6,25.71,WALKING
17650,-0.073,-0.797,0.090,0.805,-10.5,-13.2,-0.9,16.89,WALKING
17700,-0.070,-0.847,0.061,0.852,-8.4,-14.2,-17.6,24.12,WALKING
17750,-0.034,-0.923,0.090,0.928,3.2,-21.0,-28.2,35.31,WALKING
17800,-0.033,-1.034,0.097,1.039,7.8,-26.3,-34.7,44.23,WALKING
17850,0.005,-1.139,0.116,1.145,17.5,-36.0,-32.8,51.75,WALKING
17900,-0.010,-1.099,0.064,1.101,13.7,-39.6,-26.4,49.53,WALKING
17950,-0.082,-1.113,0.036,1.117,11.7,-59.0,-22.3,64.15,WALKING
18000,0.109,-1.183,-0.011,1.188,18.7,-90.0,-10.2,92.49,WALKING
18050,-0.026,-0.750,0.061,0.753,3.7,-59.9,14.2,61.67,WALKING
18100,0.088,-1.000,0.013,1.004,-32.1,-70.3,15.8,78.88,WALKING
18150,0.230,-1.006,0.117,1.039,-20.2,-68.6,14.1,72.89,WALKING
18200,0.085,-0.937,-0.054,0.942,-26.6,-75.3,15.3,81.31,WALKING
18250,-0.020,-0.874,-0.061,0.876,29.5,-90.6,14.9,96.44,WALKING
18300,-0.031,-0.959,0.003,0.960,15.4,-63.5,5.7,65.59,WALKING
18350,-0.049,-1.025,-0.048,1.027,5.1,-53.6,4.2,54.01,WALKING
18400,-0.086,-1.011,-0.003,1.015,3.6,-33.3,11.8,35.51,WALKING
18450,-0.095,-1.005,0.025,1.010,10.3,-29.5,19.0,36.57,WALKING
18500,-0.105,-1.041,0.101,1.051,10.1,-15.3,13.9,23.01,WALKING
18550,0.077,-1.185,0.080,1.190,34.3,-29.8,2.3,45.50,WALKING
18600,0.103,-1.025,0.126,1.038,-10.3,-23.9,29.5,39.34,WALKING
18650,-0.062,-0.887,0.158,0.903,0.5,-29.6,27.8,40.61,WALKING
18700,-0.023,-0.980,0.117,0.987,-23.3,-25.9,5.3,35.24,WALKING
18750,0.079,-1.071,0.196,1.092,-30.1,-32.0,-10.2,45.10,WALKING
18800,0.063,-1.019,0.061,1.023,1.0,-44.3,1.2,44.33,WALKING
18850,-0.045,-0.915,0.050,0.917,-7.4,-49.2,-1.0,49.76,WALKING
18900,-0.103,-0.847,0.046,0.854,-17.8,-42.7,0.4,46.26,WALKING
18950,-0.088,-0.881,0.037,0.886,-17.2,-48.0,-6.6,51.41,WALKING
19000,-0.038,-0.990,0.117,0.998,-7.8,-56.9,-8.5,58.06,WALKING
19050,0.026,-1.116,0.101,1.121,3.8,-69.3,-6.5,69.71,WALKING
19100,0.080,-1.108,0.091,1.115,13.7,-76.7,-3.5,77.99,WALKING
19150,-0.001,-0.989,0.039,0.990,4.8,-88.4,-4.0,88.62,WALKING
19200,-0.089,-1.061,0.122,1.072,-3.3,-108.2,-14.0,109.15,WALKING
19250,0.188,-1.045,0.162,1.074,3.8,-96.3,-6.5,96.59,WALKING
19300,-0.039,-1.010,0.123,1.018,9.3,-95.6,6.3,96.26,WALKING
19350,0.096,-0.972,0.304,1.023,5.8,-94.5,3.9,94.76,WALKING
19400,0.033,-0.930,0.058,0.932,-17.4,-94.1,8.6,96.08,WALKING
19450,-0.105,-0.893,0.076,0.902,-12.0,-76.2,-0.2,77.14,WALKING
19500,-0.158,-0.907,0.233,0.950,52.7,-101.0,1.1,113.93,WALKING
19550,-0.097,-1.094,0.018,1.098,-28.0,-33.5,-13.7,45.76,WALKING
19600,-0.072,-1.043,-0.021,1.046,-6.7,-24.7,-0.9,25.61,WALKING
19650,-0.101,-1.034,-0.062,1.041,12.2,-9.9,10.0,18.62,WALKING
19700,-0.125,-0.991,0.103,1.004,29.1,-7.9,14.2,33.33,WALKING
19750,-0.137,-1.207,0.522,1.322,-19.1,-27.5,5.8,33.98,WALKING
19800,0.100,-1.244,0.220,1.267,-5.0,-15.4,18.9,24.89,WALKING
19850,-0.074,-0.903,0.092,0.911,-5.9,-4.0,21.2,22.37,WALKING
19900,-0.151,-0.936,0.145,0.959,-15.0,18.8,6.5,24.91,WALKING
19950,-0.086,-0.993,0.224,1.022,-30.8,35.7,-3.2,47.26,WALKING
20000,-0.043,-0.937,0.169,0.953,-29.1,25.6,9.3,39.86,WALKING
20050,-0.105,-0.872,0.092,0.883,-26.4,15.7,14.5,33.97,WALKING
20100,-0.089,-0.867,0.083,0.875,-15.1,5.0,12.1,19.99,WALKING
20150,-0.048,-0.922,0.050,0.925,-3.0,-6.3,4.9,8.53,WALKING
20200,-0.032,-0.965,0.081,0.969,-1.1,-17.7,-3.0,17.99,WALKING
20250,-0.020,-1.077,0.104,1.082,-0.7,-24.0,-15.4,28.52,WALKING
20300,0.028,-1.109,0.087,1.113,8.6,-31.2,-21.2,38.69,WALKING
20350,-0.032,-1.327,0.097,1.331,6.1,-44.8,-53.6,70.12,WALKING
20400,0.057,-1.015,0.101,1.022,26.2,-28.1,-25.5,46.11,WALKING
20450,-0.093,-0.759,-0.125,0.775,33.6,-19.8,-2.0,39.05,WALKING
20500,-0.047,-0.964,0.012,0.965,14.3,-27.9,2.6,31.46,WALKING
20550,0.156,-1.045,0.267,1.090,-45.5,1.6,0.9,45.54,WALKING
20600,0.022,-1.015,-0.038,1.016,7.7,-19.6,11.9,24.19,WALKING
20650,-0.036,-0.941,-0.020,0.942,7.8,-17.9,8.1,21.14,WALKING
20700,-0.023,-0.933,-0.040,0.934,28.9,-24.4,8.2,38.70,WALKING
20750,-0.061,-0.956,-0.012,0.958,-2.0,-14.6,13.8,20.19,WALKING
20800,-0.093,-0.976,0.029,0.981,-9.5,-4.4,9.8,14.34,WALKING
20850,-0.081,-1.033,0.006,1.036,-8.7,0.8,10.3,13.51,WALKING
20900,-0.057,-1.083,-0.010,1.085,6.4,-17.7,15.7,24.51,WALKING
20950,-0.048,-1.254,0.184,1.268,5.7,-3.0,2.2,6.81,WALKING
21000,0.009,-0.987,0.130,0.996,8.4,20.0,6.8,22.73,WALKING
21050,-0.151,-0.898,0.039,0.911,-19.6,17.0,3.1,26.13,WALKING
21100,-0.069,-1.044,0.166,1.059,-11.8,12.3,-9.1,19.32,WALKING
21150,0.049,-1.046,0.137,1.056,-18.4,21.9,-7.3,29.52,WALKING
21200,-0.009,-0.932,0.023,0.932,-2.3,3.7,1.4,4.58,WALKING
21250,-0.090,-0.833,0.039,0.839,-9.8,-4.6,-3.5,11.38,WALKING
21300,-0.047,-0.908,0.059,0.911,-9.8,-7.5,-8.8,15.16,WALKING
21350,0.023,-1.029,0.085,1.033,4.8,-30.2,-9.6,32.05,WALKING
21400,0.039,-1.061,0.095,1.066,3.6,-36.2,-10.3,37.81,WALKING
21450,0.083,-1.107,0.112,1.116,7.2,-55.4,-8.6,56.52,WALKING
21500,0.042,-1.002,0.049,1.004,6.7,-61.5,-8.8,62.49,WALKING
21550,0.046,-1.440,0.134,1.447,0.2,-83.5,-24.9,87.13,WALKING
21600,0.161,-0.886,0.085,0.905,14.1,-51.1,1.5,53.03,WALKING
21650,0.091,-0.920,-0.370,0.996,11.2,-105.1,20.7,107.70,WALKING
21700,0.026,-0.950,0.207,0.973,-43.2,-71.7,8.0,84.09,WALKING
21750,0.061,-1.008,-0.051,1.011,-35.7,-44.1,4.0,56.88,WALKING
21800,0.013,-0.976,-0.066,0.978,14.3,-67.7,13.2,70.44,WALKING
21850,-0.005,-1.005,-0.096,1.010,63.2,-60.9,19.4,89.89,WALKING
21900,-0.037,-0.978,-0.084,0.982,54.3,-54.8,24.1,80.82,WALKING
21950,-0.109,-0.954,-0.041,0.961,-18.3,-17.3,21.0,32.79,WALKING
22000,-0.109,-1.033,0.005,1.039,-3.2,-30.6,21.7,37.65,WALKING
22050,-0.087,-0.992,0.049,0.997,13.6,-21.7,20.5,32.80,WALKING
22100,-0.074,-1.157,0.117,1.165,-12.1,-22.1,-2.1,25.28,WALKING
22150,0.072,-0.942,0.161,0.958,-8.9,-22.1,2.3,23.94,WALKING
22200,-0.101,-0.921,0.104,0.932,-39.8,-13.4,-3.2,42.12,WALKING
22250,-0.055,-1.089,0.167,1.103,-1.8,-29.5,-10.7,31.43,WALKING
22300,0.096,-1.099,0.092,1.107,-6.5,-22.1,-5.7,23.73,WALKING
22350,0.000,-0.984,-0.040,0.985,-15.2,-33.9,7.0,37.81,WALKING
22400,-0.143,-0.889,0.004,0.900,-16.0,-33.2,-0.7,36.86,WALKING
22450,-0.102,-1.014,0.009,1.019,-13.3,-34.9,0.2,37.35,WALKING
22500,-0.069,-1.085,0.030,1.088,-4.9,-41.7,3.1,42.10,WALKING
22550,-0.040,-1.065,0.020,1.066,-12.3,-40.5,1.5,42.35,WALKING
22600,-0.043,-0.999,0.027,1.000,-8.5,-47.8,-5.6,48.87,WALKING
22650,-0.044,-0.947,0.034,0.949,-1.3,-58.9,-15.3,60.87,WALKING
22700,-0.138,-0.985,0.042,0.996,-3.7,-64.3,-23.4,68.53,WALKING
22750,0.103,-1.025,0.037,1.031,3.0,-71.1,-27.0,76.11,WALKING
22800,-0.011,-1.011,-0.164,1.024,10.4,-68.3,6.5,69.39,WALKING
22850,0.037,-1.010,-0.133,1.019,-10.9,-74.8,10.9,76.37,WALKING
22900,0.058,-0.833,0.000,0.835,-9.8,-71.8,11.1,73.31,WALKING
22950,-0.033,-0.947,-0.121,0.955,-28.0,-54.4,3.4,61.28,WALKING
23000,-0.069,-0.929,-0.136,0.941,10.0,-69.3,9.1,70.61,WALKING
23050,-0.072,-0.974,-0.145,0.987,35.8,-59.0,11.2,69.91,WALKING
23100,-0.098,-1.010,-0.111,1.021,26.8,-48.6,9.1,56.24,WALKING
23150,-0.148,-1.049,-0.117,1.066,-2.5,-29.5,7.5,30.54,WALKING
23200,-0.157,-1.044,0.075,1.058,14.7,-32.2,11.6,37.25,WALKING
23250,-0.169,-1.034,0.076,1.050,3.9,-21.0,6.3,22.27,WALKING
23300,-0.040,-1.188,0.059,1.190,-18.9,-16.8,-4.1,25.62,WALKING
23350,-0.023,-0.932,0.023,0.933,-5.3,0.3,-1.2,5.44,WALKING
23400,-0.123,-0.980,0.005,0.988,-9.5,-6.5,-1.4,11.60,WALKING
23450,-0.096,-1.003,0.101,1.013,-1.8,-15.0,-5.3,16.01,WALKING
23500,0.035,-1.106,0.041,1.107,-6.7,-27.5,-0.2,28.31,WALKING
23550,-0.007,-0.926,0.000,0.926,-3.2,-30.1,6.3,30.92,WALKING
23600,-0.110,-0.852,-0.026,0.859,1.1,-32.4,1.6,32.46,WALKING
23650,-0.105,-0.894,0.002,0.900,-2.1,-30.4,-2.1,30.54,WALKING
23700,-0.059,-1.015,0.031,1.017,1.6,-42.2,0.5,42.23,WALKING
23750,-0.030,-1.054,0.062,1.056,1.8,-44.6,-2.0,44.68,WALKING
23800,-0.020,-1.132,0.062,1.134,6.1,-53.6,-9.3,54.74,WALKING
23850,0.047,-1.083,0.069,1.086,3.5,-61.1,-15.4,63.11,WALKING
23900,-0.124,-1.149,0.123,1.162,-15.8,-69.0,-26.0,75.41,WALKING
23950,0.138,-1.066,0.090,1.079,-0.6,-75.0,-21.4,78.00,WALKING
24000,-0.063,-0.818,-0.082,0.825,-6.0,-52.9,-3.0,53.32,WALKING
24050,0.057,-1.057,0.033,1.059,-20.0,-79.0,5.6,81.68,WALKING
24100,0.089,-0.878,0.123,0.891,-50.7,-45.3,-1.4,68.00,WALKING
24150,0.011,-0.952,-0.105,0.958,7.9,-79.1,10.2,80.15,WALKING
24200,-0.039,-0.923,0.000,0.924,46.6,-69.6,11.7,84.57,WALKING
24250,-0.021,-1.000,-0.090,1.004,15.1,-48.9,11.4,52.43,WALKING
24300,-0.042,-1.020,-0.062,1.023,-6.5,-33.4,10.2,35.52,WALKING
24350,-0.082,-1.056,-0.085,1.063,-0.8,-33.0,15.6,36.51,WALKING
24400,-0.068,-1.068,-0.029,1.071,15.2,-33.9,16.0,40.45,WALKING
24450,-0.102,-1.118,0.024,1.123,5.6,-30.4,10.1,32.52,WALKING
24500,-0.023,-1.136,0.130,1.144,25.2,-71.1,10.5,76.16,WALKING
24550,-0.023,-0.981,0.056,0.983,-13.1,-24.6,7.7,28.91,WALKING
24600,-0.090,-0.835,0.047,0.841,2.5,-31.0,12.0,33.34,WALKING
24650,-0.108,-0.992,0.072,1.000,-9.5,-27.5,-4.6,29.46,WALKING
24700,-0.056,-1.104,0.179,1.120,-16.1,-35.9,-10.7,40.77,WALKING
24750,-0.007,-1.004,0.036,1.005,0.0,-40.1,-3.3,40.24,WALKING
24800,-0.099,-0.913,0.005,0.918,-2.8,-42.7,-2.0,42.84,WALKING
24850,-0.124,-0.905,0.016,0.914,-10.9,-36.6,-6.2,38.69,WALKING
24900,-0.132,-0.961,0.022,0.970,-18.4,-32.0,-6.4,37.46,WALKING
24950,-0.111,-1.018,0.041,1.025,-8.6,-38.8,-5.3,40.09,WALKING
25000,-0.081,-1.074,0.051,1.078,-0.4,-46.0,-5.0,46.27,WALKING
25050,-0.032,-1.104,0.055,1.106,1.6,-52.6,-6.6,53.04,WALKING
25100,-0.021,-1.009,0.024,1.010,1.1,-52.9,-8.5,53.59,WALKING
25150,-0.115,-0.935,0.034,0.943,0.4,-58.5,-14.1,60.18,WALKING
25200,0.031,-1.158,-0.009,1.158,6.7,-70.0,-22.7,73.89,WALKING
25250,-0.033,-0.870,0.075,0.874,9.7,-44.4,2.8,45.53,WALKING
25300,0.009,-1.098,-0.133,1.106,7.3,-48.1,6.2,49.04,WALKING
25350,0.020,-0.975,0.134,0.984,-23.4,-30.4,3.9,38.56,WALKING
25400,-0.060,-0.951,-0.106,0.959,-18.2,-49.6,9.8,53.73,WALKING
25450,-0.134,-0.911,-0.070,0.923,23.0,-48.0,8.9,53.96,WALKING
25500,-0.084,-1.020,-0.159,1.036,49.6,-70.9,12.1,87.37,WALKING
25550,-0.123,-0.988,-0.022,0.996,8.6,-19.1,9.2,22.88,WALKING
25600,-0.172,-0.975,-0.056,0.992,-8.3,1.1,7.9,11.51,WALKING
25650,-0.161,-1.034,-0.018,1.047,5.1,4.3,5.9,8.91,WALKING
25700,-0.111,-1.079,-0.074,1.087,1.1,24.3,-0.7,24.33,WALKING
25750,-0.003,-1.324,0.077,1.326,1.4,27.3,-13.5,30.49,WALKING
25800,0.023,-0.914,0.080,0.918,9.5,14.1,11.6,20.58,WALKING
25850,-0.128,-0.915,0.091,0.928,-31.0,23.9,5.3,39.50,WALKING
25900,-0.023,-1.119,0.160,1.131,-5.3,6.0,-11.8,14.26,WALKING
25950,0.072,-1.013,0.122,1.023,-8.9,11.9,-17.8,23.19,WALKING
26000,0.063,-0.977,0.031,0.980,4.2,-8.1,-8.1,12.20,WALKING
26050,-0.053,-0.871,0.005,0.873,2.3,-6.0,-9.8,11.72,WALKING
26100,-0.101,-0.901,0.003,0.907,-4.5,-10.0,-10.7,15.32,WALKING
26150,-0.083,-1.017,0.024,1.021,-1.4,-14.5,-8.6,16.92,WALKING
26200,-0.051,-1.081,0.069,1.084,-2.1,-24.3,-5.6,25.03,WALKING
26250,0.014,-1.171,0.068,1.173,4.2,-35.0,-4.8,35.58,WALKING
26300,0.030,-1.051,0.043,1.052,9.3,-41.5,-1.4,42.55,WALKING
26350,0.013,-1.252,0.087,1.255,7.1,-56.8,-14.1,58.95,WALKING
26400,0.095,-0.912,0.106,0.923,35.0,-49.8,7.0,61.27,WALKING
26450,-0.081,-0.847,0.012,0.851,-13.0,-32.0,16.4,38.24,WALKING
26500,0.093,-1.086,0.036,1.091,-41.2,-43.4,10.0,60.67,WALKING
26550,0.119,-0.928,-0.022,0.936,-36.6,-48.5,8.8,61.39,WALKING
26600,-0.051,-0.931,-0.075,0.935,0.6,-63.3,7.4,63.73,WALKING
26650,-0.095,-0.898,-0.069,0.906,35.7,-51.6,3.7,62.85,WALKING
26700,-0.071,-1.021,-0.065,1.026,52.7,-58.2,9.9,79.14,WALKING
26750,-0.091,-1.021,-0.043,1.026,14.7,-34.2,13.2,39.50,WALKING
26800,-0.134,-1.012,-0.061,1.023,-7.2,-18.8,15.9,25.65,WALKING
26850,-0.081,-1.067,-0.127,1.078,21.4,-55.9,26.0,65.26,WALKING
26900,-0.146,-1.121,0.068,1.133,-5.7,-10.4,12.4,17.16,WALKING
26950,0.005,-1.198,0.174,1.211,-2.2,-23.3,2.1,23.50,WALKING
27000,-0.037,-0.840,0.066,0.843,-13.5,-2.3,10.4,17.20,WALKING
27050,-0.174,-0.906,0.072,0.925,-2.3,-15.8,4.4,16.56,WALKING
27100,-0.076,-1.109,0.248,1.139,-7.8,-5.3,-14.0,16.88,WALKING
27150,0.008,-1.033,0.144,1.043,-16.7,-8.8,-0.4,18.88,WALKING
27200,-0.113,-0.950,0.006,0.957,-8.4,-15.5,2.6,17.82,WALKING
27250,-0.158,-0.898,-0.016,0.912,0.2,-20.0,2.4,20.14,WALKING
27300,-0.099,-0.965,-0.003,0.970,-2.4,-23.5,0.0,23.62,WALKING
27350,-0.083,-0.994,0.043,0.998,-2.8,-32.3,0.5,32.42,WALKING
27400,-0.070,-1.069,0.071,1.074,-3.5,-43.2,-4.4,43.56,WALKING
27450,0.016,-1.092,0.101,1.097,-0.9,-52.7,-7.9,53.30,WALKING
27500,-0.025,-0.999,0.053,1.001,3.0,-63.6,-7.7,64.13,WALKING
27550,-0.043,-1.260,0.091,1.264,-13.1,-92.9,-22.3,96.43,WALKING
27600,0.082,-0.857,0.100,0.867,2.1,-83.0,0.7,83.03,WALKING
27650,-0.118,-0.794,-0.020,0.803,-15.0,-69.6,13.7,72.50,WALKING
27700,0.025,-1.051,0.005,1.051,-20.9,-78.3,1.3,81.05,WALKING
27750,0.032,-0.996,0.089,1.000,-14.0,-63.4,-2.1,64.96,WALKING
27800,-0.101,-0.973,-0.132,0.987,-5.7,-75.4,0.9,75.62,WALKING
27850,-0.127,-0.931,-0.092,0.944,24.9,-62.3,5.7,67.33,WALKING
27900,-0.136,-0.983,-0.066,0.995,25.9,-50.4,13.0,58.14,WALKING
27950,-0.157,-0.979,-0.075,0.994,-5.5,-29.6,14.2,33.29,WALKING
28000,-0.168,-1.034,-0.019,1.048,-1.3,-17.2,15.6,23.26,WALKING
28050,-0.161,-1.051,0.030,1.064,16.3,-12.6,17.7,27.16,WALKING
28100,-0.141,-1.144,0.045,1.154,21.7,-5.8,17.1,28.23,WALKING
28150,-0.086,-1.166,0.157,1.180,6.7,-7.9,11.7,15.63,WALKING
28200,-0.108,-1.033,0.104,1.044,-0.4,5.1,18.0,18.71,WALKING
28250,-0.173,-0.851,0.027,0.869,7.9,14.2,26.6,31.17,WALKING
28300,-0.287,-0.809,0.060,0.860,-8.6,22.3,20.5,31.49,WALKING
28350,-0.235,-0.978,0.115,1.012,-34.9,19.4,12.4,41.81,WALKING
28400,-0.120,-1.003,0.152,1.022,-28.0,4.1,13.7,31.44,WALKING
28450,-0.164,-0.992,0.051,1.007,-4.0,-20.0,18.4,27.47,WALKING
28500,-0.215,-0.898,0.044,0.924,5.3,-21.3,12.0,25.02,WALKING
28550,-0.224,-0.911,0.013,0.938,-17.7,-20.3,3.7,27.19,WALKING
28600,-0.242,-0.949,0.023,0.980,-6.5,-20.0,-2.8,21.22,WALKING
28650,-0.264,-0.970,-0.006,1.005,2.1,-21.5,-7.1,22.74,WALKING
28700,-0.257,-0.997,-0.001,1.030,9.2,-29.8,-6.3,31.82,WALKING
28750,-0.251,-0.998,0.015,1.029,2.5,-31.6,-6.6,32.38,WALKING
28800,-0.279,-1.005,0.065,1.045,-2.8,-38.6,-12.8,40.76,WALKING
28850,-0.213,-1.054,0.106,1.081,-3.7,-45.0,-23.1,50.72,WALKING
28900,-0.104,-1.177,0.102,1.186,-2.9,-60.6,-27.3,66.53,WALKING
28950,-0.091,-0.948,0.004,0.952,4.9,-67.4,-17.7,69.86,WALKING
29000,-0.137,-0.874,0.003,0.885,-24.8,-71.9,-12.1,77.01,WALKING
29050,0.060,-1.127,0.085,1.132,-26.0,-60.4,-14.8,67.40,WALKING
29100,0.045,-1.061,-0.002,1.062,-42.9,-57.6,-8.2,72.29,WALKING
29150,-0.116,-0.896,-0.078,0.907,6.0,-77.5,-3.3,77.80,WALKING
29200,-0.147,-0.871,0.020,0.884,34.5,-87.2,-1.8,93.79,WALKING
29250,-0.119,-1.015,-0.058,1.024,-2.8,-53.6,-10.4,54.67,WALKING
29300,-0.120,-1.065,-0.038,1.072,1.8,-53.9,-5.8,54.24,WALKING
29350,-0.139,-1.048,-0.049,1.058,11.6,-38.7,0.7,40.41,WALKING
29400,-0.103,-1.014,-0.038,1.020,12.3,-20.0,8.9,25.11,WALKING
29450,-0.162,-1.058,0.029,1.071,-2.2,-16.5,11.0,19.95,WALKING
29500,-0.056,-1.205,0.188,1.221,-42.9,-27.0,1.1,50.70,WALKING
29550,0.075,-0.935,-0.029,0.938,1.4,-26.8,16.5,31.50,WALKING
29600,-0.171,-0.795,0.060,0.815,-14.4,-22.6,15.8,31.11,WALKING
29650,-0.130,-0.941,0.131,0.959,-7.5,-21.2,-6.0,23.27,WALKING
29700,0.045,-1.058,0.191,1.076,-19.8,-21.0,-10.1,30.58,WALKING
29750,0.020,-1.079,0.035,1.080,0.3,-36.0,6.3,36.55,WALKING
29800,-0.123,-0.890,0.025,0.899,-4.6,-46.8,9.9,48.06,WALKING
29850,-0.128,-0.903,0.008,0.912,-9.1,-47.6,6.2,48.86,WALKING
29900,-0.127,-0.987,0.006,0.995,-3.1,-53.2,3.9,53.43,WALKING
29950,-0.103,-1.037,0.045,1.043,-4.6,-55.1,2.4,55.34,WALKING
Recording stopped

Samples dumped: 600
