
Recording started
time,accelX,accelY,accelZ,accelMagnitude,gyroX,gyroY,gyroZ,gyroMagnitude,activity
0,0.824,-0.533,0.000,0.981,10.2,-6.0,-1.2,11.89,WALKING
50,0.793,-0.555,-0.011,0.968,-2.9,1.1,-8.4,8.95,WALKING
100,0.848,-0.589,-0.015,1.033,0.9,-2.5,-7.7,8.15,WALKING
150,0.823,-0.609,0.011,1.024,-4.6,2.9,-4.7,7.19,WALKING
200,0.818,-0.581,-0.013,1.003,-4.3,2.1,-0.7,4.84,WALKING
250,0.834,-0.550,0.020,0.999,-5.6,5.3,1.1,7.79,WALKING
300,0.857,-0.539,0.039,1.013,-8.2,1.4,6.6,10.62,WALKING
350,0.832,-0.524,0.033,0.984,-0.5,6.0,4.4,7.46,WALKING
400,0.837,-0.522,-0.016,0.987,-4.2,2.1,-0.9,4.78,WALKING
450,0.873,-0.534,-0.018,1.024,2.4,-11.0,1.4,11.35,WALKING
500,0.850,-0.525,0.021,0.999,2.0,-3.2,0.1,3.77,WALKING
550,0.807,-0.545,0.012,0.974,4.3,-5.7,0.2,7.14,WALKING
600,0.778,-0.550,0.021,0.953,-1.6,15.8,1.3,15.93,WALKING
650,0.782,-0.577,0.029,0.972,-11.5,2.5,1.8,11.91,WALKING
700,0.755,-0.586,0.065,0.958,-26.7,5.0,3.9,27.44,WALKING
750,0.796,-0.548,0.051,0.968,-11.2,10.7,1.3,15.54,WALKING
800,0.855,-0.542,0.080,1.015,0.4,12.5,-1.4,12.58,WALKING
850,0.810,-0.560,-0.010,0.985,-7.6,18.5,2.2,20.12,WALKING
900,0.809,-0.508,-0.109,0.961,21.7,10.8,-11.3,26.74,WALKING
950,0.814,-0.596,-0.118,1.016,30.5,-15.6,-10.4,35.80,WALKING
1000,0.675,-0.599,0.016,0.903,13.2,-9.9,-6.0,17.56,WALKING
1050,0.664,-0.593,-0.047,0.891,14.0,6.6,-20.5,25.69,WALKING
1100,0.874,-0.780,-0.088,1.175,-12.9,18.8,-40.7,46.65,WALKING
1150,1.064,-0.799,-0.083,1.333,-71.6,12.1,-54.9,91.03,WALKING
1200,1.092,-0.536,0.014,1.217,-52.4,-16.5,-23.5,59.75,WALKING
1250,0.994,-0.582,-0.046,1.153,28.6,-15.4,5.8,33.00,WALKING
1300,0.885,-0.578,-0.080,1.060,32.4,-24.7,13.7,42.98,WALKING
1350,0.932,-0.543,-0.077,1.081,5.8,-43.9,-10.5,45.51,WALKING
1400,0.765,-0.642,-0.021,0.999,25.2,-52.2,0.5,57.97,WALKING
1450,0.606,-0.511,-0.001,0.793,-88.4,-27.6,37.3,99.84,WALKING
1500,0.866,-0.375,0.093,0.948,-90.0,-6.9,52.6,104.47,WALKING
1550,0.956,-0.358,-0.079,1.024,-29.1,-45.7,43.4,69.42,WALKING
1600,0.719,-0.387,-0.015,0.817,45.8,-53.6,51.0,87.01,WALKING
1650,0.745,-0.471,-0.127,0.891,21.2,-16.6,52.2,58.74,WALKING
1700,0.781,-0.506,-0.248,0.963,-5.3,9.7,33.6,35.37,WALKING
1750,0.741,-0.368,-0.282,0.874,-36.0,17.6,22.1,45.76,WALKING
1800,0.723,-0.351,-0.261,0.845,6.7,19.5,-2.8,20.81,WALKING
1850,0.816,-0.614,-0.322,1.071,39.3,18.7,-16.4,46.51,WALKING
1900,0.998,-0.855,-0.528,1.416,65.7,-10.0,-14.0,67.92,WALKING
1950,0.824,-1.107,-0.515,1.473,13.5,-34.8,24.3,44.54,WALKING
2000,0.800,-0.754,0.237,1.125,-32.2,-9.4,25.0,41.84,WALKING
2050,0.724,-0.588,0.160,0.946,-59.4,58.5,7.6,83.72,WALKING
2100,0.847,-0.273,-0.125,0.899,-87.2,21.9,16.5,91.41,WALKING
2150,0.810,-0.460,0.256,0.966,-4.2,30.8,-22.6,38.43,WALKING
2200,0.889,-0.512,0.049,1.027,-11.4,22.7,-59.6,64.79,WALKING
2250,0.789,-0.503,0.074,0.939,33.9,-1.5,-35.4,49.04,WALKING
2300,0.712,-0.589,0.020,0.924,36.1,7.0,-21.3,42.50,WALKING
2350,0.734,-0.581,-0.080,0.940,-10.7,20.0,-23.3,32.52,WALKING
2400,0.807,-0.577,-0.098,0.997,-28.4,10.9,-27.7,41.14,WALKING
2450,0.905,-0.622,-0.034,1.099,-1.1,1.9,-27.2,27.29,WALKING
2500,1.010,-0.653,-0.022,1.203,38.9,-6.3,-21.6,44.94,WALKING
2550,0.994,-0.632,-0.014,1.178,80.8,-24.8,-3.2,84.58,WALKING
2600,1.042,-0.712,-0.067,1.264,21.2,-18.3,0.2,28.01,WALKING
2650,0.978,-0.710,-0.200,1.225,21.1,-54.5,20.9,62.07,WALKING
2700,0.560,-0.543,-0.056,0.782,-28.1,-55.9,63.9,89.43,WALKING
2750,0.776,-0.386,-0.020,0.867,-119.5,-20.2,64.7,137.38,WALKING
2800,0.912,-0.430,-0.016,1.008,-21.6,-37.5,31.8,53.70,WALKING
2850,0.700,-0.390,-0.068,0.804,40.9,-39.0,42.5,70.71,WALKING
2900,0.649,-0.560,-0.044,0.858,23.7,-21.6,28.9,43.17,WALKING
2950,0.678,-0.507,-0.198,0.869,-13.0,17.7,9.3,23.85,WALKING
3000,0.694,-0.496,-0.430,0.955,-54.4,26.4,-6.0,60.76,WALKING
3050,0.665,-0.489,-0.309,0.881,-42.6,30.9,-11.7,53.91,WALKING
3100,0.800,-0.669,-0.412,1.121,9.5,47.3,-0.7,48.25,WALKING
3150,0.857,-0.739,-0.372,1.191,7.9,11.6,17.6,22.51,WALKING
3200,0.841,-0.747,-0.176,1.139,65.1,-15.8,26.8,72.15,WALKING
3250,0.912,-0.602,0.001,1.093,41.0,-11.9,-0.1,42.69,WALKING
3300,0.751,-0.683,-0.251,1.046,87.8,27.9,3.1,92.18,WALKING
3350,0.895,-0.413,0.149,0.997,19.2,4.1,0.7,19.65,WALKING
3400,0.843,-0.609,0.038,1.041,31.2,19.1,-43.8,57.07,WALKING
3450,0.775,-0.526,-0.054,0.938,-8.2,13.6,-33.5,37.07,WALKING
3500,0.668,-0.539,0.008,0.858,4.0,1.6,-23.5,23.89,WALKING
3550,0.650,-0.470,-0.002,0.802,33.6,17.2,-28.2,47.12,WALKING
3600,0.691,-0.552,0.068,0.887,8.8,2.8,-33.8,35.04,WALKING
3650,0.882,-0.597,0.038,1.066,-21.9,6.8,-37.5,43.96,WALKING
3700,1.053,-0.645,-0.121,1.241,20.5,3.5,-36.1,41.66,WALKING
3750,1.113,-0.629,-0.212,1.296,106.8,-28.3,-21.7,112.60,WALKING
3800,1.001,-0.626,-0.128,1.188,96.9,-42.4,2.1,105.79,WALKING
3850,1.290,-0.735,-0.144,1.492,9.7,-49.2,-10.1,51.15,WALKING
3900,0.685,-0.618,-0.051,0.924,-30.8,-86.1,27.1,95.37,WALKING
3950,0.560,-0.400,0.150,0.704,-119.4,-28.1,76.1,144.35,WALKING
4000,0.884,-0.308,0.067,0.939,-124.1,-18.6,60.1,139.14,WALKING
4050,0.781,-0.283,-0.026,0.831,29.9,-42.0,27.3,58.34,WALKING
4100,0.748,-0.512,-0.224,0.934,71.8,-51.1,26.8,92.11,WALKING
4150,0.654,-0.508,-0.156,0.843,40.6,-20.2,13.8,47.40,WALKING
4200,0.707,-0.500,-0.322,0.924,34.4,17.4,-1.4,38.58,WALKING
4250,0.736,-0.474,-0.406,0.965,18.5,22.4,-14.5,32.47,WALKING
4300,0.758,-0.659,-0.364,1.068,35.9,20.6,-19.1,45.58,WALKING
4350,0.903,-0.821,-0.393,1.282,59.9,15.1,-11.2,62.78,WALKING
4400,0.784,-1.010,-0.324,1.319,35.0,-17.1,30.8,49.66,WALKING
4450,0.875,-0.684,0.027,1.111,-44.9,-15.0,22.8,52.54,WALKING
4500,0.688,-0.470,0.166,0.850,-29.3,40.3,10.7,50.96,WALKING
4550,0.851,-0.441,0.058,0.960,-27.7,43.8,-5.3,52.09,WALKING
4600,0.815,-0.421,0.185,0.936,-17.6,21.2,-21.2,34.77,WALKING
4650,0.781,-0.471,0.047,0.913,8.8,21.4,-33.7,40.88,WALKING
4700,0.713,-0.467,-0.009,0.852,-8.7,11.4,-31.5,34.61,WALKING
4750,0.689,-0.515,-0.034,0.861,7.9,17.2,-25.2,31.52,WALKING
4800,0.797,-0.502,-0.105,0.948,15.2,10.0,-26.8,32.39,WALKING
4850,0.918,-0.555,-0.016,1.073,27.5,-11.9,-33.0,44.57,WALKING
4900,1.057,-0.639,-0.041,1.236,81.4,-11.5,-41.0,91.87,WALKING
4950,0.760,-0.571,0.189,0.969,68.2,-2.8,-10.0,68.99,WALKING
5000,1.245,-0.752,-0.031,1.455,13.1,-28.3,-9.7,32.66,WALKING
5050,0.869,-0.539,-0.104,1.028,13.3,-66.5,23.4,71.74,WALKING
5100,0.606,-0.625,0.061,0.873,-35.2,-55.0,75.8,100.05,WALKING
5150,0.976,-0.417,0.101,1.066,-98.9,-51.3,66.7,129.85,WALKING
5200,0.805,-0.358,0.202,0.904,38.0,-60.6,38.5,81.23,WALKING
5250,0.638,-0.506,-0.006,0.814,60.5,-25.0,36.1,74.76,WALKING
5300,0.655,-0.467,-0.195,0.828,4.5,9.8,21.9,24.41,WALKING
5350,0.728,-0.417,-0.356,0.911,0.0,21.4,1.6,21.46,WALKING
5400,0.682,-0.390,-0.292,0.838,21.9,10.6,-15.4,28.79,WALKING
5450,0.708,-0.566,-0.258,0.942,24.2,8.4,-1.8,25.68,WALKING
5500,0.847,-0.811,-0.285,1.207,37.9,8.2,-6.9,39.39,WALKING
5550,0.861,-1.035,-0.351,1.391,75.6,-20.3,29.7,83.72,WALKING
5600,0.998,-0.752,-0.059,1.251,-18.5,-46.0,14.9,51.77,WALKING
5650,0.778,-0.586,0.283,1.014,30.8,-1.1,16.5,34.96,WALKING
5700,0.883,-0.366,0.221,0.981,-37.9,7.1,5.8,38.99,WALKING
5750,0.873,-0.264,0.181,0.930,36.0,1.0,-33.8,49.39,WALKING
5800,0.740,-0.392,0.039,0.838,52.2,-7.5,-35.0,63.29,WALKING
5850,0.684,-0.382,0.013,0.784,33.3,-28.4,-31.6,53.98,WALKING
5900,0.730,-0.466,0.011,0.866,91.2,-51.5,-39.0,111.76,WALKING
5950,0.818,-0.575,0.113,1.006,118.3,-49.0,-42.9,135.04,WALKING
6000,0.945,-0.665,-0.011,1.156,117.5,-32.2,-27.7,124.94,WALKING
6050,1.041,-0.728,-0.014,1.270,126.3,-38.9,-35.2,136.76,WALKING
6100,0.935,-0.725,-0.028,1.183,91.9,-31.8,-6.0,97.43,WALKING
6150,0.934,-0.585,-0.063,1.104,63.0,-66.9,7.6,92.21,WALKING
6200,1.066,-0.674,0.007,1.261,32.9,-97.5,-6.4,103.10,WALKING
6250,0.691,-0.717,0.070,0.998,-6.8,-107.9,58.7,123.02,WALKING
6300,0.852,-0.380,0.017,0.933,21.0,-39.7,58.2,73.51,WALKING
6350,0.785,-0.395,-0.167,0.895,33.8,-57.8,32.9,74.60,WALKING
6400,0.642,-0.466,-0.018,0.794,76.1,-87.7,21.6,118.11,WALKING
6450,0.584,-0.524,-0.044,0.786,68.1,-33.3,-10.6,76.54,WALKING
6500,0.674,-0.547,-0.203,0.891,56.7,0.9,-16.0,58.92,WALKING
6550,0.759,-0.622,-0.251,1.013,67.5,7.5,-26.1,72.76,WALKING
6600,0.807,-0.667,-0.437,1.135,80.7,4.1,-9.9,81.41,WALKING
6650,0.779,-0.987,-0.237,1.280,38.7,-26.7,9.7,48.01,WALKING
6700,0.886,-0.854,-0.090,1.234,-32.2,-43.2,8.8,54.59,WALKING
6750,0.751,-0.560,0.217,0.962,-14.4,8.3,-9.8,19.29,WALKING
6800,0.755,-0.601,-0.042,0.966,-44.0,20.3,9.1,49.30,WALKING
6850,0.847,-0.474,0.232,0.998,-25.5,-0.8,-10.0,27.40,WALKING
6900,0.866,-0.505,0.163,1.016,22.8,1.2,-30.3,37.94,WALKING
6950,0.765,-0.484,0.081,0.909,42.6,-14.6,-16.5,47.96,WALKING
7000,0.707,-0.496,0.018,0.864,26.6,-10.0,-8.6,29.69,WALKING
7050,0.652,-0.561,-0.026,0.861,19.6,-7.1,-10.5,23.34,WALKING
7100,0.711,-0.637,-0.039,0.955,-13.0,-4.2,-15.6,20.74,WALKING
7150,0.879,-0.668,-0.037,1.105,-7.8,2.1,-22.7,24.09,WALKING
7200,1.023,-0.690,0.006,1.234,30.5,-10.7,-29.4,43.69,WALKING
7250,1.037,-0.691,-0.053,1.247,71.8,-2.1,-22.9,75.39,WALKING
7300,1.001,-0.679,-0.175,1.222,72.5,-32.5,-2.2,79.48,WALKING
7350,1.002,-0.766,-0.097,1.265,21.9,-51.8,-6.3,56.59,WALKING
7400,0.618,-0.746,0.188,0.987,-23.8,-69.1,68.8,100.37,WALKING
7450,0.944,-0.300,0.087,0.994,-98.1,-40.5,69.5,126.86,WALKING
7500,0.733,-0.310,0.109,0.803,-13.6,-39.6,28.3,50.54,WALKING
7550,0.604,-0.503,-0.132,0.797,49.0,-13.2,22.6,55.55,WALKING
7600,0.675,-0.574,-0.194,0.907,-16.5,-3.9,18.9,25.39,WALKING
7650,0.670,-0.429,-0.214,0.824,3.8,26.1,3.5,26.61,WALKING
7700,0.664,-0.352,-0.262,0.796,22.1,20.9,-13.2,33.16,WALKING
7750,0.747,-0.508,-0.300,0.952,-10.7,4.6,-25.1,27.67,WALKING
7800,0.961,-0.727,-0.392,1.267,44.1,-15.7,-25.4,53.26,WALKING
7850,0.948,-1.037,-0.318,1.441,65.9,-25.9,-3.4,70.89,WALKING
7900,1.120,-0.916,0.033,1.447,12.8,-53.0,5.0,54.75,WALKING
7950,0.723,-0.520,0.140,0.902,17.0,5.8,4.3,18.47,WALKING
8000,0.673,-0.510,0.007,0.844,-50.8,14.9,35.5,63.74,WALKING
8050,0.764,-0.428,0.148,0.888,-61.0,35.4,-3.5,70.61,WALKING
8100,0.941,-0.386,0.106,1.023,-23.0,26.4,-47.2,58.77,WALKING
8150,0.869,-0.464,0.102,0.990,41.4,-6.3,-40.1,57.98,WALKING
8200,0.752,-0.512,0.071,0.913,60.2,-6.7,-19.1,63.51,WALKING
8250,0.723,-0.541,-0.089,0.907,24.2,14.3,-17.7,33.22,WALKING
8300,0.721,-0.506,-0.129,0.890,-3.0,4.5,-27.7,28.22,WALKING
8350,0.853,-0.605,-0.088,1.049,9.7,-6.2,-29.4,31.57,WALKING
8400,0.978,-0.621,-0.023,1.159,44.5,-16.5,-29.5,55.88,WALKING
8450,0.943,-0.639,-0.016,1.139,90.5,-42.7,-9.5,100.52,WALKING
8500,1.062,-0.697,-0.037,1.271,45.1,-29.1,10.1,54.62,WALKING
8550,0.875,-0.619,0.002,1.072,46.4,-59.9,2.5,75.81,WALKING
8600,0.700,-0.602,0.069,0.926,-35.7,-50.7,77.3,99.10,WALKING
8650,0.998,-0.464,-0.013,1.101,-66.0,-32.3,62.3,96.34,WALKING
8700,0.711,-0.328,0.019,0.783,31.4,-47.1,47.3,73.77,WALKING
8750,0.628,-0.511,-0.168,0.827,21.4,-25.3,40.6,52.41,WALKING
8800,0.575,-0.439,-0.120,0.733,-4.4,9.7,8.1,13.38,WALKING
8850,0.711,-0.415,-0.233,0.856,10.1,20.6,-10.3,25.15,WALKING
8900,0.774,-0.534,-0.187,0.959,53.9,30.1,-27.9,67.75,WALKING
8950,0.887,-0.642,-0.213,1.115,68.5,23.6,-31.2,78.88,WALKING
9000,0.962,-0.916,-0.387,1.384,31.1,-3.5,5.1,31.71,WALKING
9050,1.082,-1.012,-0.233,1.500,45.0,-24.3,29.3,58.94,WALKING
9100,0.800,-0.578,0.154,0.999,-25.7,-22.5,6.2,34.72,WALKING
9150,0.691,-0.485,0.039,0.845,-39.9,1.3,31.0,50.54,WALKING
9200,0.741,-0.432,0.226,0.887,-56.1,9.9,20.9,60.68,WALKING
9250,0.854,-0.322,0.186,0.931,-2.5,23.2,-36.6,43.41,WALKING
9300,0.887,-0.484,0.097,1.015,52.8,2.2,-56.7,77.51,WALKING
9350,0.777,-0.483,-0.005,0.915,37.3,-6.7,-38.2,53.81,WALKING
9400,0.737,-0.575,-0.134,0.944,26.7,2.3,-35.7,44.64,WALKING
9450,0.773,-0.581,-0.107,0.973,8.4,-14.9,-32.9,37.08,WALKING
9500,0.799,-0.628,-0.010,1.016,16.4,-14.5,-34.0,40.44,WALKING
9550,0.933,-0.714,-0.029,1.175,30.2,-9.8,-31.5,44.73,WALKING
9600,1.030,-0.644,-0.104,1.219,64.5,-44.4,-17.1,80.15,WALKING
9650,1.295,-0.773,-0.391,1.558,53.1,-33.7,-2.1,62.93,WALKING
9700,0.884,-0.609,-0.107,1.079,22.8,-74.0,6.2,77.68,WALKING
9750,0.517,-0.568,0.093,0.774,-22.6,-58.5,74.9,97.69,WALKING
9800,0.954,-0.322,-0.028,1.007,-49.2,-45.0,64.9,93.05,WALKING
9850,0.769,-0.321,0.120,0.842,44.7,-64.2,23.8,81.77,WALKING
9900,0.705,-0.539,-0.133,0.897,62.0,-21.7,28.5,71.60,WALKING
9950,0.709,-0.464,-0.224,0.876,-6.0,-3.6,12.4,14.24,WALKING
10000,0.737,-0.462,-0.252,0.906,16.3,14.6,1.3,21.92,WALKING
10050,0.778,-0.522,-0.211,0.960,47.2,17.3,-16.8,53.00,WALKING
10100,0.773,-0.675,-0.195,1.045,52.2,19.7,-12.3,57.13,WALKING
10150,0.837,-0.878,-0.488,1.308,34.1,0.0,5.3,34.51,WALKING
10200,0.865,-1.056,-0.336,1.406,0.5,-23.6,34.6,41.89,WALKING
10250,0.824,-0.676,0.236,1.092,-26.2,-34.6,-8.8,44.28,WALKING
10300,0.683,-0.562,0.080,0.888,22.0,19.8,0.0,29.60,WALKING
10350,0.726,-0.399,0.176,0.847,-57.1,30.5,3.4,64.82,WALKING
10400,0.817,-0.463,0.143,0.950,-26.3,55.5,-43.3,75.15,WALKING
10450,0.797,-0.522,0.080,0.956,-16.0,24.2,-52.5,59.98,WALKING
10500,0.753,-0.534,0.013,0.923,-2.1,10.1,-37.0,38.41,WALKING
10550,0.724,-0.548,-0.034,0.909,19.0,-1.1,-17.8,26.06,WALKING
10600,0.768,-0.602,0.007,0.976,20.3,-10.8,-15.8,27.90,WALKING
10650,0.852,-0.632,0.048,1.062,-4.4,-8.1,-15.2,17.78,WALKING
10700,0.913,-0.612,0.103,1.104,27.7,-7.4,-16.7,33.18,WALKING
10750,0.982,-0.718,0.019,1.217,63.5,-0.4,-25.6,68.47,WALKING
10800,0.901,-0.624,-0.063,1.098,51.3,-14.0,-20.5,56.99,WALKING
10850,0.823,-0.681,-0.129,1.076,13.3,-16.5,-8.1,22.69,WALKING
10900,1.077,-0.752,-0.163,1.324,20.1,-57.3,-14.4,62.41,WALKING
10950,0.619,-0.708,0.165,0.955,-10.8,-67.7,35.7,77.29,WALKING
11000,0.775,-0.482,0.046,0.914,-99.6,-16.6,60.1,117.51,WALKING
11050,0.865,-0.440,0.007,0.971,-96.4,-8.0,33.8,102.47,WALKING
11100,0.731,-0.457,0.011,0.862,31.9,-8.6,31.8,45.86,WALKING
11150,0.687,-0.535,-0.007,0.871,-39.6,9.8,34.4,53.36,WALKING
11200,0.700,-0.471,-0.076,0.847,-29.2,38.3,8.8,48.96,WALKING
11250,0.702,-0.448,-0.162,0.848,-16.2,55.7,-5.2,58.24,WALKING
11300,0.807,-0.583,-0.224,1.020,-23.7,66.2,-17.7,72.51,WALKING
11350,0.979,-0.905,-0.464,1.412,-40.9,31.4,2.1,51.61,WALKING
11400,0.834,-0.863,-0.219,1.220,-41.5,33.7,33.6,63.14,WALKING
11450,1.009,-0.638,0.215,1.213,-71.9,26.6,5.4,76.85,WALKING
11500,0.793,-0.508,0.000,0.942,-64.2,8.5,6.3,65.07,WALKING
11550,0.590,-0.420,0.223,0.758,-50.1,50.1,24.2,74.87,WALKING
11600,0.816,-0.520,0.284,1.008,-85.5,86.8,-24.7,124.32,WALKING
11650,0.875,-0.537,0.069,1.029,-54.3,53.9,-56.4,95.05,WALKING
11700,0.801,-0.491,0.055,0.941,-1.2,19.6,-18.1,26.71,WALKING
11750,0.765,-0.580,0.084,0.964,-20.7,9.1,0.0,22.61,WALKING
11800,0.765,-0.559,0.077,0.951,-25.4,6.3,-7.4,27.20,WALKING
11850,0.816,-0.568,0.001,0.994,-28.9,20.3,-11.4,37.11,WALKING
11900,0.862,-0.518,-0.040,1.006,-29.3,3.8,-13.3,32.40,WALKING
11950,0.851,-0.532,-0.015,1.004,16.4,4.3,-17.1,24.08,WALKING
12000,0.966,-0.611,-0.085,1.146,43.6,-5.4,-15.8,46.69,WALKING
12050,1.116,-0.654,0.054,1.295,117.1,-33.5,-22.8,123.91,WALKING
12100,1.109,-0.785,-0.120,1.364,-10.2,-34.2,-11.6,37.53,WALKING
12150,0.642,-0.630,-0.129,0.909,0.4,-52.0,55.3,75.91,WALKING
12200,0.897,-0.314,-0.026,0.951,-75.8,-35.6,58.3,102.04,WALKING
12250,0.835,-0.363,0.105,0.917,-3.2,-42.0,25.5,49.24,WALKING
12300,0.680,-0.507,0.045,0.849,28.4,-31.0,31.5,52.53,WALKING
12350,0.684,-0.537,-0.065,0.872,-36.0,3.3,19.3,40.98,WALKING
12400,0.741,-0.419,-0.169,0.868,-25.9,18.8,6.3,32.62,WALKING
12450,0.766,-0.407,-0.250,0.903,2.7,37.3,-12.8,39.53,WALKING
12500,0.764,-0.541,-0.245,0.968,31.5,32.7,-23.3,51.03,WALKING
12550,0.910,-0.714,-0.321,1.200,8.5,14.2,-11.8,20.33,WALKING
12600,0.921,-0.972,-0.254,1.363,19.9,-5.9,33.5,39.41,WALKING
12650,1.050,-0.702,-0.017,1.263,-21.0,-19.7,18.2,34.06,WALKING
12700,0.711,-0.390,0.042,0.812,-30.3,10.5,13.0,34.60,WALKING
12750,0.816,-0.342,0.121,0.893,-26.1,17.2,26.9,41.24,WALKING
12800,0.876,-0.347,0.147,0.954,-1.6,20.7,-21.0,29.53,WALKING
12850,0.857,-0.466,0.023,0.976,45.3,6.9,-31.0,55.32,WALKING
12900,0.800,-0.455,-0.027,0.921,28.7,-14.8,-17.8,36.87,WALKING
12950,0.756,-0.617,-0.032,0.976,28.2,-14.7,-11.7,33.89,WALKING
13000,0.784,-0.507,-0.013,0.934,23.1,-12.1,-25.7,36.61,WALKING
13050,0.880,-0.534,0.039,1.030,34.1,-4.6,-34.5,48.73,WALKING
13100,0.999,-0.651,0.006,1.192,58.8,-13.9,-43.1,74.22,WALKING
13150,1.020,-0.604,-0.101,1.190,89.4,-51.8,-27.3,106.87,WALKING
13200,0.975,-0.667,0.046,1.182,66.5,-56.8,1.8,87.47,WALKING
13250,1.045,-0.676,-0.039,1.245,42.2,-72.8,-8.7,84.60,WALKING
13300,0.645,-0.611,-0.116,0.896,60.7,-81.6,55.5,115.86,WALKING
13350,0.955,-0.325,-0.139,1.018,-53.9,-42.2,69.5,97.55,WALKING
13400,0.812,-0.371,0.153,0.906,22.4,-46.6,32.6,61.12,WALKING
13450,0.686,-0.465,-0.113,0.836,44.3,-33.2,22.8,59.87,WALKING
13500,0.685,-0.469,-0.240,0.864,13.3,-19.3,9.0,25.11,WALKING
13550,0.711,-0.385,-0.244,0.845,39.7,4.9,-8.0,40.79,WALKING
13600,0.716,-0.488,-0.287,0.913,69.7,11.6,-15.9,72.43,WALKING
13650,0.766,-0.610,-0.217,1.003,3.9,-5.7,-24.6,25.55,WALKING
13700,0.934,-0.829,-0.430,1.321,-6.3,1.4,-14.2,15.60,WALKING
13750,0.958,-0.945,-0.366,1.395,26.0,-25.2,20.8,41.76,WALKING
13800,0.982,-0.641,-0.117,1.179,3.1,-45.9,30.3,55.09,WALKING
13850,0.754,-0.444,0.139,0.886,5.1,1.1,11.7,12.81,WALKING
13900,0.756,-0.331,0.021,0.826,-11.2,10.7,18.5,24.13,WALKING
13950,0.868,-0.395,0.193,0.973,1.8,12.6,-15.1,19.75,WALKING
14000,0.866,-0.502,0.092,1.005,58.5,-3.2,-47.0,75.11,WALKING
14050,0.778,-0.548,0.023,0.952,58.5,-21.2,-28.4,68.40,WALKING
14100,0.736,-0.579,-0.040,0.937,62.5,-12.3,-17.0,65.93,WALKING
14150,0.752,-0.553,-0.039,0.934,24.5,-16.5,-19.1,35.18,WALKING
14200,0.821,-0.605,-0.015,1.020,14.1,-9.1,-22.4,27.99,WALKING
14250,0.943,-0.649,-0.012,1.145,38.5,-23.5,-21.1,49.80,WALKING
14300,1.061,-0.772,-0.077,1.314,33.8,-27.4,-25.9,50.64,WALKING
14350,0.972,-0.591,-0.213,1.157,76.0,-62.7,-5.6,98.68,WALKING
14400,1.160,-0.723,-0.196,1.381,26.5,-59.9,1.1,65.51,WALKING
14450,0.803,-0.646,-0.124,1.038,16.8,-97.7,23.0,101.77,WALKING
14500,0.579,-0.324,0.056,0.666,-21.9,-58.5,69.7,93.59,WALKING
14550,0.777,-0.380,0.000,0.865,-26.8,-35.0,23.3,49.86,WALKING
14600,0.717,-0.416,0.058,0.831,87.5,-51.8,-4.2,101.77,WALKING
14650,0.681,-0.555,-0.061,0.881,71.8,-27.7,0.7,76.96,WALKING
14700,0.730,-0.492,-0.284,0.925,21.5,-10.7,4.4,24.42,WALKING
14750,0.704,-0.377,-0.300,0.853,42.6,-4.6,-5.6,43.21,WALKING
14800,0.683,-0.449,-0.315,0.876,63.0,-0.9,-25.0,67.79,WALKING
14850,0.755,-0.638,-0.286,1.029,85.1,6.8,-26.5,89.39,WALKING
14900,0.854,-1.006,-0.392,1.377,43.8,-21.2,0.4,48.66,WALKING
14950,1.059,-0.885,-0.115,1.385,35.4,-41.6,30.9,62.76,WALKING
15000,0.846,-0.628,0.156,1.065,-4.9,5.6,-7.4,10.49,WALKING
15050,0.777,-0.494,-0.085,0.925,-44.1,3.0,18.8,48.03,WALKING
15100,0.754,-0.398,0.230,0.883,-30.1,14.4,4.5,33.67,WALKING
15150,0.851,-0.414,0.101,0.952,-14.2,30.1,-44.3,55.41,WALKING
15200,0.847,-0.542,0.035,1.006,31.8,13.0,-47.5,58.62,WALKING
15250,0.765,-0.475,0.022,0.901,53.1,1.7,-27.1,59.64,WALKING
15300,0.764,-0.550,-0.113,0.948,36.6,-6.7,-17.6,41.16,WALKING
15350,0.782,-0.530,-0.050,0.946,8.3,-10.8,-28.5,31.59,WALKING
15400,0.877,-0.584,-0.017,1.054,22.4,-3.3,-38.3,44.49,WALKING
15450,1.053,-0.627,-0.055,1.227,30.4,-11.5,-37.5,49.63,WALKING
15500,1.027,-0.606,-0.028,1.193,90.7,-47.0,-18.4,103.80,WALKING
15550,1.463,-0.872,-0.310,1.731,7.8,-41.3,-4.3,42.25,WALKING
15600,0.807,-0.551,-0.162,0.991,-16.5,-86.3,11.7,88.64,WALKING
15650,0.617,-0.298,-0.202,0.714,-56.9,-75.6,79.5,123.58,WALKING
15700,0.914,-0.163,-0.070,0.931,-26.5,-69.7,36.7,83.11,WALKING
15750,0.753,-0.367,0.125,0.847,86.1,-73.2,2.9,113.05,WALKING
15800,0.748,-0.332,-0.159,0.834,28.7,-29.1,7.5,41.55,WALKING
15850,0.794,-0.409,-0.291,0.939,28.5,-9.7,1.7,30.15,WALKING
15900,0.759,-0.405,-0.392,0.945,67.9,-4.9,-2.1,68.11,WALKING
15950,0.681,-0.411,-0.338,0.864,65.5,-15.6,-13.6,68.69,WALKING
16000,0.636,-0.526,-0.271,0.869,52.5,11.4,-19.9,57.29,WALKING
16050,0.803,-0.812,-0.502,1.247,71.7,1.0,-5.3,71.90,WALKING
16100,1.053,-1.089,-0.487,1.591,-14.4,-29.0,29.7,43.94,WALKING
16150,0.995,-0.583,-0.044,1.154,-70.7,-2.1,-19.3,73.32,WALKING
16200,0.776,-0.433,0.046,0.890,-13.5,20.5,12.4,27.50,WALKING
16250,0.933,-0.401,0.307,1.061,-62.0,26.3,11.0,68.24,WALKING
16300,0.867,-0.348,0.195,0.954,1.0,19.9,-20.3,28.44,WALKING
16350,0.732,-0.334,0.095,0.810,49.3,8.3,-12.3,51.48,WALKING
16400,0.726,-0.430,-0.083,0.848,54.2,-5.4,-9.4,55.27,WALKING
16450,0.750,-0.452,-0.131,0.885,55.5,-14.2,-17.4,59.87,WALKING
16500,0.814,-0.622,-0.093,1.029,55.9,-16.9,-23.4,62.91,WALKING
16550,0.977,-0.591,-0.134,1.150,50.8,-15.6,-24.8,58.64,WALKING
16600,1.070,-0.593,-0.330,1.267,96.1,-35.2,-33.3,107.62,WALKING
16650,1.004,-0.695,-0.167,1.232,75.1,-46.3,-4.6,88.35,WALKING
16700,1.223,-0.718,-0.072,1.420,4.7,-47.8,-21.4,52.58,WALKING
16750,0.787,-0.536,-0.071,0.955,19.7,-87.2,8.5,89.80,WALKING
16800,0.505,-0.434,0.124,0.677,-72.8,-50.0,58.1,105.71,WALKING
16850,0.861,-0.349,-0.072,0.932,-117.9,-7.9,34.7,123.15,WALKING
16900,0.807,-0.307,0.000,0.863,11.4,-43.3,15.1,47.25,WALKING
16950,0.679,-0.519,0.022,0.855,88.9,-41.4,24.4,101.06,WALKING
17000,0.665,-0.461,-0.105,0.816,25.3,-11.9,14.2,31.36,WALKING
17050,0.762,-0.464,-0.372,0.967,11.1,13.3,6.9,18.65,WALKING
17100,0.750,-0.470,-0.299,0.934,80.0,24.7,-9.3,84.24,WALKING
17150,0.850,-0.636,-0.259,1.093,77.9,23.5,-17.0,83.12,WALKING
17200,0.918,-0.717,-0.294,1.201,26.6,-11.6,1.9,29.08,WALKING
17250,0.867,-0.863,-0.322,1.265,32.9,-5.1,40.6,52.51,WALKING
17300,0.978,-0.637,0.039,1.168,16.8,-26.4,15.4,34.88,WALKING
17350,0.757,-0.634,0.244,1.017,44.5,5.8,6.0,45.28,WALKING
17400,0.766,-0.379,0.064,0.857,-38.3,2.0,22.1,44.26,WALKING
17450,0.813,-0.409,0.205,0.933,-15.6,15.6,-8.1,23.50,WALKING
17500,0.878,-0.389,0.118,0.968,22.1,1.8,-44.7,49.90,WALKING
17550,0.834,-0.498,0.045,0.972,53.4,-22.2,-39.4,69.98,WALKING
17600,0.801,-0.524,-0.001,0.957,70.2,-25.2,-27.8,79.60,WALKING
17650,0.789,-0.567,-0.010,0.972,66.6,-26.3,-24.1,75.55,WALKING
17700,0.802,-0.546,-0.010,0.970,27.0,-29.6,-36.1,53.93,WALKING
17750,0.884,-0.591,-0.008,1.063,47.6,-25.6,-36.4,65.16,WALKING
17800,1.020,-0.630,0.044,1.200,100.9,-37.5,-29.5,111.61,WALKING
17850,0.945,-0.646,0.026,1.145,155.7,-65.7,-1.9,169.00,WALKING
17900,0.955,-0.609,-0.090,1.136,72.6,-75.4,22.2,107.00,WALKING
17950,0.955,-0.594,-0.115,1.131,53.2,-96.1,26.7,113.04,WALKING
18000,0.703,-0.427,0.102,0.829,24.3,-74.9,65.8,102.62,WALKING
18050,0.918,-0.346,-0.008,0.981,-27.3,-56.2,42.2,75.40,WALKING
18100,0.809,-0.137,-0.058,0.823,65.8,-82.9,21.0,107.90,WALKING
18150,0.693,-0.364,-0.039,0.784,164.4,-89.4,11.6,187.49,WALKING
18200,0.703,-0.418,-0.082,0.822,107.3,-71.2,-13.5,129.48,WALKING
18250,0.707,-0.585,-0.251,0.951,107.3,-36.3,-32.3,117.79,WALKING
18300,0.702,-0.618,-0.300,0.982,96.1,-14.4,-32.9,102.59,WALKING
18350,0.732,-0.864,-0.275,1.165,84.7,-8.0,-23.5,88.26,WALKING
18400,0.732,-0.909,-0.260,1.196,70.2,-12.8,-1.0,71.36,WALKING
18450,0.947,-0.864,-0.237,1.304,35.8,-25.2,15.4,46.41,WALKING
18500,0.927,-0.615,0.021,1.113,-22.4,-13.9,-14.1,29.90,WALKING
18550,0.861,-0.452,0.021,0.973,-46.2,-24.2,8.6,52.86,WALKING
18600,0.815,-0.358,0.293,0.937,-9.5,-22.6,0.0,24.52,WALKING
18650,0.860,-0.379,0.197,0.960,13.4,-18.5,-39.3,45.46,WALKING
18700,0.794,-0.430,0.127,0.912,55.0,-19.1,-45.9,74.14,WALKING
18750,0.764,-0.511,0.018,0.919,62.7,-22.2,-32.4,73.99,WALKING
18800,0.724,-0.533,0.010,0.899,70.4,-28.8,-25.9,80.35,WALKING
18850,0.754,-0.627,0.020,0.981,66.1,-28.5,-32.4,78.94,WALKING
18900,0.833,-0.649,0.021,1.056,54.7,-24.8,-32.4,68.24,WALKING
18950,0.919,-0.697,-0.014,1.154,49.6,-12.6,-38.5,64.04,WALKING
19000,1.043,-0.695,-0.067,1.255,55.0,-12.9,-30.3,64.11,WALKING
19050,0.960,-0.646,-0.119,1.163,50.7,-31.0,-5.5,59.68,WALKING
19100,0.968,-0.594,-0.180,1.150,37.2,-44.6,3.3,58.17,WALKING
19150,1.045,-0.682,-0.096,1.252,23.4,-69.2,-0.3,73.05,WALKING
19200,0.574,-0.635,0.061,0.858,-15.8,-61.0,64.7,90.31,WALKING
19250,0.874,-0.358,-0.021,0.945,-73.3,-6.6,78.4,107.53,WALKING
19300,0.885,-0.355,0.068,0.956,-42.0,-52.9,35.8,76.45,WALKING
19350,0.661,-0.411,-0.021,0.779,87.2,-32.9,25.8,96.71,WALKING
19400,0.669,-0.489,-0.151,0.842,4.4,-14.2,21.9,26.47,WALKING
19450,0.718,-0.451,-0.282,0.894,-8.5,17.2,7.3,20.53,WALKING
19500,0.756,-0.379,-0.319,0.904,27.5,18.4,-9.1,34.32,WALKING
19550,0.809,-0.558,-0.277,1.021,64.9,10.8,-28.7,71.78,WALKING
19600,0.874,-0.711,-0.235,1.151,77.9,7.5,-17.9,80.28,WALKING
19650,0.841,-0.658,-0.307,1.111,6.4,-5.0,14.2,16.36,WALKING
19700,1.003,-0.811,-0.048,1.291,-28.0,-37.8,8.2,47.75,WALKING
19750,0.667,-0.584,0.221,0.914,10.3,33.5,-3.0,35.18,WALKING
19800,0.730,-0.493,0.113,0.888,-87.5,45.3,11.6,99.21,WALKING
19850,0.867,-0.428,0.125,0.975,-39.7,41.8,-38.1,69.10,WALKING
19900,0.851,-0.552,0.032,1.015,19.6,13.5,-33.2,40.85,WALKING
19950,0.751,-0.514,0.103,0.916,32.1,1.8,-17.1,36.42,WALKING
20000,0.738,-0.512,0.069,0.901,-2.4,10.2,-16.5,19.55,WALKING
20050,0.823,-0.526,0.000,0.977,-34.1,7.5,-24.1,42.42,WALKING
20100,0.888,-0.559,0.010,1.049,-10.1,2.6,-28.2,30.07,WALKING
20150,0.996,-0.607,-0.061,1.168,15.1,0.0,-31.3,34.75,WALKING
20200,1.054,-0.587,-0.116,1.212,52.2,-23.7,-20.7,60.95,WALKING
20250,0.978,-0.572,0.079,1.136,142.5,-32.5,0.6,146.16,WALKING
20300,1.134,-0.674,-0.001,1.319,20.3,-46.9,2.5,51.17,WALKING
20350,0.609,-0.691,0.025,0.921,-15.5,-74.2,53.9,93.01,WALKING
20400,0.819,-0.277,-0.197,0.887,-51.3,-34.7,55.4,83.10,WALKING
20450,0.783,-0.360,-0.044,0.863,20.5,-48.8,25.4,58.71,WALKING
20500,0.749,-0.531,-0.010,0.918,39.5,-32.7,29.4,59.11,WALKING
20550,0.750,-0.543,0.007,0.926,-16.1,-14.0,20.3,29.45,WALKING
20600,0.751,-0.390,-0.155,0.860,-29.4,13.3,13.8,35.10,WALKING
20650,0.677,-0.396,-0.143,0.797,25.6,42.6,-1.2,49.71,WALKING
20700,0.687,-0.446,-0.284,0.867,5.3,28.9,-16.4,33.65,WALKING
20750,0.810,-0.604,-0.309,1.057,36.6,25.7,-20.3,49.11,WALKING
20800,0.947,-1.127,-0.251,1.493,36.0,6.8,28.2,46.23,WALKING
20850,1.120,-0.674,0.097,1.311,-51.6,-2.8,1.8,51.71,WALKING
20900,0.873,-0.387,-0.030,0.955,-24.0,-5.1,35.4,43.07,WALKING
20950,0.975,-0.290,0.288,1.057,-17.8,-13.6,22.1,31.47,WALKING
21000,0.831,-0.374,0.232,0.940,49.5,-4.7,-15.8,52.17,WALKING
21050,0.812,-0.345,0.031,0.883,-0.6,-2.4,-8.6,8.95,WALKING
21100,0.773,-0.406,-0.040,0.874,46.8,-20.1,-6.4,51.33,WALKING
21150,0.748,-0.382,-0.087,0.844,66.4,-47.8,-18.8,83.95,WALKING
21200,0.782,-0.601,0.003,0.986,78.9,-47.6,-35.9,98.89,WALKING
21250,0.828,-0.595,0.088,1.023,57.7,-37.1,-46.4,82.82,WALKING
21300,1.055,-0.632,-0.078,1.232,88.7,-29.1,-54.0,107.84,WALKING
21350,0.962,-0.742,-0.006,1.215,140.2,-55.8,-20.8,152.32,WALKING
21400,0.992,-0.715,-0.094,1.226,74.2,-83.5,16.5,112.92,WALKING
21450,1.163,-0.745,-0.042,1.382,24.1,-89.0,6.1,92.41,WALKING
21500,0.650,-0.580,0.173,0.888,41.7,-94.7,57.7,118.47,WALKING
21550,0.737,-0.365,0.046,0.824,-25.1,-29.1,64.8,75.34,WALKING
21600,0.793,-0.329,0.048,0.860,-45.2,-47.8,32.2,73.24,WALKING
21650,0.721,-0.202,0.015,0.749,100.5,-61.0,9.1,117.92,WALKING
21700,0.721,-0.424,-0.140,0.848,119.8,-61.8,-4.7,134.88,WALKING
21750,0.709,-0.523,-0.238,0.913,96.3,-44.4,-15.1,107.11,WALKING
21800,0.652,-0.564,-0.284,0.908,118.5,-40.4,-18.6,126.57,WALKING
21850,0.601,-0.673,-0.265,0.940,87.5,-26.5,-23.5,94.40,WALKING
21900,0.628,-0.833,-0.265,1.076,53.3,-3.9,-21.4,57.57,WALKING
21950,0.708,-1.073,-0.362,1.336,46.5,-26.8,5.1,53.91,WALKING
22000,0.930,-1.087,-0.125,1.436,-30.9,-21.7,-2.8,37.86,WALKING
22050,0.843,-0.782,0.013,1.150,62.7,34.1,-6.7,71.69,WALKING
22100,0.851,-0.628,-0.058,1.059,-107.2,16.0,18.7,109.99,WALKING
22150,0.865,-0.485,0.326,1.044,-100.1,42.0,10.3,109.04,WALKING
22200,0.943,-0.239,0.247,1.004,-71.5,39.9,-25.0,85.61,WALKING
22250,0.814,-0.323,0.181,0.894,24.2,27.7,-19.6,41.68,WALKING
22300,0.731,-0.428,0.033,0.848,32.8,13.3,-11.0,37.06,WALKING
22350,0.803,-0.395,-0.088,0.899,9.1,6.0,-24.5,26.82,WALKING
22400,0.833,-0.498,-0.183,0.988,31.9,-20.9,-34.7,51.56,WALKING
22450,0.851,-0.740,-0.085,1.131,62.2,-29.6,-34.5,77.04,WALKING
22500,0.984,-0.621,-0.077,1.166,43.0,-23.5,-35.9,60.75,WALKING
22550,1.156,-0.595,-0.011,1.300,83.7,-56.6,-35.0,106.93,WALKING
22600,1.203,-0.585,0.090,1.341,136.6,-56.2,-15.8,148.55,WALKING
22650,0.910,-0.546,0.001,1.061,63.7,-89.3,-2.2,109.71,WALKING
22700,0.306,-0.465,0.045,0.558,32.2,-55.0,57.5,85.84,WALKING
22750,0.727,-0.327,-0.171,0.815,-73.0,-55.7,59.0,109.14,WALKING
22800,0.837,-0.370,-0.040,0.916,50.3,-70.0,17.2,87.90,WALKING
22850,0.772,-0.485,-0.045,0.913,135.0,-82.2,22.4,159.64,WALKING
22900,0.780,-0.536,-0.042,0.947,101.7,-59.9,13.2,118.77,WALKING
22950,0.766,-0.526,-0.241,0.960,88.4,-14.7,5.4,89.78,WALKING
23000,0.692,-0.421,-0.402,0.904,54.3,1.5,-10.8,55.38,WALKING
23050,0.672,-0.465,-0.489,0.952,57.0,-1.8,-19.5,60.27,WALKING
23100,0.746,-0.705,-0.400,1.102,86.6,-0.5,-20.2,88.93,WALKING
23150,0.876,-1.033,-0.305,1.388,45.4,-4.0,2.7,45.66,WALKING
23200,1.071,-0.937,-0.074,1.425,-28.2,-34.5,-6.1,44.97,WALKING
23250,0.852,-0.696,0.017,1.100,84.8,16.9,-6.3,86.70,WALKING
23300,0.830,-0.489,-0.027,0.964,-89.6,-10.1,15.5,91.49,WALKING
23350,0.729,-0.398,0.261,0.871,-40.6,7.0,10.9,42.62,WALKING
23400,0.851,-0.357,0.255,0.957,-44.3,16.8,-27.1,54.58,WALKING
23450,0.935,-0.412,0.222,1.046,23.3,10.5,-51.0,57.05,WALKING
23500,0.827,-0.440,0.064,0.939,56.4,-7.2,-41.5,70.39,WALKING
23550,0.738,-0.501,-0.008,0.892,23.2,-3.0,-19.8,30.65,WALKING
23600,0.733,-0.464,-0.082,0.871,34.7,-9.1,-16.3,39.40,WALKING
23650,0.788,-0.527,-0.057,0.950,55.2,-16.5,-19.1,60.70,WALKING
23700,0.909,-0.587,-0.019,1.082,65.2,-18.2,-20.0,70.59,WALKING
23750,1.054,-0.605,-0.055,1.217,86.1,-17.3,-26.6,91.76,WALKING
23800,1.085,-0.611,-0.139,1.253,90.5,-35.5,-16.3,98.57,WALKING
23850,1.057,-0.569,-0.139,1.208,97.1,-47.3,-6.3,108.19,WALKING
23900,1.125,-0.580,-0.072,1.268,60.7,-67.7,-3.7,91.00,WALKING
23950,0.635,-0.656,0.042,0.914,49.9,-70.0,35.9,93.16,WALKING
24000,0.699,-0.325,0.149,0.785,-149.3,-50.8,59.5,168.56,WALKING
24050,1.008,-0.213,-0.003,1.030,-44.4,-70.0,29.8,88.09,WALKING
24100,0.776,-0.240,0.058,0.814,133.8,-96.0,0.6,164.68,WALKING
24150,0.603,-0.487,0.070,0.778,165.6,-72.8,7.5,181.05,WALKING
24200,0.605,-0.480,-0.091,0.778,50.8,-33.1,-5.2,60.85,WALKING
24250,0.730,-0.547,-0.301,0.961,36.7,-5.4,-16.3,40.52,WALKING
24300,0.753,-0.548,-0.335,0.990,78.1,9.1,-23.5,82.07,WALKING
24350,0.755,-0.594,-0.242,0.991,76.7,12.0,-23.8,81.20,WALKING
24400,0.911,-0.705,-0.305,1.192,40.3,-12.3,-11.2,43.60,WALKING
24450,0.892,-0.892,-0.429,1.332,44.6,-24.7,35.0,61.84,WALKING
24500,0.955,-0.743,-0.092,1.213,-31.3,-9.8,7.4,33.62,WALKING
24550,0.749,-0.573,0.125,0.951,6.9,19.6,3.6,21.09,WALKING
24600,0.713,-0.431,-0.027,0.834,-68.4,-1.0,35.9,77.26,WALKING
24650,0.701,-0.486,0.259,0.891,-68.4,21.7,14.6,73.23,WALKING
24700,0.917,-0.426,0.207,1.032,-10.4,38.4,-26.6,47.86,WALKING
24750,0.814,-0.544,0.107,0.985,17.2,10.9,-37.8,42.94,WALKING
24800,0.769,-0.468,-0.019,0.900,27.5,14.1,-18.9,36.23,WALKING
24850,0.799,-0.521,-0.134,0.963,21.7,8.4,-18.2,29.54,WALKING
24900,0.865,-0.509,-0.109,1.010,11.4,-13.3,-21.5,27.73,WALKING
24950,0.923,-0.577,-0.101,1.093,35.7,-13.3,-24.5,45.29,WALKING
25000,1.019,-0.589,-0.134,1.185,35.5,-14.1,-28.2,47.48,WALKING
25050,0.991,-0.591,-0.128,1.161,72.0,-33.3,-18.6,81.48,WALKING
25100,1.048,-0.697,0.070,1.261,112.3,-12.1,-9.6,113.36,WALKING
25150,0.975,-0.523,-0.100,1.111,34.7,-75.3,-1.2,82.92,WALKING
25200,0.537,-0.601,0.066,0.809,31.1,-58.1,72.8,98.20,WALKING
25250,0.975,-0.302,0.000,1.021,-82.2,-47.8,68.0,116.90,WALKING
25300,0.886,-0.345,0.176,0.967,45.8,-85.6,22.5,99.66,WALKING
25350,0.653,-0.520,0.216,0.862,130.1,-60.0,18.4,144.45,WALKING
25400,0.639,-0.582,-0.110,0.871,24.5,-24.7,11.3,36.58,WALKING
25450,0.683,-0.511,-0.249,0.889,4.2,-2.2,-6.3,7.88,WALKING
25500,0.727,-0.510,-0.330,0.947,35.4,12.1,-27.9,46.67,WALKING
25550,0.743,-0.524,-0.386,0.988,49.4,17.7,-37.3,64.38,WALKING
25600,0.868,-0.720,-0.268,1.159,50.3,18.5,-24.7,59.01,WALKING
25650,0.855,-0.961,-0.375,1.340,4.2,-2.1,14.2,14.96,WALKING
25700,0.990,-0.846,-0.160,1.312,-13.3,-16.8,15.4,26.39,WALKING
25750,0.945,-0.627,-0.151,1.144,-49.9,-14.4,6.0,52.28,WALKING
25800,0.740,-0.495,-0.010,0.890,-45.0,4.9,23.7,51.10,WALKING
25850,0.798,-0.484,0.149,0.945,-50.4,23.3,3.9,55.66,WALKING
25900,0.883,-0.428,0.150,0.993,-48.2,29.4,-30.5,64.17,WALKING
25950,0.876,-0.434,0.163,0.991,-8.9,28.2,-48.4,56.72,WALKING
26000,0.804,-0.452,0.011,0.922,-9.6,26.3,-30.8,41.62,WALKING
26050,0.749,-0.404,-0.027,0.851,-16.8,23.9,-9.2,30.63,WALKING
26100,0.707,-0.393,-0.117,0.817,-18.1,4.1,-9.3,20.76,WALKING
26150,0.782,-0.478,-0.058,0.918,24.5,-7.7,-20.0,32.55,WALKING
26200,0.929,-0.589,-0.048,1.101,39.8,-10.9,-23.8,47.64,WALKING
26250,1.044,-0.669,-0.137,1.248,73.9,-21.2,-15.2,78.37,WALKING
26300,1.034,-0.608,-0.195,1.215,103.3,-39.9,9.1,111.11,WALKING
26350,1.194,-0.676,-0.168,1.382,133.0,-57.6,16.5,145.87,WALKING
26400,0.753,-0.595,0.141,0.970,-4.2,-97.0,54.7,111.44,WALKING
26450,0.832,-0.318,0.159,0.905,-76.3,-43.3,79.7,118.53,WALKING
26500,0.944,-0.320,-0.028,0.997,-21.0,-53.4,34.7,67.06,WALKING
26550,0.672,-0.251,0.064,0.720,94.0,-65.6,9.8,115.05,WALKING
26600,0.538,-0.407,-0.035,0.676,95.4,-22.4,-3.9,98.07,WALKING
26650,0.679,-0.524,-0.205,0.882,18.3,-17.5,-29.4,38.80,WALKING
26700,0.794,-0.580,-0.313,1.032,95.9,9.8,-30.9,101.23,WALKING
26750,0.734,-0.665,-0.249,1.021,71.0,2.1,-17.9,73.25,WALKING
26800,0.797,-0.667,-0.242,1.067,39.9,4.9,-9.2,41.24,WALKING
26850,0.859,-0.859,-0.234,1.237,3.6,-18.4,1.6,18.82,WALKING
26900,1.301,-0.770,-0.353,1.552,-20.4,-47.3,-12.4,52.98,WALKING
26950,0.811,-0.481,0.049,0.944,35.3,-32.6,-9.3,48.94,WALKING
27000,0.747,-0.422,0.226,0.887,-23.4,-7.3,18.6,30.77,WALKING
27050,0.833,-0.284,0.203,0.903,-55.0,8.5,-9.6,56.47,WALKING
27100,0.832,-0.374,0.181,0.930,38.5,-5.9,-38.7,54.91,WALKING
27150,0.773,-0.459,0.045,0.900,71.1,-24.2,-30.6,81.10,WALKING
27200,0.754,-0.520,0.044,0.917,80.8,-30.8,-16.8,88.09,WALKING
27250,0.765,-0.588,-0.040,0.966,41.5,-24.9,-11.3,49.70,WALKING
27300,0.794,-0.584,-0.106,0.991,21.9,-17.5,-15.3,31.94,WALKING
27350,0.866,-0.589,-0.152,1.058,30.5,-5.5,-16.8,35.25,WALKING
27400,1.001,-0.625,-0.231,1.202,58.7,-10.4,-17.2,62.05,WALKING
27450,0.985,-0.572,-0.152,1.149,80.2,-29.8,-6.3,85.79,WALKING
27500,0.865,-0.649,-0.119,1.088,93.1,-36.3,4.8,100.04,WALKING
27550,0.958,-0.621,-0.199,1.159,12.1,-53.9,0.0,55.24,WALKING
27600,0.815,-0.551,0.004,0.984,24.3,-71.1,15.8,76.78,WALKING
27650,0.807,-0.417,0.159,0.922,-99.0,-52.5,55.6,125.09,WALKING
27700,1.069,-0.337,-0.058,1.122,-11.4,-63.0,39.6,75.28,WALKING
27750,0.760,-0.345,0.024,0.835,84.0,-69.7,24.5,111.87,WALKING
27800,0.651,-0.469,-0.148,0.816,101.0,-44.8,13.0,111.25,WALKING
27850,0.649,-0.514,-0.207,0.853,42.4,-30.2,-17.1,54.79,WALKING
27900,0.677,-0.532,-0.259,0.899,69.3,-1.7,-25.6,73.90,WALKING
27950,0.667,-0.518,-0.285,0.891,48.7,0.2,-32.9,58.77,WALKING
28000,0.800,-0.509,-0.136,0.958,87.0,6.2,-43.5,97.47,WALKING
28050,0.905,-0.780,-0.271,1.225,17.3,-2.6,-27.4,32.51,WALKING
28100,0.978,-0.864,-0.324,1.345,29.8,-20.0,4.9,36.22,WALKING
28150,0.940,-0.682,-0.074,1.164,13.1,-10.0,-7.9,18.28,WALKING
28200,0.831,-0.506,-0.120,0.980,-14.5,-5.6,19.7,25.09,WALKING
28250,0.835,-0.462,-0.041,0.955,-33.8,-9.5,41.2,54.13,WALKING
28300,0.946,-0.432,0.126,1.048,-1.8,-12.3,11.9,17.21,WALKING
28350,0.922,-0.332,0.285,1.021,40.2,-14.8,-19.2,46.94,WALKING
28400,0.907,-0.416,0.122,1.005,61.8,-21.7,-26.3,70.58,WALKING
28450,0.804,-0.404,-0.020,0.900,100.4,-20.3,-16.8,103.80,WALKING
28500,0.702,-0.463,-0.083,0.845,60.2,-29.2,-22.0,70.43,WALKING
28550,0.748,-0.521,-0.060,0.914,52.8,-35.2,-37.3,73.61,WALKING
28600,0.852,-0.591,-0.028,1.037,54.3,-38.6,-44.6,80.17,WALKING
28650,0.975,-0.656,-0.028,1.175,86.5,-33.6,-39.8,100.97,WALKING
28700,1.062,-0.717,-0.045,1.282,131.2,-49.9,-15.2,141.19,WALKING
28750,0.908,-0.700,0.040,1.147,127.0,-63.2,8.1,142.09,WALKING
28800,1.243,-0.726,-0.032,1.440,35.3,-70.5,-5.1,79.01,WALKING
28850,0.641,-0.609,0.098,0.890,111.9,-117.0,27.0,164.13,WALKING
28900,0.749,-0.427,-0.061,0.864,-7.9,-53.0,60.5,80.82,WALKING
28950,0.997,-0.349,-0.190,1.073,-47.8,-72.5,1.5,86.85,WALKING
29000,0.804,-0.473,-0.011,0.933,138.1,-117.7,4.6,181.51,WALKING
29050,0.656,-0.564,-0.087,0.869,70.2,-65.8,8.1,96.56,WALKING
29100,0.682,-0.386,-0.205,0.810,24.8,-17.8,-2.8,30.65,WALKING
29150,0.717,-0.356,-0.383,0.887,67.4,-9.5,-15.1,69.72,WALKING
29200,0.688,-0.429,-0.394,0.901,114.7,-15.6,-27.3,118.93,WALKING
29250,0.774,-0.667,-0.265,1.056,89.1,-10.7,-29.2,94.37,WALKING
29300,0.860,-0.785,-0.315,1.206,39.0,-19.0,-22.3,48.78,WALKING
29350,0.985,-0.892,-0.398,1.387,82.1,-24.9,19.8,88.05,WALKING
29400,0.879,-0.700,0.116,1.130,-42.5,-0.3,-23.0,48.33,WALKING
29450,0.772,-0.513,-0.026,0.927,-76.5,0.3,17.2,78.41,WALKING
29500,0.822,-0.441,0.129,0.942,-59.0,12.3,10.6,61.19,WALKING
29550,0.890,-0.428,0.186,1.005,-30.3,21.5,-21.0,42.68,WALKING
29600,0.855,-0.411,0.128,0.957,22.6,9.6,-31.9,40.26,WALKING
29650,0.760,-0.384,0.062,0.854,57.8,-1.7,-13.7,59.43,WALKING
29700,0.755,-0.437,-0.130,0.882,59.0,-6.3,-8.6,59.96,WALKING
29750,0.736,-0.399,-0.223,0.866,28.2,-17.2,-21.7,39.52,WALKING
29800,0.825,-0.569,-0.159,1.015,31.8,-13.9,-30.4,46.14,WALKING
29850,0.957,-0.607,-0.121,1.140,29.6,-8.6,-35.3,46.86,WALKING
29900,1.128,-0.611,-0.146,1.291,58.7,-24.9,-35.7,73.08,WALKING
29950,0.926,-0.562,-0.060,1.085,85.6,-44.3,-8.4,96.75,WALKING
Recording stopped

Samples dumped: 600
