
Recording started
time,accelX,accelY,accelZ,accelMagnitude,gyroX,gyroY,gyroZ,gyroMagnitude,activity
1,0.788,-0.648,-0.146,1.031,-3.1,-11.9,-16.8,20.82,WALKING
50,0.802,-0.562,-0.212,1.002,-5.9,-4.5,-18.4,19.84,WALKING
100,0.799,-0.639,-0.138,1.032,9.5,-11.8,-7.7,16.99,WALKING
150,0.808,-0.674,-0.096,1.057,4.2,-7.9,3.0,9.44,WALKING
200,0.780,-0.614,-0.116,0.999,-7.4,-5.7,11.2,14.58,WALKING
250,0.773,-0.606,-0.126,0.990,4.8,-5.9,14.7,16.55,WALKING
300,0.790,-0.596,-0.118,0.997,-0.4,1.9,20.0,20.09,WALKING
350,0.782,-0.566,-0.149,0.977,-6.1,4.9,14.2,16.21,WALKING
400,0.761,-0.559,-0.143,0.955,-8.8,7.7,9.1,14.82,WALKING
450,0.793,-0.566,-0.154,0.986,-9.8,3.0,9.5,13.97,WALKING
500,0.803,-0.564,-0.156,0.994,-5.4,9.3,3.2,11.22,WALKING
550,0.805,-0.559,-0.173,0.995,1.9,4.4,-0.8,4.86,WALKING
600,0.782,-0.561,-0.145,0.973,0.7,3.1,0.4,3.20,WALKING
650,0.752,-0.551,-0.134,0.942,6.9,0.6,-5.1,8.60,WALKING
700,0.741,-0.604,-0.134,0.965,3.1,0.0,-12.3,12.68,WALKING
750,0.762,-0.616,-0.158,0.993,-14.3,9.8,-14.6,22.66,WALKING
800,0.800,-0.646,-0.108,1.034,-21.2,16.2,-13.5,29.90,WALKING
850,0.818,-0.773,-0.227,1.148,3.2,13.5,-0.9,13.90,WALKING
900,0.774,-0.955,-0.311,1.268,22.4,-2.6,28.2,36.11,WALKING
950,0.753,-0.877,-0.265,1.186,10.5,-22.6,60.8,65.71,WALKING
1000,0.626,-0.781,-0.128,1.009,39.6,-21.5,79.9,91.73,WALKING
1050,0.586,-0.677,-0.071,0.898,8.6,-14.6,73.0,74.94,WALKING
1100,0.548,-0.497,-0.050,0.741,-12.3,-2.1,38.7,40.66,WALKING
1150,0.587,-0.448,-0.028,0.739,-20.2,-2.4,-1.2,20.38,WALKING
1200,0.655,-0.498,-0.101,0.829,1.4,-5.6,-42.6,42.99,WALKING
1250,0.758,-0.521,-0.131,0.929,-3.4,5.8,-75.1,75.40,WALKING
1300,0.868,-0.595,-0.096,1.057,-19.1,7.4,-93.6,95.82,WALKING
1350,0.974,-0.714,-0.200,1.224,-20.3,7.9,-91.4,93.96,WALKING
1400,0.980,-0.679,-0.210,1.211,21.2,-11.6,-77.0,80.70,WALKING
1450,1.004,-0.717,-0.181,1.247,31.9,-26.3,-72.5,83.46,WALKING
1500,0.827,-0.737,-0.126,1.115,25.0,-30.5,-53.0,66.06,WALKING
1550,0.621,-0.666,-0.154,0.924,-0.4,-24.6,-18.9,31.02,WALKING
1600,0.650,-0.594,-0.154,0.894,3.9,-23.1,9.1,25.13,WALKING
1650,0.928,-0.599,-0.223,1.127,23.1,-35.4,15.0,44.85,WALKING
1700,0.848,-0.578,-0.111,1.032,46.9,-35.2,29.2,65.51,WALKING
1750,0.648,-0.593,-0.140,0.889,13.2,-3.2,46.0,47.96,WALKING
1800,0.610,-0.564,-0.190,0.852,-4.4,12.0,47.8,49.48,WALKING
1850,0.602,-0.508,-0.159,0.804,-30.2,13.0,42.3,53.58,WALKING
1900,0.651,-0.480,-0.170,0.826,-24.1,14.0,22.5,35.82,WALKING
1950,0.756,-0.605,-0.171,0.983,-12.0,19.5,13.0,26.33,WALKING
2000,0.838,-0.626,-0.233,1.072,-7.7,18.5,2.1,20.15,WALKING
2050,1.009,-0.710,-0.198,1.250,-4.2,23.5,-7.8,25.11,WALKING
2100,0.872,-0.747,-0.197,1.165,-0.1,20.5,1.6,20.56,WALKING
2150,0.877,-0.739,-0.053,1.148,-57.8,22.8,34.3,70.97,WALKING
2200,1.054,-0.618,-0.089,1.225,-58.8,26.3,41.1,76.41,WALKING
2250,0.928,-0.621,-0.035,1.117,-54.9,36.4,44.9,79.72,WALKING
2300,0.794,-0.539,-0.063,0.962,-68.8,31.9,60.5,97.01,WALKING
2350,0.734,-0.452,-0.080,0.866,-61.6,28.8,63.3,92.90,WALKING
2400,0.689,-0.456,-0.060,0.828,-26.3,19.0,53.5,62.57,WALKING
2450,0.697,-0.438,-0.131,0.834,-33.8,6.8,35.7,49.63,WALKING
2500,0.737,-0.421,-0.156,0.863,-23.1,-12.6,11.7,28.80,WALKING
2550,0.876,-0.392,-0.163,0.973,24.6,-21.3,-33.7,46.85,WALKING
2600,1.313,-0.381,-0.148,1.375,91.2,-51.8,-102.9,146.93,WALKING
2650,0.887,-0.673,-0.248,1.141,108.5,-39.1,-117.3,164.50,WALKING
2700,0.438,-0.749,-0.347,0.934,-5.5,-20.5,-59.5,63.17,WALKING
2750,0.829,-0.533,-0.189,1.004,-39.2,-38.5,-36.1,65.74,WALKING
2800,1.088,-0.458,-0.139,1.189,64.2,-73.7,-46.4,108.20,WALKING
2850,0.757,-0.623,-0.069,0.983,109.8,-51.6,-13.5,122.07,WALKING
2900,0.672,-0.590,-0.169,0.910,39.0,-24.5,10.7,47.28,WALKING
2950,0.616,-0.481,-0.085,0.786,23.8,-19.9,9.8,32.53,WALKING
3000,0.569,-0.565,-0.198,0.826,11.2,-3.1,9.3,14.88,WALKING
3050,0.525,-0.635,-0.156,0.839,21.7,16.9,8.5,28.79,WALKING
3100,0.597,-0.656,-0.166,0.902,-4.4,18.9,4.6,19.94,WALKING
3150,0.773,-0.720,-0.191,1.074,-12.4,15.2,5.3,20.32,WALKING
3200,1.298,-0.874,-0.203,1.578,9.5,11.4,-21.7,26.29,WALKING
3250,0.908,-0.897,-0.145,1.285,-0.8,17.4,17.1,24.41,WALKING
3300,0.800,-0.661,-0.083,1.041,-61.3,37.3,56.3,91.21,WALKING
3350,0.799,-0.711,-0.100,1.074,-62.0,42.6,64.2,98.90,WALKING
3400,0.750,-0.693,0.007,1.021,-91.2,53.0,58.5,120.62,WALKING
3450,0.773,-0.575,-0.016,0.964,-107.0,50.5,50.3,128.57,WALKING
3500,0.778,-0.497,-0.118,0.931,-94.1,26.6,49.2,109.47,WALKING
3550,0.743,-0.437,-0.109,0.869,-44.8,8.4,39.6,60.38,WALKING
3600,0.714,-0.392,-0.242,0.850,-6.6,-10.6,28.2,30.84,WALKING
3650,0.743,-0.441,-0.155,0.878,27.3,-23.8,-4.0,36.44,WALKING
3700,0.873,-0.477,-0.068,0.997,22.6,-41.9,-38.9,61.48,WALKING
3750,1.046,-0.539,-0.181,1.191,48.1,-45.5,-81.0,104.62,WALKING
3800,1.146,-0.582,-0.298,1.319,76.5,-47.1,-119.7,149.66,WALKING
3850,0.541,-0.654,-0.351,0.918,77.4,-30.8,-80.2,115.63,WALKING
3900,0.590,-0.638,-0.230,0.899,-48.3,1.5,-31.0,57.41,WALKING
3950,1.036,-0.474,-0.248,1.166,-7.6,-21.9,-25.2,34.24,WALKING
4000,0.818,-0.452,-0.069,0.937,85.8,-49.7,-30.5,103.74,WALKING
4050,0.604,-0.508,-0.066,0.792,76.4,-21.2,-21.5,82.15,WALKING
4100,0.611,-0.528,-0.214,0.835,81.7,-3.0,-14.0,82.95,WALKING
4150,0.650,-0.617,-0.161,0.911,58.8,0.4,-12.2,60.05,WALKING
4200,0.718,-0.617,-0.176,0.963,20.7,8.4,-4.0,22.69,WALKING
4250,0.721,-0.625,-0.228,0.981,12.3,19.8,1.7,23.37,WALKING
4300,0.788,-0.632,-0.287,1.050,-12.3,33.6,8.6,36.80,WALKING
4350,0.915,-0.660,-0.223,1.150,-7.7,23.1,4.2,24.71,WALKING
4400,1.138,-0.622,-0.247,1.320,1.8,3.0,2.5,4.30,WALKING
4450,0.881,-0.672,-0.184,1.123,14.8,5.8,31.6,35.37,WALKING
4500,0.881,-0.627,-0.088,1.085,-42.2,22.7,56.2,73.86,WALKING
4550,1.014,-0.596,-0.137,1.184,-46.4,16.8,51.3,71.18,WALKING
4600,0.906,-0.543,-0.048,1.057,-23.9,3.0,47.7,53.44,WALKING
4650,0.750,-0.449,-0.136,0.885,-26.3,1.2,52.7,58.91,WALKING
4700,0.741,-0.451,-0.084,0.872,-39.7,9.0,46.4,61.73,WALKING
4750,0.700,-0.425,-0.148,0.832,-18.6,-1.3,41.5,45.50,WALKING
4800,0.695,-0.383,-0.033,0.794,-12.5,-2.8,30.2,32.80,WALKING
4850,0.780,-0.384,-0.055,0.871,15.6,-18.8,-2.6,24.57,WALKING
4900,0.896,-0.488,-0.163,1.033,25.0,-24.1,-41.7,54.27,WALKING
4950,0.989,-0.552,-0.117,1.139,29.4,-24.9,-84.2,92.60,WALKING
5000,1.178,-0.596,-0.144,1.328,37.3,-31.5,-121.5,130.94,WALKING
5050,0.613,-0.632,-0.225,0.909,58.4,-24.7,-70.2,94.60,WALKING
5100,0.777,-0.577,-0.174,0.983,-27.8,-4.4,-29.6,40.85,WALKING
5150,0.981,-0.430,-0.230,1.096,5.3,-35.9,-25.6,44.41,WALKING
5200,0.745,-0.462,-0.049,0.878,121.9,-81.4,-10.8,146.98,WALKING
5250,0.622,-0.585,-0.037,0.855,121.0,-55.1,-13.1,133.60,WALKING
5300,0.615,-0.553,-0.094,0.832,52.0,-17.6,-27.3,61.31,WALKING
5350,0.688,-0.690,-0.123,0.982,1.1,11.9,-19.8,23.13,WALKING
5400,0.673,-0.656,-0.232,0.968,-9.4,22.0,-3.5,24.18,WALKING
5450,0.699,-0.642,-0.285,0.991,13.0,22.3,5.1,26.31,WALKING
5500,0.808,-0.618,-0.187,1.034,-9.1,6.3,6.3,12.74,WALKING
5550,1.062,-0.737,-0.224,1.312,-30.0,-4.5,5.1,30.76,WALKING
5600,0.960,-0.727,-0.181,1.218,2.9,0.5,17.7,17.94,WALKING
5650,0.806,-0.627,-0.147,1.032,-17.9,2.3,55.5,58.36,WALKING
5700,1.036,-0.568,-0.189,1.197,-24.8,5.6,58.8,64.06,WALKING
5750,1.022,-0.512,-0.213,1.163,-56.7,3.7,42.1,70.72,WALKING
5800,0.798,-0.488,-0.085,0.939,-30.3,7.8,57.4,65.37,WALKING
5850,0.732,-0.481,-0.151,0.889,-53.1,15.7,59.0,80.91,WALKING
5900,0.734,-0.440,-0.146,0.868,-35.9,11.9,44.6,58.48,WALKING
5950,0.719,-0.421,-0.144,0.846,-13.1,5.1,29.1,32.32,WALKING
6000,0.739,-0.398,-0.194,0.861,8.9,-12.3,6.5,16.52,WALKING
6050,0.784,-0.433,-0.173,0.912,39.0,-21.0,-19.1,48.24,WALKING
6100,0.902,-0.500,-0.174,1.046,46.3,-43.5,-40.3,75.23,WALKING
6150,1.111,-0.466,-0.166,1.216,63.2,-58.9,-74.6,114.14,WALKING
6200,1.182,-0.481,-0.314,1.314,93.1,-79.8,-101.7,159.31,WALKING
6250,0.584,-0.626,-0.226,0.885,59.0,-55.2,-35.9,88.41,WALKING
6300,0.956,-0.417,-0.239,1.070,34.0,-57.4,-19.2,69.42,WALKING
6350,0.875,-0.404,-0.128,0.972,105.4,-93.1,-55.1,151.04,WALKING
6400,0.636,-0.547,-0.024,0.839,114.0,-75.8,-43.1,143.52,WALKING
6450,0.610,-0.528,-0.072,0.810,102.3,-48.4,-48.3,123.05,WALKING
6500,0.662,-0.553,-0.118,0.871,88.4,-20.0,-56.4,106.75,WALKING
6550,0.677,-0.555,-0.109,0.882,62.6,-12.0,-56.2,84.98,WALKING
6600,0.721,-0.630,-0.147,0.969,44.8,-0.2,-53.2,69.55,WALKING
6650,0.864,-0.688,-0.257,1.134,31.2,4.7,-55.1,63.49,WALKING
6700,1.275,-0.809,-0.355,1.551,34.3,-0.4,-43.7,55.55,WALKING
6750,1.048,-0.667,-0.273,1.272,81.2,-18.5,-1.8,83.30,WALKING
6800,0.686,-0.671,-0.194,0.979,59.7,-2.4,54.6,80.94,WALKING
6850,0.763,-0.654,-0.236,1.032,-10.0,2.4,59.2,60.09,WALKING
6900,0.925,-0.549,-0.242,1.103,-0.9,-26.8,44.7,52.13,WALKING
6950,0.860,-0.489,-0.118,0.996,21.9,-41.9,47.3,66.88,WALKING
7000,0.747,-0.501,-0.102,0.905,18.6,-28.9,62.5,71.33,WALKING
7050,0.797,-0.468,-0.081,0.928,17.5,-23.8,58.9,65.89,WALKING
7100,0.778,-0.434,-0.040,0.892,17.5,-26.6,46.4,56.27,WALKING
7150,0.777,-0.440,-0.054,0.895,13.3,-14.2,25.2,31.84,WALKING
7200,0.846,-0.443,-0.078,0.958,15.8,-15.7,-8.6,23.88,WALKING
7250,0.928,-0.488,-0.162,1.061,36.1,-30.4,-42.7,63.64,WALKING
7300,0.903,-0.502,-0.040,1.034,31.9,-33.3,-64.2,79.05,WALKING
7350,1.056,-0.541,-0.212,1.205,43.4,-39.2,-91.4,108.51,WALKING
7400,0.706,-0.559,-0.165,0.916,62.4,-36.1,-55.4,90.92,WALKING
7450,0.890,-0.512,-0.167,1.040,39.4,-47.3,-27.0,67.22,WALKING
7500,0.900,-0.485,-0.029,1.023,98.0,-72.5,-31.2,125.83,WALKING
7550,0.671,-0.562,-0.046,0.876,86.0,-54.5,-24.6,104.74,WALKING
7600,0.584,-0.605,-0.101,0.847,55.5,-24.2,-30.6,67.84,WALKING
7650,0.613,-0.612,-0.146,0.878,25.4,-3.2,-42.5,49.62,WALKING
7700,0.699,-0.610,-0.203,0.950,0.0,1.1,-35.7,35.72,WALKING
7750,0.792,-0.615,-0.218,1.026,17.2,-4.7,-21.0,27.55,WALKING
7800,0.876,-0.658,-0.186,1.111,17.9,-2.0,-4.6,18.59,WALKING
7850,0.937,-0.638,-0.134,1.141,11.9,9.6,5.2,16.15,WALKING
7900,1.083,-0.635,-0.203,1.272,1.8,-6.3,8.8,10.97,WALKING
7950,0.836,-0.656,-0.162,1.075,5.3,-1.6,35.1,35.53,WALKING
8000,0.672,-0.574,-0.116,0.891,-7.4,14.6,63.8,65.87,WALKING
8050,0.780,-0.564,-0.117,0.970,-53.2,24.5,50.4,77.27,WALKING
8100,0.931,-0.538,-0.091,1.079,-57.4,11.7,27.4,64.67,WALKING
8150,0.861,-0.504,-0.035,0.998,-38.9,5.1,20.3,44.17,WALKING
8200,0.815,-0.522,-0.055,0.969,-13.7,1.4,26.9,30.22,WALKING
8250,0.845,-0.494,-0.056,0.980,-15.4,8.5,31.5,36.08,WALKING
8300,0.832,-0.449,-0.031,0.946,-22.1,7.7,19.8,30.66,WALKING
8350,0.812,-0.480,-0.096,0.948,-10.5,-3.8,16.9,20.26,WALKING
8400,0.892,-0.484,-0.046,1.016,-2.4,-11.5,-5.3,12.89,WALKING
8450,0.903,-0.458,-0.102,1.018,14.1,-30.3,-21.4,39.68,WALKING
8500,1.196,-0.551,-0.157,1.326,27.0,-33.1,-51.5,66.91,WALKING
8550,0.716,-0.615,-0.128,0.953,41.7,-30.2,-42.8,66.95,WALKING
8600,0.611,-0.543,-0.245,0.853,-39.9,-5.6,-4.6,40.55,WALKING
8650,0.904,-0.554,-0.221,1.083,-56.9,-26.3,-10.7,63.59,WALKING
8700,0.786,-0.384,-0.213,0.900,33.9,-59.0,-18.8,70.59,WALKING
8750,0.646,-0.456,-0.175,0.810,79.5,-45.8,-13.3,92.71,WALKING
8800,0.640,-0.552,-0.193,0.867,106.3,-21.7,-19.3,110.20,WALKING
8850,0.628,-0.600,-0.162,0.884,43.6,1.6,-26.6,51.10,WALKING
8900,0.665,-0.547,-0.242,0.894,2.1,12.3,-27.6,30.29,WALKING
8950,0.712,-0.539,-0.261,0.930,15.1,7.0,-23.3,28.63,WALKING
9000,0.797,-0.598,-0.244,1.026,30.1,-1.8,-30.8,43.10,WALKING
9050,1.069,-0.701,-0.214,1.296,40.5,-3.2,-36.8,54.82,WALKING
9100,1.039,-0.723,-0.203,1.282,57.4,-15.7,-20.5,62.94,WALKING
9150,0.734,-0.710,-0.152,1.032,14.8,12.6,32.0,37.44,WALKING
9200,0.962,-0.675,-0.156,1.185,-56.1,20.3,49.3,77.39,WALKING
9250,1.063,-0.582,-0.133,1.219,-28.9,2.0,51.5,59.09,WALKING
9300,0.920,-0.519,-0.123,1.063,-32.2,-2.7,58.0,66.39,WALKING
9350,0.860,-0.521,-0.155,1.017,-15.0,4.4,67.6,69.38,WALKING
9400,0.840,-0.476,-0.176,0.981,-14.1,-1.4,73.7,75.05,WALKING
9450,0.765,-0.385,-0.105,0.863,17.9,-25.9,69.7,76.48,WALKING
9500,0.730,-0.392,-0.112,0.836,18.6,-25.9,41.3,52.18,WALKING
9550,0.766,-0.373,-0.134,0.862,34.3,-43.4,10.6,56.32,WALKING
9600,0.822,-0.468,-0.177,0.962,24.3,-41.0,-38.7,61.39,WALKING
9650,0.981,-0.520,-0.152,1.121,38.0,-41.3,-85.0,101.86,WALKING
9700,1.021,-0.471,-0.173,1.138,43.6,-46.5,-124.1,139.51,WALKING
9750,0.599,-0.595,-0.160,0.859,38.8,-21.8,-77.0,88.94,WALKING
9800,0.998,-0.521,-0.208,1.145,8.6,-26.1,-59.2,65.27,WALKING
9850,1.029,-0.418,-0.022,1.111,120.9,-83.5,-57.5,157.78,WALKING
9900,0.713,-0.578,-0.101,0.923,111.8,-68.3,-38.0,136.41,WALKING
9950,0.563,-0.617,-0.112,0.843,85.5,-40.8,-35.8,101.27,WALKING
10000,0.562,-0.661,-0.162,0.883,30.8,-16.1,-37.7,51.28,WALKING
10050,0.681,-0.602,-0.227,0.937,4.9,-7.9,-38.5,39.61,WALKING
10100,0.763,-0.596,-0.200,0.989,32.5,-13.1,-29.4,45.74,WALKING
10150,0.811,-0.677,-0.216,1.078,36.7,-3.5,-16.1,40.23,WALKING
10200,0.881,-0.676,-0.203,1.129,8.2,12.5,-8.3,17.10,WALKING
10250,1.114,-0.705,-0.239,1.340,-11.8,11.0,-5.1,16.92,WALKING
10300,0.928,-0.704,-0.168,1.177,-2.7,10.2,21.6,24.04,WALKING
10350,0.788,-0.645,-0.155,1.030,-16.5,17.2,62.5,66.89,WALKING
10400,0.897,-0.601,-0.122,1.087,-59.8,26.1,78.1,101.77,WALKING
10450,0.967,-0.539,-0.082,1.110,-55.8,10.3,68.1,88.64,WALKING
10500,0.903,-0.488,-0.069,1.029,-45.7,9.1,61.6,77.24,WALKING
10550,0.812,-0.462,-0.096,0.939,-33.3,0.7,63.9,72.06,WALKING
10600,0.784,-0.434,-0.074,0.899,-28.7,-1.5,58.5,65.18,WALKING
10650,0.733,-0.406,-0.041,0.839,-35.0,11.5,33.8,50.00,WALKING
10700,0.745,-0.404,-0.095,0.853,-20.5,4.6,8.8,22.78,WALKING
10750,0.853,-0.457,-0.017,0.968,8.2,-24.8,-19.8,32.78,WALKING
10800,0.898,-0.453,-0.188,1.023,16.7,-27.0,-50.2,59.40,WALKING
10850,1.135,-0.589,-0.154,1.288,29.9,-30.5,-70.1,82.09,WALKING
10900,0.893,-0.515,-0.186,1.048,70.0,-42.4,-86.5,119.08,WALKING
10950,0.504,-0.612,-0.203,0.818,34.0,-15.2,-44.5,58.03,WALKING
11000,0.797,-0.570,-0.272,1.017,-9.0,-13.3,-31.0,34.91,WALKING
11050,0.908,-0.470,-0.156,1.034,70.2,-41.8,-41.6,91.68,WALKING
11100,0.676,-0.641,-0.122,0.940,75.2,-36.7,-24.5,87.19,WALKING
11150,0.639,-0.653,-0.177,0.931,25.0,-4.1,-16.1,30.02,WALKING
11200,0.655,-0.616,-0.173,0.916,-33.0,23.0,-17.9,44.03,WALKING
11250,0.704,-0.591,-0.233,0.948,-33.3,16.6,-6.1,37.70,WALKING
11300,0.772,-0.598,-0.208,0.998,-9.8,7.6,7.0,14.24,WALKING
11350,0.824,-0.645,-0.192,1.064,-5.5,10.7,11.9,16.92,WALKING
11400,0.813,-0.656,-0.152,1.056,-21.6,19.6,13.9,32.31,WALKING
11450,1.006,-0.728,-0.109,1.247,-47.7,31.0,6.3,57.24,WALKING
11500,0.813,-0.732,-0.111,1.100,-51.1,34.7,28.7,68.11,WALKING
11550,0.847,-0.656,-0.043,1.072,-103.5,50.7,58.6,129.29,WALKING
11600,1.075,-0.617,-0.122,1.245,-95.7,31.0,50.3,112.47,WALKING
11650,0.940,-0.548,-0.038,1.089,-43.8,12.1,48.0,66.10,WALKING
11700,0.794,-0.545,-0.021,0.963,-39.6,17.7,68.1,80.74,WALKING
11750,0.754,-0.510,-0.015,0.910,-52.8,24.6,70.0,91.07,WALKING
11800,0.729,-0.423,-0.027,0.843,-71.2,19.6,60.2,95.28,WALKING
11850,0.794,-0.416,-0.048,0.898,-54.5,7.2,34.9,65.12,WALKING
11900,0.845,-0.409,-0.025,0.939,-6.3,-8.6,-5.7,12.09,WALKING
11950,0.932,-0.484,-0.068,1.052,32.4,-19.0,-34.6,51.07,WALKING
12000,0.941,-0.543,-0.078,1.089,23.1,-8.8,-59.3,64.25,WALKING
12050,0.928,-0.559,-0.254,1.113,27.4,-10.0,-81.9,86.94,WALKING
12100,0.619,-0.660,-0.231,0.934,16.4,-14.0,-59.8,63.57,WALKING
12150,0.746,-0.634,-0.249,1.010,-18.9,3.9,-41.0,45.31,WALKING
12200,0.885,-0.614,-0.253,1.106,-7.0,-11.9,-29.3,32.39,WALKING
12250,0.718,-0.568,-0.161,0.930,8.6,-13.3,-10.7,19.11,WALKING
12300,0.683,-0.608,-0.177,0.931,6.0,2.8,-1.0,6.70,WALKING
12350,0.651,-0.629,-0.151,0.918,-10.7,15.6,2.4,19.07,WALKING
12400,0.660,-0.626,-0.205,0.932,-30.9,20.2,3.0,37.04,WALKING
12450,0.673,-0.599,-0.176,0.918,-35.4,28.3,32.8,55.95,WALKING
12500,0.766,-0.602,-0.184,0.991,-21.9,19.5,23.0,37.27,WALKING
12550,0.820,-0.624,-0.219,1.053,-7.9,21.1,24.7,33.43,WALKING
12600,1.038,-0.678,-0.129,1.247,-13.5,24.5,31.7,42.28,WALKING
12650,0.897,-0.652,-0.140,1.118,-19.8,27.3,33.3,47.39,WALKING
12700,0.791,-0.642,-0.100,1.024,-48.0,44.5,65.2,92.39,WALKING
12750,1.059,-0.550,-0.159,1.204,-73.7,45.7,68.8,110.70,WALKING
12800,1.022,-0.496,-0.135,1.144,-25.5,18.5,58.2,66.18,WALKING
12850,0.884,-0.460,-0.148,1.007,6.8,1.0,61.6,61.98,WALKING
12900,0.782,-0.466,-0.113,0.917,16.6,17.8,66.2,70.53,WALKING
12950,0.717,-0.447,-0.140,0.856,15.1,2.7,60.6,62.51,WALKING
13000,0.723,-0.392,-0.119,0.831,9.6,-3.4,30.3,31.97,WALKING
13050,0.750,-0.410,-0.145,0.867,20.5,-17.9,-9.4,28.79,WALKING
13100,0.853,-0.443,-0.154,0.973,37.1,-31.2,-54.1,72.64,WALKING
13150,0.993,-0.515,-0.095,1.123,45.2,-38.2,-93.4,110.57,WALKING
13200,1.151,-0.575,-0.124,1.293,44.9,-59.2,-118.3,139.70,WALKING
13250,0.855,-0.569,-0.069,1.029,74.3,-59.0,-116.5,150.25,WALKING
13300,0.742,-0.615,-0.058,0.965,47.5,-44.9,-71.8,97.10,WALKING
13350,1.086,-0.584,-0.072,1.235,67.2,-48.0,-58.7,101.32,WALKING
13400,0.852,-0.529,-0.067,1.005,103.6,-54.7,-41.7,124.35,WALKING
13450,0.665,-0.579,-0.120,0.890,101.1,-50.4,-19.2,114.59,WALKING
13500,0.627,-0.658,-0.070,0.912,114.5,-42.4,-22.9,124.23,WALKING
13550,0.677,-0.597,-0.186,0.922,65.5,-26.6,-26.6,75.53,WALKING
13600,0.710,-0.634,-0.230,0.979,57.4,-16.6,-21.2,63.40,WALKING
13650,0.748,-0.676,-0.235,1.035,40.8,0.0,-15.8,43.75,WALKING
13700,0.789,-0.667,-0.245,1.062,21.0,0.1,-12.2,24.29,WALKING
13750,1.042,-0.724,-0.283,1.300,15.4,-3.0,-17.3,23.35,WALKING
13800,0.940,-0.718,-0.218,1.203,22.8,-12.6,10.9,28.24,WALKING
13850,0.838,-0.673,-0.169,1.088,4.2,-1.6,63.2,63.36,WALKING
13900,0.956,-0.628,-0.161,1.155,-21.1,-5.1,85.8,88.50,WALKING
13950,0.930,-0.524,-0.108,1.073,-19.9,-3.3,71.4,74.19,WALKING
14000,0.837,-0.486,-0.118,0.975,5.3,-18.2,68.1,70.69,WALKING
14050,0.781,-0.497,-0.112,0.932,-1.6,-15.0,70.0,71.61,WALKING
14100,0.736,-0.458,-0.158,0.881,-15.1,-11.4,59.4,62.34,WALKING
14150,0.701,-0.396,-0.126,0.815,-6.6,-19.6,41.9,46.73,WALKING
14200,0.721,-0.386,-0.142,0.830,19.6,-22.1,12.2,31.96,WALKING
14250,0.792,-0.427,-0.147,0.912,51.0,-45.2,-29.8,74.38,WALKING
14300,0.830,-0.504,-0.107,0.977,40.1,-20.5,-66.0,79.90,WALKING
14350,0.828,-0.529,-0.118,0.990,38.9,-29.8,-90.0,102.48,WALKING
14400,1.216,-0.592,-0.116,1.357,48.9,-39.7,-131.4,145.72,WALKING
14450,0.805,-0.655,-0.090,1.042,70.6,-46.9,-107.8,137.13,WALKING
14500,0.859,-0.611,-0.118,1.061,4.4,-19.3,-46.4,50.45,WALKING
14550,1.048,-0.457,-0.132,1.151,39.4,-23.5,-25.3,52.39,WALKING
14600,0.807,-0.472,-0.145,0.946,117.3,-46.9,-24.5,128.68,WALKING
14650,0.635,-0.594,-0.120,0.878,107.6,-36.5,-35.6,119.07,WALKING
14700,0.639,-0.615,-0.179,0.905,50.7,-25.5,-29.3,63.87,WALKING
14750,0.691,-0.605,-0.250,0.952,23.6,-8.8,-24.7,35.28,WALKING
14800,0.704,-0.634,-0.274,0.986,21.4,-7.8,-13.8,26.63,WALKING
14850,0.712,-0.632,-0.296,0.997,3.5,0.5,5.3,6.37,WALKING
14900,0.804,-0.610,-0.288,1.050,4.2,-2.3,16.5,17.18,WALKING
14950,1.102,-0.693,-0.242,1.324,17.2,-11.4,16.4,26.36,WALKING
15000,1.170,-0.617,-0.194,1.337,25.0,-22.2,11.8,35.46,WALKING
15050,0.692,-0.589,-0.108,0.915,17.6,-3.5,64.6,67.05,WALKING
15100,0.754,-0.591,-0.161,0.971,-31.5,22.3,76.8,85.95,WALKING
15150,0.885,-0.533,-0.143,1.043,-58.7,24.9,45.7,78.45,WALKING
15200,0.894,-0.462,-0.097,1.011,-42.9,1.7,35.4,55.65,WALKING
15250,0.776,-0.456,-0.113,0.907,2.2,-10.6,40.6,42.02,WALKING
15300,0.728,-0.493,-0.101,0.885,15.0,-5.9,43.9,46.77,WALKING
15350,0.726,-0.453,-0.090,0.860,-9.3,3.3,34.4,35.79,WALKING
15400,0.743,-0.423,-0.136,0.866,-0.4,0.8,7.7,7.75,WALKING
15450,0.838,-0.440,-0.090,0.951,23.8,-12.2,-19.8,33.28,WALKING
15500,0.903,-0.461,-0.127,1.022,43.6,-28.8,-46.5,69.95,WALKING
15550,0.998,-0.578,-0.133,1.161,44.4,-34.5,-61.8,83.55,WALKING
15600,1.059,-0.500,-0.135,1.179,51.1,-37.7,-96.3,115.35,WALKING
15650,0.573,-0.620,-0.182,0.864,51.3,-26.2,-44.9,73.04,WALKING
15700,0.916,-0.521,-0.162,1.066,12.3,-25.6,-13.1,31.28,WALKING
15750,0.888,-0.458,-0.077,1.002,77.2,-46.8,-15.6,91.62,WALKING
15800,0.702,-0.575,-0.114,0.915,85.4,-36.8,-15.7,94.31,WALKING
15850,0.680,-0.622,-0.109,0.928,41.9,-16.3,-22.8,50.41,WALKING
15900,0.771,-0.577,-0.199,0.983,18.4,-8.0,-7.9,21.56,WALKING
15950,0.799,-0.541,-0.218,0.989,38.9,-16.9,-5.9,42.82,WALKING
16000,0.732,-0.591,-0.205,0.963,47.5,-15.4,-9.1,50.76,WALKING
16050,0.722,-0.607,-0.202,0.965,15.8,1.0,-14.0,21.13,WALKING
16100,0.842,-0.606,-0.178,1.053,-0.9,-4.1,-17.2,17.70,WALKING
16150,1.076,-0.669,-0.205,1.283,8.3,-2.1,-29.7,30.91,WALKING
16200,0.824,-0.671,-0.175,1.077,-10.1,1.4,-8.2,13.08,WALKING
16250,0.948,-0.619,-0.099,1.137,-28.5,-16.6,31.5,45.61,WALKING
16300,1.000,-0.592,-0.148,1.171,-1.7,-18.9,35.1,39.90,WALKING
16350,0.911,-0.541,-0.087,1.063,7.9,-20.7,53.9,58.28,WALKING
16400,0.801,-0.520,-0.076,0.958,10.9,-11.4,74.9,76.54,WALKING
16450,0.797,-0.475,-0.115,0.935,-13.3,-2.0,75.5,76.69,WALKING
16500,0.750,-0.426,-0.112,0.870,-0.8,-10.0,64.4,65.18,WALKING
16550,0.711,-0.403,-0.151,0.831,13.0,-26.1,39.4,49.02,WALKING
16600,0.764,-0.420,-0.138,0.883,19.6,-28.5,2.7,34.69,WALKING
16650,0.870,-0.441,-0.148,0.987,28.7,-34.1,-37.2,58.05,WALKING
16700,1.071,-0.547,-0.136,1.210,39.7,-39.6,-81.2,98.68,WALKING
16750,1.121,-0.488,-0.175,1.235,52.8,-48.7,-124.1,143.39,WALKING
16800,0.463,-0.628,-0.176,0.800,13.0,-8.3,-74.9,76.47,WALKING
16850,0.847,-0.533,-0.193,1.019,-51.5,8.4,-37.8,64.43,WALKING
16900,1.193,-0.329,-0.167,1.249,39.4,-56.0,-47.5,83.33,WALKING
16950,0.846,-0.530,-0.016,0.998,127.9,-76.0,-25.2,150.90,WALKING
17000,0.687,-0.575,-0.198,0.917,107.6,-34.6,-0.1,113.03,WALKING
17050,0.624,-0.557,-0.149,0.850,66.4,-20.0,5.9,69.60,WALKING
17100,0.629,-0.476,-0.248,0.827,29.0,-21.4,-7.4,36.79,WALKING
17150,0.644,-0.539,-0.303,0.893,63.3,-18.4,-13.9,67.37,WALKING
17200,0.667,-0.642,-0.335,0.985,36.3,-6.5,-7.4,37.61,WALKING
17250,0.806,-0.611,-0.317,1.060,9.1,1.9,0.0,9.30,WALKING
17300,1.198,-0.673,-0.301,1.407,36.3,-33.6,-9.7,50.41,WALKING
17350,0.992,-0.715,-0.089,1.226,74.0,-36.6,4.6,82.68,WALKING
17400,0.604,-0.674,-0.137,0.915,29.9,1.7,31.7,43.61,WALKING
17450,0.622,-0.627,-0.120,0.891,-51.6,22.5,39.1,68.54,WALKING
17500,0.842,-0.579,-0.168,1.036,-54.8,13.7,18.9,59.56,WALKING
17550,0.906,-0.525,-0.010,1.047,-1.0,-17.7,10.2,20.45,WALKING
17600,0.826,-0.577,-0.100,1.013,28.0,-14.2,19.6,37.01,WALKING
17650,0.769,-0.557,-0.101,0.955,3.3,-4.4,33.4,33.85,WALKING
17700,0.711,-0.507,-0.114,0.881,-20.8,14.6,27.0,37.08,WALKING
17750,0.732,-0.479,-0.158,0.889,-13.3,-1.8,16.3,21.11,WALKING
17800,0.832,-0.440,-0.183,0.959,15.1,-29.1,-4.3,33.07,WALKING
17850,0.928,-0.454,-0.120,1.040,48.3,-44.0,-20.3,68.42,WALKING
17900,0.894,-0.539,-0.103,1.049,48.0,-35.5,-39.5,71.59,WALKING
17950,1.212,-0.597,-0.119,1.356,42.9,-41.3,-70.0,91.90,WALKING
18000,0.735,-0.538,-0.064,0.913,29.3,-33.8,-64.0,78.08,WALKING
18050,0.684,-0.539,-0.147,0.883,-3.9,-9.8,-22.1,24.49,WALKING
18100,1.109,-0.434,-0.178,1.204,59.9,-69.7,-19.1,93.87,WALKING
18150,0.813,-0.496,-0.083,0.956,133.9,-73.0,-15.8,153.32,WALKING
18200,0.609,-0.587,-0.142,0.858,114.5,-48.0,-8.9,124.47,WALKING
18250,0.603,-0.599,-0.166,0.866,85.1,-29.1,-16.3,91.40,WALKING
18300,0.653,-0.544,-0.235,0.882,30.8,-15.5,-23.4,41.67,WALKING
18350,0.695,-0.622,-0.259,0.968,25.6,-8.1,-23.8,35.88,WALKING
18400,0.738,-0.644,-0.262,1.014,16.6,-1.5,-14.9,22.36,WALKING
18450,0.833,-0.650,-0.271,1.091,14.4,-15.6,-15.8,26.46,WALKING
18500,1.034,-0.698,-0.233,1.269,2.8,-2.1,-18.6,18.93,WALKING
18550,1.063,-0.623,-0.191,1.247,22.4,-12.1,-2.6,25.59,WALKING
18600,0.894,-0.624,-0.199,1.108,26.8,-14.7,37.3,48.22,WALKING
18650,0.732,-0.553,-0.113,0.924,1.6,-8.3,61.6,62.18,WALKING
18700,0.838,-0.507,-0.122,0.987,2.8,-15.1,61.7,63.58,WALKING
18750,0.984,-0.490,-0.109,1.105,26.6,-37.2,30.5,54.97,WALKING
18800,0.930,-0.506,-0.122,1.066,42.8,-45.2,30.4,69.28,WALKING
18850,0.834,-0.507,-0.162,0.989,26.4,-31.4,38.7,56.40,WALKING
18900,0.731,-0.476,-0.143,0.884,10.7,-26.9,47.1,55.29,WALKING
18950,0.640,-0.427,-0.113,0.778,28.3,-22.4,19.3,40.93,WALKING
19000,0.673,-0.426,-0.162,0.813,28.1,-38.3,-11.8,48.95,WALKING
19050,0.766,-0.478,-0.099,0.908,42.6,-49.5,-39.0,76.07,WALKING
19100,0.919,-0.553,-0.110,1.078,62.0,-51.7,-64.4,103.27,WALKING
19150,0.942,-0.659,-0.074,1.152,53.5,-41.7,-92.7,114.87,WALKING
19200,1.211,-0.713,-0.087,1.408,22.8,-36.8,-113.9,121.85,WALKING
19250,0.942,-0.656,-0.201,1.165,32.6,-38.5,-94.5,107.12,WALKING
19300,0.675,-0.583,-0.249,0.926,35.9,-43.1,-25.4,61.58,WALKING
19350,0.892,-0.510,-0.094,1.032,70.0,-69.3,-17.0,99.96,WALKING
19400,0.714,-0.588,-0.083,0.929,116.6,-70.2,-28.9,139.14,WALKING
19450,0.642,-0.596,-0.137,0.887,63.9,-39.1,-21.8,78.02,WALKING
19500,0.670,-0.559,-0.114,0.880,36.0,-18.6,-11.1,42.01,WALKING
19550,0.736,-0.537,-0.181,0.929,26.6,-8.1,-2.1,27.89,WALKING
19600,0.703,-0.580,-0.226,0.939,13.0,-1.3,19.0,23.06,WALKING
19650,0.656,-0.520,-0.334,0.901,-6.7,12.1,29.6,32.67,WALKING
19700,0.695,-0.493,-0.361,0.925,22.4,3.0,26.5,34.83,WALKING
19750,0.728,-0.550,-0.343,0.975,40.8,-4.3,4.8,41.31,WALKING
19800,0.947,-0.685,-0.296,1.206,45.4,-14.3,-4.2,47.78,WALKING
19850,0.975,-0.693,-0.228,1.218,43.8,-19.4,-18.2,51.24,WALKING
19900,0.725,-0.685,-0.191,1.016,45.8,-15.6,8.8,49.18,WALKING
19950,0.802,-0.682,-0.163,1.065,-8.6,0.2,28.2,29.48,WALKING
20000,0.944,-0.670,-0.154,1.168,-10.4,-7.9,18.3,22.48,WALKING
20050,0.905,-0.623,-0.127,1.106,-10.7,-35.4,25.6,44.98,WALKING
20100,0.765,-0.520,-0.134,0.935,15.4,-22.2,43.4,51.12,WALKING
20150,0.684,-0.515,-0.115,0.864,10.0,-17.9,41.7,46.47,WALKING
20200,0.663,-0.467,-0.120,0.820,4.6,-19.1,25.0,31.80,WALKING
20250,0.745,-0.480,-0.159,0.900,1.9,-23.3,1.5,23.43,WALKING
20300,0.839,-0.498,-0.132,0.985,20.5,-34.1,-23.0,45.96,WALKING
20350,0.957,-0.546,-0.134,1.110,36.8,-48.4,-40.7,73.17,WALKING
20400,0.909,-0.548,-0.142,1.071,45.7,-61.0,-49.5,90.88,WALKING
20450,1.122,-0.574,-0.106,1.265,45.1,-58.9,-80.4,109.40,WALKING
20500,0.583,-0.567,-0.151,0.827,66.8,-48.2,-56.0,99.61,WALKING
20550,0.679,-0.562,-0.226,0.910,21.7,-35.4,-21.9,46.94,WALKING
20600,0.975,-0.474,-0.193,1.101,66.6,-63.6,-32.4,97.62,WALKING
20650,0.707,-0.558,-0.106,0.907,109.2,-63.3,-26.3,128.93,WALKING
20700,0.578,-0.626,-0.216,0.879,88.0,-34.9,-25.4,98.02,WALKING
20750,0.577,-0.661,-0.239,0.909,22.0,-5.8,-28.0,36.08,WALKING
20800,0.661,-0.635,-0.295,0.963,6.5,-10.9,-21.5,24.97,WALKING
20850,0.642,-0.689,-0.254,0.975,43.8,-16.3,-9.8,47.75,WALKING
20900,0.666,-0.766,-0.237,1.042,28.9,-0.6,-5.5,29.42,WALKING
20950,0.757,-0.748,-0.205,1.084,-5.7,12.8,-7.4,15.85,WALKING
21000,0.970,-0.777,-0.201,1.259,-11.4,14.0,-2.5,18.23,WALKING
21050,0.912,-0.774,-0.185,1.210,-9.9,23.6,14.2,29.27,WALKING
21100,0.720,-0.669,-0.102,0.988,-34.3,29.0,52.7,69.24,WALKING
21150,0.867,-0.617,-0.121,1.071,-68.9,32.5,54.5,93.67,WALKING
21200,0.936,-0.612,-0.090,1.122,-51.4,21.7,41.3,69.42,WALKING
21250,0.821,-0.536,-0.097,0.985,-44.1,14.8,53.4,70.82,WALKING
21300,0.746,-0.523,-0.112,0.918,-27.5,12.7,66.9,73.44,WALKING
21350,0.754,-0.478,-0.103,0.899,-26.6,12.8,53.3,60.93,WALKING
21400,0.698,-0.445,-0.120,0.836,-13.5,4.4,24.5,28.32,WALKING
21450,0.725,-0.431,-0.065,0.846,-4.2,3.0,-6.3,8.14,WALKING
21500,0.865,-0.497,-0.147,1.008,-1.2,-5.4,-43.0,43.35,WALKING
21550,0.910,-0.513,-0.159,1.057,18.4,-16.3,-65.1,69.59,WALKING
21600,1.114,-0.577,-0.157,1.264,22.8,-22.8,-76.3,82.83,WALKING
21650,1.105,-0.492,-0.140,1.218,68.6,-39.4,-97.2,125.32,WALKING
21700,0.613,-0.628,-0.210,0.902,42.2,-12.2,-54.8,70.23,WALKING
21750,0.810,-0.529,-0.193,0.987,-0.1,-13.4,-22.8,26.45,WALKING
21800,0.977,-0.407,-0.167,1.071,59.9,-51.1,-26.1,82.95,WALKING
21850,0.708,-0.525,-0.157,0.895,108.5,-54.6,-10.5,121.92,WALKING
21900,0.598,-0.583,-0.153,0.849,75.2,-25.5,-2.9,79.46,WALKING
21950,0.633,-0.563,-0.209,0.873,36.6,-10.2,-10.0,39.29,WALKING
22000,0.690,-0.549,-0.254,0.918,15.8,-4.1,-12.3,20.44,WALKING
22050,0.652,-0.587,-0.231,0.907,36.1,-4.4,2.3,36.44,WALKING
22100,0.706,-0.622,-0.218,0.966,23.0,3.7,9.9,25.31,WALKING
22150,0.775,-0.644,-0.185,1.024,18.6,11.0,12.4,24.91,WALKING
22200,1.081,-0.760,-0.177,1.333,5.8,12.1,4.6,14.18,WALKING
22250,0.910,-0.708,-0.153,1.163,-1.0,5.2,14.9,15.81,WALKING
22300,0.822,-0.635,-0.163,1.051,-7.7,3.5,52.9,53.57,WALKING
22350,1.005,-0.592,-0.218,1.187,-6.7,-7.9,41.0,42.29,WALKING
22400,0.914,-0.591,-0.185,1.104,9.4,-21.7,44.4,50.31,WALKING
22450,0.784,-0.537,-0.207,0.973,8.1,-24.8,64.1,69.21,WALKING
22500,0.755,-0.510,-0.173,0.927,-4.9,-25.4,59.6,64.97,WALKING
22550,0.725,-0.467,-0.113,0.870,24.9,-44.8,34.7,61.90,WALKING
22600,0.758,-0.493,-0.156,0.918,22.6,-50.6,6.7,55.82,WALKING
22650,0.888,-0.494,-0.123,1.024,25.4,-52.9,-18.4,61.50,WALKING
22700,0.875,-0.537,-0.138,1.036,46.6,-55.0,-37.1,81.07,WALKING
22750,0.787,-0.529,-0.096,0.953,29.2,-42.3,-59.9,78.93,WALKING
22800,0.969,-0.556,-0.096,1.121,24.2,-49.9,-90.1,105.80,WALKING
22850,1.004,-0.488,-0.057,1.118,67.2,-58.2,-120.6,149.82,WALKING
22900,0.587,-0.578,-0.166,0.840,65.5,-49.3,-71.4,108.71,WALKING
22950,0.911,-0.545,-0.163,1.074,37.3,-47.2,-44.8,75.01,WALKING
23000,0.884,-0.427,-0.132,0.991,106.4,-71.7,-51.1,138.11,WALKING
23050,0.713,-0.579,-0.179,0.936,118.9,-64.3,-39.9,140.94,WALKING
23100,0.640,-0.596,-0.144,0.886,81.9,-37.8,-38.1,97.92,WALKING
23150,0.670,-0.588,-0.256,0.927,63.1,-20.1,-34.3,74.58,WALKING
23200,0.661,-0.568,-0.265,0.911,50.8,-18.2,-19.9,57.51,WALKING
23250,0.664,-0.589,-0.238,0.919,61.4,-16.3,-11.8,64.61,WALKING
23300,0.694,-0.620,-0.270,0.969,58.5,-9.4,-13.7,60.81,WALKING
23350,0.740,-0.653,-0.260,1.021,42.4,-2.0,-15.0,45.02,WALKING
23400,1.161,-0.775,-0.296,1.427,24.7,-1.8,-29.2,38.29,WALKING
23450,0.853,-0.702,-0.202,1.123,35.2,-5.1,0.6,35.57,WALKING
23500,0.763,-0.697,-0.184,1.050,-11.6,14.5,55.4,58.43,WALKING
23550,0.987,-0.661,-0.224,1.209,-39.8,9.3,58.0,70.95,WALKING
23600,0.951,-0.563,-0.116,1.111,-28.4,-7.8,57.4,64.51,WALKING
23650,0.859,-0.488,-0.078,0.991,2.7,-12.3,67.2,68.37,WALKING
23700,0.800,-0.500,-0.152,0.956,19.7,-17.0,77.9,82.13,WALKING
23750,0.730,-0.458,-0.098,0.867,4.6,-13.8,64.6,66.22,WALKING
23800,0.711,-0.411,-0.146,0.834,13.2,-24.0,45.2,52.85,WALKING
23850,0.736,-0.393,-0.089,0.839,28.7,-21.9,12.1,38.08,WALKING
23900,0.849,-0.472,-0.168,0.986,58.5,-33.5,-26.4,72.40,WALKING
23950,0.840,-0.604,-0.034,1.035,57.6,-38.1,-55.6,88.66,WALKING
24000,0.886,-0.654,-0.072,1.104,34.9,-36.7,-74.2,89.84,WALKING
24050,1.047,-0.580,-0.068,1.199,50.6,-49.2,-95.1,118.43,WALKING
24100,0.611,-0.662,-0.129,0.910,75.9,-39.6,-52.1,100.22,WALKING
24150,0.860,-0.561,-0.169,1.041,24.7,-34.5,-33.4,54.00,WALKING
24200,0.900,-0.522,-0.058,1.042,76.3,-57.6,-33.1,101.17,WALKING
24250,0.734,-0.549,-0.081,0.920,107.1,-57.8,-16.9,122.87,WALKING
24300,0.673,-0.614,-0.060,0.913,95.3,-38.8,-24.0,105.66,WALKING
24350,0.692,-0.605,-0.113,0.926,48.4,-14.9,-32.4,60.12,WALKING
24400,0.731,-0.594,-0.195,0.962,29.4,-7.3,-33.6,45.24,WALKING
24450,0.741,-0.639,-0.232,1.006,29.6,-5.7,-27.3,40.67,WALKING
24500,0.766,-0.655,-0.235,1.035,18.5,-0.2,-28.4,33.89,WALKING
24550,0.856,-0.676,-0.438,1.175,-11.9,-3.0,-29.4,31.86,WALKING
24600,1.092,-0.731,-0.279,1.343,-8.7,-9.3,-24.8,27.88,WALKING
24650,0.953,-0.708,-0.227,1.209,-3.6,-21.3,4.9,22.15,WALKING
24700,0.748,-0.650,-0.143,1.001,-18.2,-14.8,52.5,57.50,WALKING
24750,0.843,-0.614,-0.164,1.056,-29.4,-11.6,65.4,72.64,WALKING
24800,0.964,-0.533,-0.109,1.107,-21.0,-24.4,60.8,68.80,WALKING
24850,0.946,-0.483,-0.103,1.067,3.2,-33.1,60.2,68.77,WALKING
24900,0.846,-0.500,-0.091,0.987,8.8,-27.7,70.5,76.26,WALKING
24950,0.770,-0.446,-0.099,0.895,-7.3,-18.5,70.8,73.54,WALKING
25000,0.695,-0.384,-0.085,0.799,0.2,-12.3,54.1,55.48,WALKING
25050,0.691,-0.377,-0.247,0.825,16.1,-20.2,24.8,35.81,WALKING
25100,0.757,-0.405,-0.142,0.870,37.7,-32.3,-18.6,53.01,WALKING
25150,0.855,-0.442,-0.158,0.975,56.2,-38.9,-61.4,91.88,WALKING
25200,0.814,-0.510,-0.170,0.975,56.7,-38.0,-96.6,118.28,WALKING
25250,1.156,-0.640,-0.175,1.333,43.4,-43.8,-136.9,150.15,WALKING
25300,0.914,-0.642,-0.173,1.130,55.0,-45.9,-132.7,150.80,WALKING
25350,0.742,-0.669,-0.139,1.009,-25.0,-16.2,-66.3,72.69,WALKING
25400,1.061,-0.447,-0.168,1.164,-8.4,-21.0,-29.8,37.41,WALKING
25450,0.909,-0.342,-0.138,0.981,101.3,-49.6,-25.2,115.57,WALKING
25500,0.673,-0.465,-0.089,0.823,116.7,-49.9,-16.8,128.03,WALKING
25550,0.602,-0.465,-0.188,0.784,100.7,-38.7,-21.6,110.02,WALKING
25600,0.631,-0.513,-0.250,0.851,82.3,-28.4,-33.2,93.18,WALKING
25650,0.727,-0.591,-0.284,0.979,32.1,-13.0,-37.8,51.27,WALKING
25700,0.782,-0.565,-0.350,1.026,38.7,-2.1,-32.5,50.58,WALKING
25750,0.788,-0.642,-0.322,1.066,39.1,8.6,-19.1,44.36,WALKING
25800,0.957,-0.665,-0.278,1.198,24.2,9.8,-11.4,28.49,WALKING
25850,1.213,-0.679,-0.322,1.427,29.2,-2.6,-9.2,30.73,WALKING
25900,0.877,-0.663,-0.196,1.117,27.7,-4.3,38.0,47.22,WALKING
25950,0.866,-0.614,-0.128,1.069,-16.0,11.4,76.7,79.18,WALKING
26000,0.915,-0.557,-0.182,1.087,-49.4,8.6,78.4,93.06,WALKING
26050,0.884,-0.480,-0.074,1.009,-33.1,-1.8,71.6,78.90,WALKING
26100,0.875,-0.399,-0.096,0.966,-30.1,-3.9,70.7,76.94,WALKING
26150,0.800,-0.456,-0.085,0.925,7.7,-13.6,70.6,72.31,WALKING
26200,0.736,-0.436,-0.075,0.859,-4.0,-5.1,58.2,58.56,WALKING
26250,0.738,-0.398,-0.092,0.844,-9.5,-6.7,28.9,31.15,WALKING
26300,0.793,-0.408,-0.127,0.901,3.5,-9.5,-6.9,12.25,WALKING
26350,0.753,-0.473,-0.115,0.897,13.5,-28.1,-36.6,48.08,WALKING
26400,0.906,-0.465,-0.162,1.031,18.8,-33.6,-58.8,70.28,WALKING
26450,1.227,-0.540,-0.145,1.348,45.4,-52.9,-91.0,114.63,WALKING
26500,0.825,-0.508,-0.081,0.972,74.9,-60.5,-103.4,141.29,WALKING
26550,0.588,-0.616,-0.170,0.868,39.6,-21.4,-56.0,71.85,WALKING
26600,0.956,-0.535,-0.215,1.116,17.6,-16.1,-43.5,49.61,WALKING
26650,0.825,-0.458,-0.088,0.948,74.9,-38.8,-28.6,89.07,WALKING
26700,0.664,-0.534,-0.151,0.865,83.8,-25.5,-15.7,88.99,WALKING
26750,0.633,-0.610,-0.188,0.899,61.7,-9.8,-26.6,67.90,WALKING
26800,0.671,-0.586,-0.258,0.927,15.1,2.8,-27.6,31.58,WALKING
26850,0.756,-0.589,-0.299,1.004,17.9,3.9,-20.4,27.42,WALKING
26900,0.787,-0.641,-0.274,1.051,26.8,5.4,-7.4,28.32,WALKING
26950,0.833,-0.668,-0.285,1.105,8.7,9.6,6.7,14.59,WALKING
27000,1.000,-0.658,-0.274,1.228,-3.2,14.8,12.5,19.63,WALKING
27050,1.135,-0.650,-0.277,1.337,-2.5,-0.7,9.5,9.85,WALKING
27100,0.783,-0.602,-0.162,1.001,3.3,-8.7,49.5,50.37,WALKING
27150,0.899,-0.552,-0.229,1.080,-22.0,-6.0,72.1,75.62,WALKING
27200,1.048,-0.550,-0.147,1.193,1.6,-29.8,63.7,70.34,WALKING
27250,0.930,-0.509,-0.013,1.060,-4.9,-31.3,60.6,68.38,WALKING
27300,0.791,-0.521,-0.054,0.949,3.5,-11.9,66.0,67.16,WALKING
27350,0.748,-0.441,-0.102,0.874,-4.3,-5.6,66.2,66.58,WALKING
27400,0.700,-0.390,-0.101,0.808,-7.2,-3.2,49.8,50.42,WALKING
27450,0.686,-0.371,-0.107,0.787,2.2,-16.0,19.5,25.32,WALKING
27500,0.736,-0.352,0.007,0.816,36.8,-31.6,-20.5,52.66,WALKING
27550,0.858,-0.462,-0.144,0.985,47.0,-44.6,-65.5,92.13,WALKING
27600,0.881,-0.519,-0.107,1.028,52.9,-48.0,-97.5,120.87,WALKING
27650,1.268,-0.642,-0.173,1.432,51.8,-50.8,-137.1,155.11,WALKING
27700,0.729,-0.707,-0.163,1.029,44.1,-28.2,-117.8,128.91,WALKING
27750,0.670,-0.693,-0.206,0.986,-26.8,5.2,-60.5,66.37,WALKING
27800,1.105,-0.560,-0.250,1.264,-21.4,-22.6,-30.6,43.65,WALKING
27850,0.911,-0.434,-0.137,1.018,102.6,-64.8,-16.3,122.44,WALKING
27900,0.680,-0.569,-0.172,0.903,136.2,-60.2,6.6,149.06,WALKING
27950,0.606,-0.622,-0.103,0.874,86.7,-35.4,14.2,94.72,WALKING
28000,0.599,-0.554,-0.189,0.838,24.9,-8.4,11.9,28.85,WALKING
28050,0.666,-0.538,-0.271,0.898,9.1,2.9,8.4,12.72,WALKING
28100,0.748,-0.566,-0.269,0.976,18.8,4.6,11.5,22.51,WALKING
28150,0.840,-0.592,-0.320,1.076,12.8,6.0,14.9,20.54,WALKING
28200,0.965,-0.612,-0.274,1.175,16.8,-0.2,12.8,21.12,WALKING
28250,0.977,-0.567,-0.265,1.160,37.5,-15.1,9.1,41.44,WALKING
28300,0.843,-0.650,-0.186,1.081,47.2,-19.1,18.5,54.17,WALKING
28350,0.728,-0.606,-0.159,0.960,-7.7,-4.2,28.3,29.63,WALKING
28400,0.710,-0.574,-0.110,0.920,-20.6,8.8,37.3,43.51,WALKING
28450,0.815,-0.545,-0.124,0.988,-29.9,6.4,24.7,39.31,WALKING
28500,0.910,-0.533,-0.079,1.058,-1.4,-12.8,13.0,18.30,WALKING
28550,0.857,-0.525,-0.069,1.007,24.9,-26.4,12.0,38.22,WALKING
28600,0.786,-0.526,-0.088,0.950,23.7,-14.2,11.2,29.81,WALKING
28650,0.722,-0.515,-0.112,0.894,4.2,-13.1,8.6,16.22,WALKING
28700,0.733,-0.463,-0.139,0.878,17.0,-10.1,-7.4,21.11,WALKING
28750,0.698,-0.475,-0.120,0.853,39.2,-13.9,-24.3,48.17,WALKING
28800,0.772,-0.499,-0.057,0.921,36.6,-18.7,-35.0,53.98,WALKING
28850,0.886,-0.491,-0.090,1.017,41.1,-28.2,-48.5,69.55,WALKING
28900,0.944,-0.529,-0.048,1.083,47.8,-36.7,-65.7,89.15,WALKING
28950,1.130,-0.566,-0.041,1.264,55.6,-54.3,-84.6,114.88,WALKING
29000,1.239,-0.556,0.092,1.361,82.0,-69.9,-101.5,148.03,WALKING
29050,0.606,-0.769,-0.035,0.980,46.5,-19.8,-46.5,68.68,WALKING
29100,0.694,-0.504,-0.054,0.859,-37.7,-3.2,3.2,37.97,WALKING
29150,1.112,-0.419,-0.169,1.200,92.6,-51.1,0.0,105.76,WALKING
29200,0.832,-0.541,-0.111,0.999,162.6,-66.5,17.1,176.50,WALKING
29250,0.660,-0.616,-0.273,0.943,115.0,-35.0,25.4,122.86,WALKING
29300,0.605,-0.569,-0.261,0.871,36.3,-9.1,16.4,40.86,WALKING
29350,0.616,-0.479,-0.301,0.836,12.9,-7.9,6.0,16.27,WALKING
29400,0.627,-0.516,-0.267,0.855,21.9,-9.6,-0.3,23.91,WALKING
29450,0.674,-0.548,-0.203,0.892,8.4,1.6,-4.8,9.81,WALKING
29500,0.807,-0.594,-0.221,1.026,-1.9,6.4,-5.3,8.52,WALKING
29550,1.068,-0.647,-0.175,1.261,-5.0,4.7,-10.1,12.21,WALKING
29600,1.132,-0.602,-0.146,1.290,21.9,-5.8,-9.1,24.41,WALKING
29650,0.842,-0.623,-0.116,1.054,25.4,-1.6,26.1,36.45,WALKING
29700,0.762,-0.560,-0.166,0.960,-27.9,10.5,61.2,68.07,WALKING
29750,0.982,-0.499,-0.188,1.117,-22.7,-6.6,57.7,62.35,WALKING
29800,1.091,-0.441,-0.081,1.180,40.6,-45.2,43.4,74.67,WALKING
29850,0.992,-0.467,-0.160,1.108,52.5,-51.9,43.1,85.48,WALKING
29900,0.849,-0.471,-0.117,0.978,34.5,-38.9,47.8,70.63,WALKING
29950,0.701,-0.406,-0.129,0.820,3.5,-25.2,33.8,42.31,WALKING
Recording stopped

Samples dumped: 600
