
Recording started
time,accelX,accelY,accelZ,accelMagnitude,gyroX,gyroY,gyroZ,gyroMagnitude,activity
0,0.798,-0.591,-0.046,0.994,-0.7,1.9,1.7,2.64,WALKING
50,0.811,-0.595,-0.043,1.007,-6.7,2.0,-4.1,8.11,WALKING
100,0.793,-0.590,-0.047,0.990,0.7,-2.6,0.4,2.72,WALKING
150,0.770,-0.589,-0.031,0.970,-3.7,0.2,-3.2,4.90,WALKING
200,0.838,-0.597,-0.051,1.030,-6.2,0.5,-10.2,11.95,WALKING
250,0.829,-0.628,-0.033,1.041,3.5,3.6,-7.7,9.19,WALKING
300,0.800,-0.594,-0.046,0.997,-3.5,4.4,-5.0,7.52,WALKING
350,0.785,-0.556,-0.081,0.965,-3.8,1.1,-7.7,8.66,WALKING
400,0.798,-0.547,-0.084,0.971,7.0,-8.5,-9.3,14.41,WALKING
450,0.806,-0.574,-0.072,0.992,5.3,-17.9,-7.1,19.97,WALKING
500,0.841,-0.571,-0.073,1.019,7.7,-13.2,-7.2,16.89,WALKING
550,0.858,-0.607,-0.055,1.052,17.0,-18.8,-16.7,30.35,WALKING
600,0.810,-0.638,-0.022,1.031,7.2,-10.4,-17.7,21.76,WALKING
650,0.783,-0.651,-0.122,1.026,-3.2,-6.9,-12.1,14.29,WALKING
700,0.819,-0.627,-0.242,1.059,1.6,-21.4,-3.4,21.73,WALKING
750,0.825,-0.599,-0.218,1.043,48.5,-46.7,7.7,67.77,WALKING
800,0.804,-0.633,-0.161,1.036,52.5,-51.3,20.7,76.27,WALKING
850,0.750,-0.587,-0.116,0.959,15.4,-33.3,31.7,48.49,WALKING
900,0.852,-0.524,-0.173,1.015,-5.3,-17.8,19.8,27.15,WALKING
950,0.821,-0.520,-0.216,0.996,-9.5,-20.1,6.7,23.22,WALKING
1000,0.721,-0.515,-0.204,0.909,-2.0,-16.3,9.8,19.12,WALKING
1050,0.716,-0.483,-0.217,0.891,0.3,-18.4,-1.1,18.44,WALKING
1100,0.708,-0.508,-0.228,0.901,7.4,-12.8,-12.8,19.56,WALKING
1150,0.704,-0.552,-0.243,0.927,-1.1,-6.6,-20.5,21.56,WALKING
1200,0.689,-0.584,-0.249,0.937,3.8,-8.9,-22.6,24.58,WALKING
1250,0.695,-0.699,-0.239,1.014,-8.6,2.8,-13.9,16.58,WALKING
1300,0.650,-0.743,-0.171,1.002,-1.8,6.6,7.2,9.93,WALKING
1350,0.863,-0.810,-0.158,1.194,6.0,5.3,5.3,9.60,WALKING
1400,0.898,-0.811,-0.249,1.235,-5.3,7.7,3.8,10.09,WALKING
1450,0.608,-0.754,-0.009,0.969,-19.1,39.1,44.4,62.17,WALKING
1500,0.699,-0.617,-0.042,0.933,-72.3,59.4,44.5,103.61,WALKING
1550,0.888,-0.567,-0.059,1.055,-70.1,49.2,16.0,87.12,WALKING
1600,0.946,-0.578,-0.031,1.109,-66.6,28.4,19.4,74.96,WALKING
1650,0.852,-0.556,0.000,1.017,-52.2,22.8,40.8,70.07,WALKING
1700,0.761,-0.469,-0.011,0.894,-40.6,32.5,35.9,63.19,WALKING
1750,0.725,-0.454,-0.074,0.859,-51.8,34.9,21.0,65.90,WALKING
1800,0.745,-0.489,-0.079,0.895,-29.1,29.4,-7.7,42.08,WALKING
1850,0.823,-0.539,-0.074,0.987,-32.9,20.5,-27.4,47.47,WALKING
1900,0.871,-0.583,-0.142,1.058,-16.2,8.6,-27.9,33.39,WALKING
1950,0.874,-0.667,-0.114,1.105,-41.3,-3.6,-16.3,44.55,WALKING
2000,1.117,-0.589,-0.306,1.299,-23.2,-6.3,-25.3,34.90,WALKING
2050,0.841,-0.667,-0.216,1.095,22.4,-20.0,-19.6,35.86,WALKING
2100,0.686,-0.677,-0.211,0.987,-30.3,3.2,20.0,36.45,WALKING
2150,0.817,-0.440,-0.270,0.966,-17.5,-10.2,23.3,30.87,WALKING
2200,0.729,-0.495,-0.137,0.892,24.0,-19.0,7.3,31.47,WALKING
2250,0.685,-0.576,-0.130,0.904,1.8,-2.3,3.9,4.87,WALKING
2300,0.742,-0.520,-0.180,0.924,-19.2,10.5,2.3,22.00,WALKING
2350,0.785,-0.515,-0.208,0.962,-11.0,5.9,5.8,13.76,WALKING
2400,0.744,-0.496,-0.199,0.916,4.4,-0.4,11.7,12.51,WALKING
2450,0.649,-0.522,-0.115,0.841,13.0,11.5,15.1,23.01,WALKING
2500,0.707,-0.561,-0.127,0.911,-7.5,15.9,8.8,19.66,WALKING
2550,0.916,-0.584,-0.137,1.095,-21.7,29.4,2.9,36.66,WALKING
2600,1.147,-0.578,-0.182,1.297,-17.3,17.0,-20.7,31.89,WALKING
2650,0.854,-0.590,-0.119,1.045,15.7,0.4,-6.6,17.04,WALKING
2700,0.866,-0.614,-0.051,1.063,3.5,12.8,30.8,33.54,WALKING
2750,0.812,-0.555,-0.165,0.997,-11.2,9.1,24.0,28.00,WALKING
2800,0.874,-0.533,-0.145,1.034,-19.8,-10.5,10.2,24.62,WALKING
2850,0.883,-0.518,-0.125,1.031,8.4,-25.7,13.3,30.13,WALKING
2900,0.818,-0.548,-0.074,0.987,27.6,-32.6,18.9,46.71,WALKING
2950,0.758,-0.501,-0.101,0.914,22.7,-23.9,15.4,36.38,WALKING
3000,0.770,-0.469,-0.126,0.910,16.5,-24.7,5.1,30.14,WALKING
3050,0.805,-0.452,-0.081,0.927,36.6,-30.3,-4.8,47.76,WALKING
3100,0.872,-0.494,-0.093,1.007,51.0,-37.3,-16.2,65.23,WALKING
3150,0.882,-0.527,-0.088,1.031,66.4,-49.6,-23.4,86.12,WALKING
3200,0.858,-0.582,-0.115,1.043,61.8,-48.8,-31.2,84.70,WALKING
3250,1.057,-0.534,-0.151,1.194,76.0,-68.3,-48.0,112.89,WALKING
3300,0.739,-0.565,-0.102,0.936,111.5,-75.3,-30.4,137.94,WALKING
3350,0.829,-0.563,-0.063,1.004,68.2,-63.7,-10.5,93.91,WALKING
3400,0.863,-0.430,-0.075,0.967,91.4,-68.6,-41.2,121.48,WALKING
3450,0.680,-0.603,-0.020,0.909,109.9,-61.0,-46.9,134.16,WALKING
3500,0.607,-0.643,-0.088,0.889,61.1,-31.5,-44.7,82.00,WALKING
3550,0.643,-0.654,-0.189,0.936,45.1,-20.0,-44.1,66.17,WALKING
3600,0.687,-0.660,-0.215,0.977,51.8,-25.5,-30.7,65.39,WALKING
3650,0.717,-0.690,-0.197,1.014,55.0,-23.6,-19.9,63.07,WALKING
3700,0.719,-0.700,-0.155,1.015,49.9,-17.2,-6.1,53.13,WALKING
3750,0.779,-0.727,-0.180,1.081,33.8,-7.7,3.9,34.88,WALKING
3800,0.960,-0.772,-0.129,1.239,38.8,-10.1,14.7,42.70,WALKING
3850,0.950,-0.713,-0.111,1.193,32.4,-10.7,24.3,41.89,WALKING
3900,0.811,-0.675,-0.040,1.056,27.5,6.1,59.5,65.83,WALKING
3950,0.958,-0.582,-0.059,1.122,1.9,2.4,60.1,60.18,WALKING
4000,0.887,-0.495,-0.061,1.018,10.5,-2.8,40.6,42.03,WALKING
4050,0.741,-0.543,-0.005,0.919,-14.6,6.3,28.0,32.20,WALKING
4100,0.678,-0.491,-0.021,0.837,-42.0,22.0,17.1,50.40,WALKING
4150,0.665,-0.487,-0.078,0.828,-25.2,4.7,10.0,27.52,WALKING
4200,0.656,-0.540,-0.031,0.850,5.7,-1.8,0.2,5.98,WALKING
4250,0.701,-0.636,-0.065,0.949,9.3,-12.7,-5.0,16.52,WALKING
4300,0.745,-0.691,-0.003,1.016,11.0,-15.3,-19.1,26.83,WALKING
4350,0.721,-0.781,-0.030,1.063,7.4,-8.4,-30.8,32.77,WALKING
4400,0.766,-0.814,-0.045,1.119,-20.3,-3.2,-36.5,41.89,WALKING
4450,0.928,-0.783,-0.037,1.215,-21.1,-9.3,-53.0,57.80,WALKING
4500,0.759,-0.745,-0.039,1.064,-7.2,-12.1,-18.3,23.09,WALKING
4550,0.718,-0.768,0.055,1.053,-26.6,20.2,32.6,46.67,WALKING
4600,0.893,-0.594,-0.063,1.074,-68.1,23.9,32.9,79.32,WALKING
4650,0.767,-0.496,-0.041,0.914,-20.0,10.5,21.9,31.46,WALKING
4700,0.682,-0.600,0.036,0.909,-9.0,22.6,8.8,25.87,WALKING
4750,0.697,-0.606,0.022,0.924,-55.7,39.4,-10.4,69.01,WALKING
4800,0.739,-0.600,-0.062,0.954,-77.5,46.6,-10.5,91.04,WALKING
4850,0.691,-0.631,-0.077,0.939,-67.9,35.4,-3.5,76.65,WALKING
4900,0.666,-0.644,-0.100,0.932,-64.1,33.5,2.9,72.38,WALKING
4950,0.678,-0.668,-0.069,0.954,-51.7,24.5,14.8,59.09,WALKING
5000,0.692,-0.667,-0.019,0.961,-27.3,17.4,28.7,43.26,WALKING
5050,0.954,-0.726,-0.046,1.200,-17.7,28.3,22.8,40.42,WALKING
5100,0.783,-0.742,0.059,1.080,-40.3,34.5,17.8,55.96,WALKING
5150,0.884,-0.746,0.045,1.158,-86.3,47.8,6.7,98.88,WALKING
5200,0.857,-0.741,0.042,1.134,-91.2,58.3,17.7,109.68,WALKING
5250,0.826,-0.634,-0.026,1.042,-114.6,65.3,31.0,135.49,WALKING
5300,0.763,-0.531,-0.030,0.930,-89.8,56.7,44.5,115.15,WALKING
5350,0.711,-0.475,-0.030,0.856,-61.4,37.7,32.9,79.21,WALKING
5400,0.682,-0.480,-0.028,0.834,-40.3,28.3,13.0,50.93,WALKING
5450,0.717,-0.504,0.000,0.876,-45.7,28.7,-9.1,54.73,WALKING
5500,0.796,-0.526,-0.002,0.954,-25.5,15.3,-13.5,32.66,WALKING
5550,0.893,-0.595,-0.049,1.074,-20.7,12.5,-20.3,31.57,WALKING
5600,0.947,-0.599,-0.108,1.126,-2.7,4.4,-6.2,8.07,WALKING
5650,1.007,-0.613,-0.179,1.192,8.3,-4.6,-1.0,9.54,WALKING
5700,0.805,-0.597,-0.221,1.026,25.1,-15.1,8.3,30.45,WALKING
5750,0.811,-0.635,-0.170,1.044,13.3,-3.5,18.6,23.13,WALKING
5800,0.910,-0.477,-0.283,1.066,-9.2,-9.5,9.2,16.11,WALKING
5850,0.721,-0.437,-0.217,0.871,36.8,-29.2,15.8,49.56,WALKING
5900,0.665,-0.484,-0.117,0.831,41.5,-33.2,13.0,54.71,WALKING
5950,0.709,-0.469,-0.081,0.854,17.2,-21.9,-3.4,28.05,WALKING
6000,0.747,-0.530,-0.081,0.919,39.5,-22.1,-12.3,46.90,WALKING
6050,0.772,-0.611,-0.076,0.987,19.9,-11.1,-10.2,24.97,WALKING
6100,0.818,-0.533,-0.102,0.982,37.4,-20.7,-7.9,43.47,WALKING
6150,0.828,-0.575,-0.122,1.015,48.7,-19.5,-9.0,53.23,WALKING
6200,1.046,-0.598,-0.148,1.214,39.0,-27.8,-24.0,53.57,WALKING
6250,0.902,-0.582,-0.078,1.076,70.3,-43.8,-22.8,85.91,WALKING
6300,0.787,-0.633,-0.069,1.012,81.8,-40.6,-2.5,91.36,WALKING
6350,0.650,-0.557,-0.078,0.860,54.1,-28.7,3.8,61.36,WALKING
6400,0.703,-0.565,-0.137,0.912,33.0,-28.1,1.4,43.37,WALKING
6450,0.950,-0.516,-0.144,1.091,44.9,-60.5,-28.2,80.45,WALKING
6500,1.007,-0.585,-0.028,1.165,121.6,-102.4,-40.6,164.08,WALKING
6550,0.884,-0.722,0.006,1.141,145.1,-92.6,-13.0,172.62,WALKING
6600,0.807,-0.652,0.009,1.038,62.6,-56.4,1.6,84.28,WALKING
6650,0.780,-0.512,-0.052,0.934,46.0,-59.4,-2.1,75.16,WALKING
6700,0.734,-0.513,-0.065,0.898,79.8,-66.5,-12.6,104.64,WALKING
6750,0.714,-0.525,0.000,0.886,89.1,-72.0,-22.8,116.80,WALKING
6800,0.750,-0.548,-0.007,0.929,83.4,-58.5,-19.8,103.78,WALKING
6850,0.766,-0.635,-0.053,0.996,66.9,-59.5,-48.5,101.82,WALKING
6900,0.880,-0.712,-0.120,1.138,41.0,-58.9,-55.6,90.78,WALKING
6950,1.408,-0.704,-0.295,1.602,45.0,-92.8,-72.6,126.13,WALKING
7000,0.818,-0.744,-0.107,1.111,121.2,-89.3,9.7,150.86,WALKING
7050,0.987,-0.617,-0.110,1.169,67.1,-65.8,72.5,118.69,WALKING
7100,0.799,-0.373,-0.148,0.894,61.1,-94.3,70.5,132.65,WALKING
7150,0.521,-0.377,-0.019,0.643,128.8,-97.5,61.1,172.71,WALKING
7200,0.458,-0.443,-0.088,0.643,108.6,-82.1,22.1,137.92,WALKING
7250,0.437,-0.392,-0.126,0.600,80.8,-61.7,-17.9,103.23,WALKING
7300,0.501,-0.494,-0.164,0.722,66.4,-31.2,-43.8,85.44,WALKING
7350,0.626,-0.537,-0.284,0.872,24.6,-15.8,-63.3,69.73,WALKING
7400,0.745,-0.549,-0.214,0.950,50.0,-30.3,-102.9,118.35,WALKING
7450,1.060,-0.702,-0.148,1.280,75.1,-38.2,-100.7,131.30,WALKING
7500,1.261,-0.837,-0.167,1.523,45.0,-31.7,-104.8,118.38,WALKING
7550,0.824,-0.796,-0.096,1.150,31.5,-17.6,-30.3,47.12,WALKING
7600,0.854,-0.728,-0.074,1.125,5.3,-1.5,31.2,31.68,WALKING
7650,0.897,-0.637,-0.162,1.112,-8.9,-4.3,31.2,32.73,WALKING
7700,0.844,-0.569,-0.130,1.026,21.0,-29.2,31.7,47.94,WALKING
7750,0.774,-0.560,-0.097,0.960,58.8,-40.1,46.6,85.07,WALKING
7800,0.733,-0.544,-0.071,0.916,48.7,-31.9,49.9,76.68,WALKING
7850,0.707,-0.514,-0.099,0.880,22.3,-21.4,37.0,48.21,WALKING
7900,0.737,-0.482,-0.137,0.891,21.9,-25.8,20.1,39.36,WALKING
7950,0.762,-0.488,-0.172,0.921,42.1,-40.6,-2.1,58.53,WALKING
8000,0.820,-0.537,-0.127,0.988,39.4,-40.3,-24.1,61.30,WALKING
8050,0.825,-0.549,-0.167,1.005,44.5,-48.3,-33.9,73.91,WALKING
8100,1.313,-0.655,-0.123,1.472,68.8,-67.8,-69.1,118.76,WALKING
8150,0.691,-0.646,-0.152,0.958,87.5,-68.0,-66.9,129.44,WALKING
8200,0.507,-0.702,-0.078,0.869,19.1,-18.2,6.1,27.08,WALKING
8250,0.950,-0.497,-0.229,1.096,-11.2,-25.6,0.9,27.96,WALKING
8300,0.779,-0.400,-0.152,0.889,79.4,-72.4,-30.8,111.78,WALKING
8350,0.631,-0.707,-0.103,0.953,96.8,-50.7,-15.1,110.31,WALKING
8400,0.674,-0.616,-0.113,0.920,10.5,-16.9,-23.4,30.72,WALKING
8450,0.641,-0.617,-0.141,0.901,-5.3,-7.9,-28.1,29.67,WALKING
8500,0.577,-0.704,-0.122,0.918,-21.8,14.1,-20.3,32.96,WALKING
8550,0.647,-0.699,-0.108,0.959,-34.5,19.3,-15.0,42.28,WALKING
8600,0.851,-0.764,-0.015,1.144,-46.9,43.4,-13.0,65.21,WALKING
8650,1.156,-0.878,-0.090,1.454,-75.4,50.2,-13.7,91.61,WALKING
8700,0.712,-0.761,0.010,1.042,-100.9,59.0,47.1,126.02,WALKING
8750,0.884,-0.585,0.070,1.062,-129.0,69.5,75.0,164.61,WALKING
8800,0.986,-0.568,0.052,1.139,-116.6,53.6,57.0,140.42,WALKING
8850,0.874,-0.524,0.141,1.029,-108.0,41.2,60.5,130.47,WALKING
8900,0.836,-0.485,0.096,0.971,-84.3,34.7,55.2,106.57,WALKING
8950,0.797,-0.467,0.085,0.928,-64.5,25.8,43.9,82.18,WALKING
9000,0.715,-0.461,0.082,0.855,-67.2,29.4,26.0,77.82,WALKING
9050,0.650,-0.521,0.057,0.835,-55.5,38.0,5.5,67.49,WALKING
9100,0.706,-0.554,-0.130,0.907,-41.9,11.2,1.1,43.39,WALKING
9150,0.826,-0.540,-0.046,0.988,-57.3,40.0,-22.1,73.29,WALKING
9200,0.857,-0.606,-0.102,1.055,-14.4,19.3,-21.4,32.22,WALKING
9250,1.130,-0.669,-0.093,1.316,28.0,-11.2,-29.9,42.47,WALKING
9300,0.981,-0.689,-0.117,1.204,38.3,-21.4,-9.3,44.85,WALKING
9350,0.674,-0.794,-0.075,1.044,18.7,23.8,42.5,52.18,WALKING
9400,0.891,-0.662,-0.157,1.121,-62.3,47.6,54.3,95.37,WALKING
9450,0.801,-0.449,-0.194,0.939,-52.0,25.0,32.7,66.32,WALKING
9500,0.649,-0.546,-0.107,0.855,-6.6,8.5,26.3,28.42,WALKING
9550,0.629,-0.580,-0.090,0.860,-30.1,17.9,9.5,36.29,WALKING
9600,0.634,-0.608,-0.075,0.882,-51.5,34.4,-7.9,62.43,WALKING
9650,0.683,-0.665,-0.106,0.959,-75.6,46.2,-21.2,91.10,WALKING
9700,0.637,-0.668,-0.116,0.930,-75.6,36.7,-10.0,84.63,WALKING
9750,0.711,-0.718,-0.122,1.018,-76.8,45.8,5.3,89.58,WALKING
9800,0.806,-0.669,-0.024,1.048,-65.0,45.0,7.4,79.40,WALKING
9850,0.993,-0.701,-0.041,1.216,-52.4,39.0,13.6,66.72,WALKING
9900,0.763,-0.676,-0.007,1.019,-53.8,45.2,34.2,78.15,WALKING
9950,0.794,-0.574,0.021,0.980,-69.7,54.0,38.4,96.17,WALKING
10000,0.862,-0.625,-0.011,1.065,-67.2,48.6,17.2,84.70,WALKING
10050,0.824,-0.616,0.016,1.029,-95.9,52.8,16.7,110.74,WALKING
10100,0.810,-0.567,-0.019,0.989,-71.4,41.2,29.1,87.42,WALKING
10150,0.802,-0.532,-0.012,0.962,-46.0,28.9,35.0,64.62,WALKING
10200,0.788,-0.492,-0.040,0.930,-39.0,19.7,35.3,56.17,WALKING
10250,0.767,-0.504,-0.028,0.918,-29.0,18.7,20.8,40.29,WALKING
10300,0.827,-0.481,-0.069,0.959,2.9,-0.2,8.4,8.89,WALKING
10350,0.860,-0.483,-0.055,0.988,15.1,-11.8,-9.9,21.57,WALKING
10400,1.048,-0.579,-0.068,1.199,29.4,-16.4,-26.3,42.72,WALKING
10450,1.058,-0.497,-0.066,1.171,53.6,-25.8,-47.9,76.37,WALKING
10500,0.766,-0.694,-0.166,1.047,41.4,-11.3,-15.7,45.70,WALKING
10550,0.774,-0.543,-0.212,0.969,2.7,-15.8,24.2,29.03,WALKING
10600,1.009,-0.432,-0.216,1.119,52.1,-47.6,-0.3,70.57,WALKING
10650,0.735,-0.532,-0.101,0.913,105.4,-58.9,-12.6,121.40,WALKING
10700,0.642,-0.588,-0.101,0.876,51.9,-26.8,-14.8,60.26,WALKING
10750,0.671,-0.469,-0.120,0.827,30.1,-25.2,-20.5,44.29,WALKING
10800,0.717,-0.540,-0.163,0.912,39.2,-22.8,-32.0,55.50,WALKING
10850,0.708,-0.614,-0.190,0.956,24.8,-9.1,-18.9,32.48,WALKING
10900,0.771,-0.582,-0.194,0.985,26.6,-19.7,-3.6,33.30,WALKING
10950,0.838,-0.586,-0.177,1.038,59.1,-33.3,1.3,67.85,WALKING
11000,1.057,-0.645,-0.153,1.248,66.9,-45.0,-14.2,81.87,WALKING
11050,0.914,-0.643,-0.075,1.120,66.9,-33.6,-6.8,75.17,WALKING
11100,0.756,-0.687,-0.115,1.028,38.9,-9.3,15.1,42.75,WALKING
11150,0.690,-0.582,-0.203,0.925,-4.9,-10.6,31.0,33.13,WALKING
11200,0.845,-0.537,-0.218,1.025,14.3,-35.5,24.6,45.50,WALKING
11250,1.025,-0.495,-0.143,1.147,73.7,-79.5,13.0,109.18,WALKING
11300,0.918,-0.572,-0.091,1.085,112.9,-87.9,19.2,144.37,WALKING
11350,0.816,-0.609,-0.058,1.020,76.2,-66.7,26.1,104.58,WALKING
11400,0.747,-0.526,-0.129,0.923,51.2,-66.5,22.1,86.79,WALKING
11450,0.710,-0.477,-0.110,0.862,62.2,-74.0,2.1,96.69,WALKING
11500,0.718,-0.500,-0.054,0.877,84.9,-96.9,-18.6,130.17,WALKING
11550,0.734,-0.534,0.000,0.908,99.6,-85.4,-38.7,136.79,WALKING
11600,0.754,-0.601,0.032,0.965,91.8,-76.7,-47.8,128.82,WALKING
11650,0.769,-0.691,0.049,1.035,62.1,-60.4,-58.4,104.48,WALKING
11700,0.768,-0.704,-0.007,1.042,45.6,-47.7,-67.2,94.18,WALKING
11750,0.912,-0.721,-0.023,1.163,39.9,-51.1,-81.3,103.99,WALKING
11800,0.979,-0.669,-0.010,1.186,70.4,-65.2,-95.3,135.24,WALKING
11850,0.535,-0.754,-0.013,0.925,91.2,-47.1,-30.8,107.17,WALKING
11900,0.881,-0.610,-0.120,1.078,25.9,-38.0,-7.3,46.56,WALKING
11950,0.877,-0.463,-0.021,0.992,103.4,-71.6,-13.0,126.44,WALKING
12000,0.728,-0.607,-0.023,0.948,153.9,-74.6,5.7,171.12,WALKING
12050,0.709,-0.645,-0.037,0.959,105.4,-46.9,13.3,116.13,WALKING
12100,0.730,-0.542,-0.118,0.917,83.5,-37.6,19.2,93.57,WALKING
12150,0.676,-0.570,-0.184,0.903,72.2,-30.9,7.2,78.86,WALKING
12200,0.652,-0.556,-0.177,0.875,70.8,-32.3,-6.0,78.05,WALKING
12250,0.683,-0.580,-0.158,0.910,59.1,-22.8,-27.7,69.14,WALKING
12300,0.741,-0.638,-0.137,0.987,38.7,-20.9,-45.0,62.92,WALKING
12350,0.939,-0.701,-0.102,1.176,27.3,-14.7,-53.4,61.75,WALKING
12400,0.946,-0.768,-0.099,1.223,16.9,-19.7,-51.1,57.31,WALKING
12450,0.728,-0.735,-0.054,1.036,-10.0,-8.1,-5.9,14.16,WALKING
12500,0.861,-0.710,-0.047,1.117,-35.6,-5.1,23.8,43.13,WALKING
12550,0.992,-0.670,-0.044,1.198,-20.7,-12.1,16.9,29.33,WALKING
12600,0.912,-0.728,0.028,1.167,12.3,-17.7,44.6,49.54,WALKING
12650,0.790,-0.693,-0.029,1.051,5.4,-4.9,80.8,81.13,WALKING
12700,0.688,-0.574,-0.078,0.899,4.1,4.4,93.5,93.69,WALKING
12750,0.600,-0.483,-0.053,0.772,-15.4,2.0,77.3,78.84,WALKING
12800,0.600,-0.456,-0.112,0.762,-16.1,-6.1,36.3,40.18,WALKING
12850,0.683,-0.471,-0.086,0.834,10.5,-21.1,-3.0,23.76,WALKING
12900,0.812,-0.528,-0.069,0.971,15.5,-17.0,-40.2,46.32,WALKING
12950,0.861,-0.588,-0.075,1.045,0.0,-9.1,-63.2,63.85,WALKING
13000,1.174,-0.681,-0.135,1.364,0.0,-15.4,-87.9,89.24,WALKING
13050,1.093,-0.614,-0.058,1.255,35.0,-33.6,-110.2,120.41,WALKING
13100,0.479,-0.807,-0.126,0.947,22.4,2.5,-36.1,42.56,WALKING
13150,0.845,-0.659,-0.081,1.075,-65.4,9.3,2.2,66.09,WALKING
13200,0.804,-0.403,-0.085,0.903,11.9,-18.7,-16.8,27.81,WALKING
13250,0.624,-0.727,-0.041,0.959,42.0,-0.7,-15.4,44.74,WALKING
13300,0.685,-0.728,-0.073,1.002,-64.6,25.4,-5.6,69.64,WALKING
13350,0.773,-0.625,-0.131,1.003,-62.5,20.8,12.5,67.05,WALKING
13400,0.766,-0.637,-0.120,1.003,-34.9,18.5,28.3,48.59,WALKING
13450,0.728,-0.601,-0.114,0.951,-44.6,28.9,42.4,67.99,WALKING
13500,0.730,-0.550,-0.124,0.922,-48.2,26.0,41.0,68.41,WALKING
13550,0.845,-0.569,-0.098,1.023,-31.7,19.7,34.3,50.69,WALKING
13600,0.923,-0.549,-0.119,1.081,-13.7,14.0,35.4,40.46,WALKING
13650,1.009,-0.636,0.001,1.193,-23.3,30.6,12.0,40.29,WALKING
13700,0.686,-0.683,0.015,0.968,-70.2,54.3,11.3,89.47,WALKING
13750,0.820,-0.608,0.006,1.021,-101.2,51.8,25.6,116.53,WALKING
13800,0.962,-0.607,-0.013,1.138,-83.8,26.4,11.4,88.60,WALKING
13850,0.858,-0.667,-0.099,1.091,-37.5,20.7,35.2,55.44,WALKING
13900,0.770,-0.584,0.027,0.967,-24.1,16.1,68.2,74.10,WALKING
13950,0.717,-0.517,0.013,0.884,-5.8,9.0,73.2,73.98,WALKING
14000,0.623,-0.510,-0.030,0.806,-10.1,7.7,43.8,45.60,WALKING
14050,0.666,-0.500,-0.061,0.835,-5.3,0.9,16.2,17.07,WALKING
14100,0.817,-0.534,-0.151,0.988,-3.6,-9.5,-12.9,16.42,WALKING
14150,0.898,-0.537,-0.076,1.049,17.9,-1.5,-38.3,42.30,WALKING
14200,0.877,-0.608,-0.055,1.069,11.4,-16.4,-56.7,60.11,WALKING
14250,1.195,-0.584,-0.096,1.334,8.4,-24.5,-105.2,108.34,WALKING
14300,0.668,-0.678,-0.158,0.965,35.9,-22.7,-101.2,109.75,WALKING
14350,0.546,-0.773,-0.118,0.954,-13.5,2.3,-42.3,44.46,WALKING
14400,0.928,-0.549,-0.164,1.091,-27.0,-5.6,-36.5,45.75,WALKING
14450,0.772,-0.595,-0.093,0.979,68.9,-28.3,-50.9,90.22,WALKING
14500,0.614,-0.830,-0.057,1.034,17.1,-2.3,-31.2,35.65,WALKING
14550,0.688,-0.730,-0.168,1.017,-88.4,37.6,-10.0,96.58,WALKING
14600,0.766,-0.639,-0.220,1.022,-62.7,25.2,10.7,68.42,WALKING
14650,0.753,-0.655,-0.196,1.017,-43.0,21.7,25.0,54.27,WALKING
14700,0.716,-0.598,-0.142,0.944,-48.9,22.2,44.4,69.68,WALKING
14750,0.725,-0.596,-0.142,0.949,-66.2,33.2,51.3,90.09,WALKING
14800,0.793,-0.535,-0.092,0.961,-61.8,28.4,52.0,85.61,WALKING
14850,1.089,-0.500,0.099,1.202,-29.3,13.3,36.8,48.88,WALKING
14900,0.957,-0.660,0.057,1.164,-50.8,23.9,5.6,56.42,WALKING
14950,1.005,-0.649,0.180,1.210,-87.3,45.3,30.4,102.94,WALKING
15000,0.958,-0.584,-0.013,1.122,-74.7,52.7,46.5,102.57,WALKING
15050,0.776,-0.557,0.002,0.955,-51.0,52.0,82.9,110.35,WALKING
15100,0.814,-0.469,-0.030,0.940,-55.8,39.4,80.9,105.88,WALKING
15150,0.768,-0.404,-0.093,0.873,-22.8,16.8,44.3,52.58,WALKING
15200,0.688,-0.469,-0.008,0.833,-11.1,11.7,23.8,28.75,WALKING
15250,0.767,-0.501,-0.082,0.920,-6.2,8.6,-3.2,11.07,WALKING
15300,0.902,-0.521,-0.072,1.044,-12.3,-2.6,-28.2,30.88,WALKING
15350,0.903,-0.514,-0.085,1.043,0.4,-22.4,-38.7,44.72,WALKING
15400,1.241,-0.552,0.007,1.358,32.7,-20.6,-90.6,98.50,WALKING
15450,0.832,-0.750,-0.179,1.134,22.3,-3.7,-126.2,128.21,WALKING
15500,0.479,-0.832,-0.198,0.980,-76.7,26.7,-37.2,89.33,WALKING
15550,0.921,-0.539,-0.219,1.089,-54.6,11.2,15.1,57.75,WALKING
15600,0.859,-0.512,-0.191,1.018,71.5,-28.8,10.1,77.74,WALKING
15650,0.685,-0.731,-0.106,1.007,62.0,-12.7,42.8,76.40,WALKING
15700,0.767,-0.593,-0.120,0.977,-24.9,14.0,62.5,68.72,WALKING
15750,0.805,-0.505,-0.140,0.961,-16.8,7.8,68.2,70.67,WALKING
15800,0.803,-0.514,-0.195,0.973,5.3,14.4,63.8,65.62,WALKING
15850,0.754,-0.469,-0.182,0.906,2.1,13.8,52.0,53.84,WALKING
15900,0.724,-0.455,-0.173,0.872,3.6,17.8,36.1,40.41,WALKING
15950,0.745,-0.508,-0.198,0.923,-8.3,13.7,6.0,17.10,WALKING
16000,0.813,-0.582,-0.180,1.016,-7.0,16.2,-8.1,19.42,WALKING
16050,0.956,-0.621,-0.120,1.146,21.4,-15.1,-40.3,48.06,WALKING
16100,0.774,-0.760,-0.097,1.089,37.8,-25.4,-35.9,57.99,WALKING
16150,0.598,-0.715,0.030,0.933,25.2,-2.8,5.6,25.97,WALKING
16200,0.856,-0.789,-0.137,1.172,-27.5,18.4,-13.0,35.55,WALKING
16250,0.935,-0.714,-0.139,1.185,-26.1,-22.6,-1.6,34.56,WALKING
16300,0.768,-0.571,-0.049,0.958,53.2,-38.3,28.1,71.32,WALKING
16350,0.724,-0.583,-0.069,0.932,56.9,-33.8,32.6,73.78,WALKING
16400,0.667,-0.521,-0.081,0.850,22.8,-35.2,21.2,46.99,WALKING
16450,0.694,-0.469,-0.048,0.839,29.3,-36.6,-7.9,47.54,WALKING
16500,0.766,-0.528,-0.031,0.931,50.6,-52.0,-24.2,76.49,WALKING
16550,0.874,-0.538,-0.005,1.026,66.0,-63.6,-43.8,101.58,WALKING
16600,0.831,-0.606,-0.038,1.029,58.1,-50.8,-57.0,95.94,WALKING
16650,1.184,-0.641,0.020,1.347,53.4,-53.3,-73.0,104.98,WALKING
16700,0.923,-0.565,0.002,1.082,86.1,-57.4,-95.9,141.08,WALKING
16750,0.533,-0.765,-0.088,0.937,63.0,-31.4,-17.5,72.53,WALKING
16800,0.887,-0.573,-0.073,1.059,11.1,-29.4,11.9,33.60,WALKING
16850,0.967,-0.403,-0.081,1.051,86.6,-71.0,-8.7,112.32,WALKING
16900,0.691,-0.627,-0.027,0.933,142.0,-60.4,7.4,154.49,WALKING
16950,0.650,-0.664,-0.044,0.930,53.8,-26.8,10.5,61.02,WALKING
17000,0.688,-0.552,-0.162,0.897,12.6,-9.5,0.7,15.80,WALKING
17050,0.678,-0.529,-0.205,0.884,38.1,-16.1,-0.7,41.37,WALKING
17100,0.682,-0.581,-0.189,0.916,48.4,-21.0,-4.9,52.99,WALKING
17150,0.681,-0.580,-0.165,0.910,40.6,-13.7,-16.2,45.81,WALKING
17200,0.670,-0.638,-0.139,0.936,30.7,-8.7,-25.0,40.54,WALKING
17250,0.811,-0.673,-0.081,1.057,4.4,8.2,-32.2,33.52,WALKING
17300,1.136,-0.727,-0.208,1.365,-20.5,-6.3,-54.2,58.29,WALKING
17350,0.917,-0.722,-0.123,1.174,-6.2,-21.4,-3.2,22.51,WALKING
17400,0.880,-0.689,-0.032,1.118,13.0,-7.9,58.5,60.45,WALKING
17450,0.993,-0.656,-0.128,1.197,5.9,-12.8,66.5,67.98,WALKING
17500,0.895,-0.556,-0.078,1.057,-0.2,-21.7,57.1,61.08,WALKING
17550,0.798,-0.505,-0.087,0.948,18.7,-27.0,62.6,70.69,WALKING
17600,0.725,-0.486,-0.105,0.879,14.6,-25.2,56.3,63.39,WALKING
17650,0.682,-0.438,-0.052,0.812,8.4,-35.2,36.7,51.54,WALKING
17700,0.684,-0.407,-0.062,0.798,12.4,-36.6,-1.1,38.66,WALKING
17750,0.732,-0.444,-0.061,0.858,33.0,-41.9,-35.4,64.01,WALKING
17800,0.824,-0.490,-0.051,0.960,47.1,-47.1,-66.2,93.91,WALKING
17850,0.862,-0.560,-0.060,1.030,38.9,-43.6,-89.9,107.22,WALKING
17900,1.005,-0.652,-0.063,1.200,29.6,-38.3,-102.9,113.72,WALKING
17950,1.266,-0.673,-0.162,1.443,24.1,-44.9,-124.3,134.34,WALKING
18000,0.592,-0.732,-0.178,0.958,67.3,-32.4,-53.5,91.88,WALKING
18050,0.727,-0.745,-0.092,1.045,4.4,-12.8,9.3,16.42,WALKING
18100,0.930,-0.478,-0.141,1.055,26.6,-44.3,6.7,52.11,WALKING
18150,0.693,-0.572,-0.023,0.899,104.9,-50.9,23.5,118.94,WALKING
18200,0.632,-0.658,-0.037,0.913,71.6,-19.8,27.1,79.08,WALKING
18250,0.621,-0.582,-0.101,0.857,-2.3,6.7,8.8,11.30,WALKING
18300,0.648,-0.597,-0.203,0.904,-32.2,21.9,-9.3,40.04,WALKING
18350,0.691,-0.636,-0.216,0.964,-48.5,27.0,-9.9,56.38,WALKING
18400,0.708,-0.629,-0.181,0.964,-45.9,30.2,-5.6,55.23,WALKING
18450,0.765,-0.680,-0.149,1.034,-61.6,32.2,-5.3,69.71,WALKING
18500,1.109,-0.774,-0.143,1.360,-82.4,42.7,-23.4,95.71,WALKING
18550,0.846,-0.773,-0.063,1.148,-89.2,34.6,2.5,95.71,WALKING
18600,0.775,-0.645,0.068,1.011,-94.2,42.2,64.1,121.50,WALKING
18650,1.052,-0.649,-0.159,1.246,-100.1,28.7,42.7,112.55,WALKING
18700,0.897,-0.608,0.044,1.085,-71.8,10.0,37.8,81.76,WALKING
18750,0.865,-0.595,0.014,1.050,-66.0,19.0,57.1,89.32,WALKING
18800,0.831,-0.507,0.036,0.974,-60.1,18.9,74.9,97.87,WALKING
18850,0.793,-0.454,0.052,0.915,-51.5,22.9,68.7,88.86,WALKING
18900,0.782,-0.432,0.013,0.893,-43.4,13.1,55.3,71.51,WALKING
18950,0.862,-0.429,-0.028,0.963,-23.1,0.6,18.6,29.66,WALKING
19000,0.892,-0.443,-0.036,0.997,10.9,-9.6,-2.5,14.74,WALKING
19050,1.044,-0.513,-0.077,1.166,20.6,-11.0,-29.5,37.62,WALKING
19100,0.722,-0.627,-0.187,0.974,1.6,8.2,-45.1,45.87,WALKING
19150,0.435,-0.589,-0.195,0.758,-24.1,24.3,-8.6,35.29,WALKING
19200,0.732,-0.523,-0.185,0.918,-40.5,26.3,-17.9,51.50,WALKING
19250,0.833,-0.623,-0.267,1.074,-9.1,13.2,-58.8,60.95,WALKING
19300,0.690,-0.679,-0.138,0.978,-21.5,33.0,-39.7,55.92,WALKING
19350,0.773,-0.643,-0.184,1.022,-63.8,41.1,-21.7,78.93,WALKING
19400,0.813,-0.630,-0.190,1.046,-46.6,29.3,-8.8,55.74,WALKING
19450,0.803,-0.677,-0.155,1.062,-39.4,30.0,12.8,51.15,WALKING
19500,0.790,-0.612,-0.156,1.011,-50.0,31.9,32.9,67.82,WALKING
19550,0.849,-0.584,-0.112,1.037,-36.8,26.8,32.5,55.94,WALKING
19600,0.880,-0.569,-0.102,1.053,-23.5,21.7,37.5,49.29,WALKING
19650,0.826,-0.568,-0.099,1.007,-24.2,21.7,50.6,60.14,WALKING
19700,0.844,-0.529,-0.079,0.999,-5.8,21.1,55.3,59.47,WALKING
19750,0.926,-0.553,-0.135,1.087,-9.5,21.7,26.3,35.40,WALKING
19800,0.665,-0.597,-0.060,0.896,-13.7,26.2,28.3,40.93,WALKING
19850,0.891,-0.542,-0.070,1.045,-52.5,28.3,25.2,64.75,WALKING
19900,0.964,-0.498,-0.100,1.090,-30.9,15.6,1.9,34.67,WALKING
19950,0.886,-0.612,-0.043,1.078,-13.1,15.4,12.6,23.82,WALKING
20000,0.843,-0.511,-0.108,0.992,-12.3,12.1,26.2,31.37,WALKING
20050,0.737,-0.490,-0.070,0.888,2.5,9.8,24.7,26.69,WALKING
20100,0.700,-0.474,-0.091,0.850,4.3,4.0,4.9,7.65,WALKING
20150,0.753,-0.468,-0.127,0.896,14.6,-13.1,-24.0,31.00,WALKING
20200,0.803,-0.539,-0.122,0.975,36.7,-27.4,-43.7,63.30,WALKING
20250,0.794,-0.589,-0.119,0.996,38.7,-31.0,-51.9,71.78,WALKING
20300,0.883,-0.644,-0.112,1.099,22.1,-33.8,-64.1,75.76,WALKING
20350,1.110,-0.670,-0.151,1.305,9.5,-39.0,-83.8,92.92,WALKING
20400,0.566,-0.677,-0.014,0.883,45.9,-23.0,-25.0,57.10,WALKING
20450,0.861,-0.764,-0.118,1.157,-38.7,18.1,-3.2,42.84,WALKING
20500,0.910,-0.511,-0.128,1.051,-41.7,-2.2,-22.6,47.48,WALKING
20550,0.658,-0.675,-0.079,0.946,8.6,0.5,-4.0,9.50,WALKING
20600,0.656,-0.712,-0.093,0.973,-54.6,19.6,1.6,58.03,WALKING
20650,0.717,-0.620,-0.137,0.958,-65.5,26.9,2.4,70.85,WALKING
20700,0.660,-0.671,-0.130,0.950,-66.7,26.1,14.7,73.12,WALKING
20750,0.680,-0.673,-0.080,0.960,-90.4,42.6,28.1,103.81,WALKING
20800,0.872,-0.642,-0.056,1.084,-100.1,37.6,30.3,111.14,WALKING
20850,1.128,-0.708,-0.039,1.332,-70.6,28.4,20.8,78.89,WALKING
20900,0.923,-0.756,0.082,1.196,-87.9,35.3,39.9,102.78,WALKING
20950,0.776,-0.659,0.116,1.025,-105.3,61.2,90.1,151.50,WALKING
21000,0.922,-0.585,0.034,1.092,-150.5,66.6,70.2,178.92,WALKING
21050,0.854,-0.453,0.032,0.967,-112.0,35.0,42.0,124.63,WALKING
21100,0.781,-0.473,0.057,0.915,-48.0,13.2,38.7,63.05,WALKING
21150,0.752,-0.477,0.104,0.897,-35.0,12.6,31.9,49.00,WALKING
21200,0.768,-0.490,0.072,0.914,-29.6,22.1,21.7,42.84,WALKING
21250,0.809,-0.514,0.033,0.959,-34.8,33.3,6.9,48.66,WALKING
21300,0.877,-0.511,-0.001,1.015,-28.4,30.8,-5.0,42.19,WALKING
21350,0.895,-0.507,-0.090,1.033,-5.9,23.4,-16.5,29.23,WALKING
21400,0.916,-0.576,-0.100,1.087,1.6,24.4,-35.9,43.44,WALKING
21450,0.863,-0.656,-0.185,1.100,-12.1,30.2,-46.4,56.67,WALKING
21500,0.700,-0.692,-0.279,1.023,-31.0,33.1,-29.2,53.94,WALKING
21550,0.615,-0.628,-0.246,0.913,-33.9,28.4,3.8,44.39,WALKING
21600,0.855,-0.607,-0.200,1.067,-34.2,19.1,16.1,42.35,WALKING
21650,1.027,-0.587,-0.189,1.198,-22.6,7.1,21.0,31.66,WALKING
21700,0.839,-0.595,-0.117,1.035,-9.2,13.6,49.7,52.34,WALKING
21750,0.709,-0.550,-0.124,0.906,-34.5,30.1,56.1,72.41,WALKING
21800,0.674,-0.494,-0.105,0.842,-58.3,33.7,36.0,76.36,WALKING
21850,0.715,-0.499,-0.114,0.879,-53.5,29.9,6.4,61.62,WALKING
21900,0.784,-0.566,-0.106,0.973,-42.5,22.1,-7.5,48.49,WALKING
21950,0.817,-0.571,-0.098,1.002,-35.4,18.8,-8.5,40.97,WALKING
22000,0.779,-0.611,-0.087,0.994,-33.6,26.3,-3.9,42.85,WALKING
22050,0.772,-0.621,-0.104,0.996,-52.5,35.9,-1.5,63.62,WALKING
22100,0.804,-0.590,-0.142,1.007,-47.8,27.8,0.7,55.30,WALKING
22150,0.761,-0.618,-0.131,0.989,-18.5,22.5,9.7,30.70,WALKING
22200,0.919,-0.653,-0.099,1.132,-8.8,18.7,14.7,25.36,WALKING
22250,0.892,-0.682,-0.128,1.130,-10.5,19.6,6.0,23.03,WALKING
22300,0.693,-0.685,-0.035,0.975,-26.5,28.1,28.6,48.06,WALKING
22350,0.873,-0.630,-0.057,1.078,-70.7,41.6,21.6,84.83,WALKING
22400,0.951,-0.618,-0.081,1.137,-63.2,32.2,6.3,71.21,WALKING
22450,0.864,-0.507,-0.067,1.004,-57.6,27.9,22.1,67.71,WALKING
22500,0.779,-0.558,-0.062,0.960,-49.6,22.7,43.4,69.71,WALKING
22550,0.729,-0.493,-0.014,0.880,-41.5,19.5,45.6,64.67,WALKING
22600,0.698,-0.472,-0.073,0.846,-31.5,4.9,30.4,44.05,WALKING
22650,0.717,-0.472,-0.141,0.870,-22.0,-8.1,6.3,24.28,WALKING
22700,0.798,-0.492,-0.043,0.938,12.4,-16.3,-11.0,23.25,WALKING
22750,0.882,-0.543,-0.070,1.038,24.2,-18.4,-28.2,41.47,WALKING
22800,0.877,-0.587,-0.104,1.060,13.9,-14.9,-40.6,45.43,WALKING
22850,0.915,-0.610,-0.157,1.111,17.5,-18.9,-45.5,52.28,WALKING
22900,1.061,-0.579,-0.222,1.229,34.0,-36.1,-67.6,83.84,WALKING
22950,0.542,-0.661,-0.160,0.870,61.8,-32.6,-47.5,84.49,WALKING
23000,0.513,-0.821,-0.094,0.973,-3.0,10.8,-18.9,21.97,WALKING
23050,0.911,-0.662,-0.309,1.168,-71.8,7.7,-28.9,77.78,WALKING
23100,0.759,-0.656,-0.134,1.012,-5.1,-13.7,-4.8,15.39,WALKING
23150,0.677,-0.744,-0.096,1.010,-30.2,13.3,19.8,38.48,WALKING
23200,0.731,-0.650,-0.106,0.984,-78.2,30.9,17.5,85.89,WALKING
23250,0.779,-0.649,-0.142,1.024,-79.5,32.8,19.3,88.14,WALKING
23300,0.825,-0.663,-0.136,1.067,-91.7,35.0,28.4,102.18,WALKING
23350,0.874,-0.628,-0.175,1.090,-90.8,31.1,32.5,101.33,WALKING
23400,0.821,-0.587,-0.185,1.026,-69.1,26.6,40.1,84.20,WALKING
23450,0.712,-0.577,-0.153,0.929,-80.1,31.2,51.3,100.11,WALKING
23500,0.706,-0.504,-0.144,0.879,-66.9,32.2,59.0,94.83,WALKING
23550,0.788,-0.498,-0.122,0.940,-50.6,31.1,46.9,75.68,WALKING
23600,1.011,-0.570,-0.116,1.166,-44.8,31.9,31.0,63.13,WALKING
23650,0.967,-0.539,-0.102,1.112,-30.8,23.2,46.6,60.49,WALKING
23700,0.993,-0.512,-0.068,1.119,-8.9,9.3,70.4,71.57,WALKING
23750,0.997,-0.426,-0.114,1.090,11.4,8.1,59.7,61.32,WALKING
23800,0.763,-0.497,-0.078,0.914,33.4,17.2,78.5,87.03,WALKING
23850,0.786,-0.418,-0.061,0.892,-2.9,31.6,68.4,75.40,WALKING
23900,0.804,-0.345,-0.173,0.892,3.6,6.7,26.1,27.19,WALKING
23950,0.769,-0.419,-0.215,0.902,60.1,-20.7,-7.7,64.03,WALKING
24000,0.725,-0.497,-0.175,0.896,65.5,-35.1,-28.9,79.73,WALKING
24050,0.674,-0.482,-0.155,0.843,56.9,-40.8,-46.5,84.05,WALKING
24100,0.921,-0.502,-0.118,1.056,59.2,-56.2,-71.5,108.51,WALKING
24150,1.169,-0.477,-0.067,1.264,98.1,-91.9,-115.4,177.16,WALKING
24200,0.948,-0.659,-0.017,1.155,146.6,-98.5,-95.0,200.55,WALKING
24250,0.844,-0.741,0.060,1.125,98.9,-70.0,-52.3,131.97,WALKING
24300,0.922,-0.646,-0.014,1.126,72.1,-67.0,-45.9,108.60,WALKING
24350,0.754,-0.668,0.000,1.007,97.2,-64.4,-39.0,122.95,WALKING
24400,0.674,-0.699,-0.084,0.975,73.0,-48.4,-28.9,92.23,WALKING
24450,0.719,-0.658,-0.125,0.983,70.4,-46.4,-16.6,85.93,WALKING
24500,0.730,-0.675,-0.112,1.001,78.5,-46.1,-10.9,91.69,WALKING
24550,0.788,-0.726,-0.116,1.078,56.1,-32.9,-18.4,67.59,WALKING
24600,0.756,-0.732,-0.141,1.062,46.6,-19.6,-13.4,52.30,WALKING
24650,0.708,-0.743,-0.180,1.042,38.4,-11.4,3.2,40.18,WALKING
24700,0.778,-0.709,-0.159,1.065,25.6,-9.5,7.4,28.29,WALKING
24750,0.833,-0.717,-0.085,1.102,19.7,-6.2,8.8,22.45,WALKING
24800,0.732,-0.672,-0.066,0.996,9.8,-0.2,26.1,27.88,WALKING
24850,0.738,-0.631,-0.019,0.971,-11.3,8.1,42.2,44.43,WALKING
24900,0.866,-0.589,0.011,1.047,-36.4,11.7,21.1,43.67,WALKING
24950,0.836,-0.590,0.014,1.023,-54.1,14.4,7.4,56.47,WALKING
25000,0.734,-0.604,0.048,0.952,-44.0,32.1,10.9,55.54,WALKING
25050,0.723,-0.565,0.018,0.918,-69.1,43.8,12.7,82.79,WALKING
25100,0.750,-0.555,-0.002,0.933,-83.7,35.8,2.0,91.06,WALKING
25150,0.754,-0.577,0.012,0.950,-62.4,23.5,-5.0,66.87,WALKING
25200,0.761,-0.647,0.035,0.999,-53.9,19.8,-10.1,58.30,WALKING
25250,0.767,-0.685,0.038,1.029,-66.8,31.1,-9.6,74.31,WALKING
25300,0.798,-0.692,0.022,1.056,-93.1,45.5,-7.6,103.90,WALKING
25350,1.014,-0.692,-0.011,1.228,-113.3,51.8,-13.0,125.26,WALKING
25400,0.735,-0.639,0.030,0.974,-86.4,55.5,35.5,108.65,WALKING
25450,0.707,-0.578,0.068,0.916,-125.6,75.6,63.7,159.84,WALKING
25500,0.833,-0.467,0.043,0.956,-132.6,75.5,28.7,155.26,WALKING
25550,0.740,-0.606,0.114,0.963,-131.6,76.1,3.0,152.05,WALKING
25600,0.779,-0.684,0.091,1.041,-171.7,95.6,-2.3,196.53,WALKING
25650,0.887,-0.632,0.079,1.092,-205.8,97.6,3.2,227.79,WALKING
25700,0.936,-0.566,0.076,1.096,-174.7,75.4,20.3,191.36,WALKING
25750,0.901,-0.590,0.105,1.082,-148.7,58.5,36.4,163.89,WALKING
25800,0.871,-0.584,0.158,1.061,-121.3,61.1,43.2,142.52,WALKING
25850,0.927,-0.565,0.168,1.099,-120.0,64.8,41.7,142.61,WALKING
25900,0.935,-0.558,0.163,1.101,-124.0,66.8,40.4,146.53,WALKING
25950,0.916,-0.545,0.113,1.072,-112.5,66.9,47.3,139.17,WALKING
26000,0.915,-0.508,0.068,1.049,-93.0,60.7,57.3,124.97,WALKING
26050,0.878,-0.503,0.004,1.012,-65.1,50.8,62.5,103.56,WALKING
26100,0.837,-0.525,-0.042,0.989,-60.4,42.7,62.3,96.71,WALKING
26150,0.808,-0.494,-0.107,0.953,-48.6,35.7,36.9,70.70,WALKING
26200,0.717,-0.459,-0.126,0.861,-22.5,31.6,35.9,52.85,WALKING
26250,0.644,-0.473,-0.084,0.803,-18.9,35.2,19.8,44.59,WALKING
26300,0.606,-0.517,-0.086,0.801,-20.1,35.2,10.4,41.85,WALKING
26350,0.784,-0.660,-0.039,1.026,-13.4,31.5,0.5,34.24,WALKING
26400,0.799,-0.737,0.011,1.087,-6.5,31.2,-7.9,32.83,WALKING
26450,0.748,-0.839,0.089,1.128,-21.4,47.5,0.2,52.10,WALKING
26500,0.761,-0.847,0.014,1.139,-65.9,66.9,-11.9,94.66,WALKING
26550,0.770,-0.773,-0.002,1.091,-94.2,80.5,0.0,123.91,WALKING
26600,0.787,-0.739,-0.064,1.081,-100.1,74.9,18.2,126.34,WALKING
26650,0.799,-0.655,-0.101,1.038,-98.3,60.3,28.2,118.72,WALKING
26700,0.820,-0.574,-0.107,1.007,-65.3,33.8,27.5,78.50,WALKING
26750,0.835,-0.522,-0.105,0.990,-43.7,7.7,14.7,46.74,WALKING
26800,0.838,-0.492,-0.060,0.974,0.0,-18.7,4.2,19.17,WALKING
26850,0.789,-0.488,-0.023,0.928,22.4,-29.4,-6.5,37.53,WALKING
26900,0.796,-0.528,-0.045,0.956,19.8,-27.7,-18.4,38.70,WALKING
26950,0.922,-0.509,0.015,1.053,27.8,-30.1,-33.3,52.80,WALKING
27000,0.939,-0.477,-0.058,1.055,30.7,-27.0,-67.0,78.49,WALKING
27050,0.609,-0.588,-0.055,0.848,40.2,-20.0,-29.1,53.51,WALKING
27100,0.919,-0.591,-0.137,1.101,14.8,-13.2,-11.6,22.97,WALKING
27150,0.959,-0.402,-0.122,1.047,54.3,-44.4,-26.8,75.09,WALKING
27200,0.711,-0.577,-0.038,0.916,82.8,-37.4,-3.0,90.90,WALKING
27250,0.664,-0.570,-0.068,0.878,29.3,-17.2,-3.2,34.13,WALKING
27300,0.669,-0.532,-0.135,0.865,30.0,-14.4,-11.5,35.21,WALKING
27350,0.701,-0.598,-0.176,0.938,38.5,-15.1,-13.7,43.57,WALKING
27400,0.745,-0.620,-0.195,0.989,33.3,-15.1,-13.2,38.87,WALKING
27450,0.793,-0.623,-0.162,1.021,39.8,-19.0,-13.2,46.04,WALKING
27500,0.789,-0.650,-0.131,1.031,40.4,-16.6,-16.5,46.69,WALKING
27550,0.863,-0.675,-0.095,1.100,33.8,-8.2,-18.0,39.16,WALKING
27600,0.949,-0.734,-0.118,1.206,14.4,-4.1,-26.6,30.52,WALKING
27650,0.768,-0.739,0.021,1.066,-23.7,4.6,-1.6,24.20,WALKING
27700,0.858,-0.689,0.007,1.100,-39.6,18.1,24.7,50.06,WALKING
27750,0.858,-0.653,-0.009,1.078,-49.2,21.2,34.0,63.45,WALKING
27800,0.838,-0.595,-0.029,1.028,-48.7,21.6,50.7,73.54,WALKING
27850,0.778,-0.547,0.001,0.951,-32.0,23.8,62.9,74.48,WALKING
27900,0.775,-0.480,0.020,0.912,-25.9,22.1,61.3,70.12,WALKING
27950,0.804,-0.415,-0.025,0.905,-4.5,7.3,50.9,51.62,WALKING
28000,0.853,-0.415,-0.026,0.949,27.0,-9.8,38.3,47.87,WALKING
28050,0.897,-0.464,-0.080,1.013,25.4,-23.7,21.7,40.96,WALKING
28100,0.944,-0.453,-0.084,1.050,45.8,-48.7,6.0,67.12,WALKING
28150,1.196,-0.478,-0.047,1.289,81.5,-81.5,-39.6,121.87,WALKING
28200,0.709,-0.598,-0.043,0.929,112.0,-87.6,-55.3,152.56,WALKING
28250,0.590,-0.731,-0.068,0.942,67.8,-50.0,-19.9,86.56,WALKING
28300,0.915,-0.515,-0.099,1.055,18.5,-56.5,-29.6,66.41,WALKING
28350,0.819,-0.529,-0.017,0.975,81.2,-77.2,-59.5,126.86,WALKING
28400,0.681,-0.700,-0.006,0.977,62.3,-58.4,-55.3,101.73,WALKING
28450,0.680,-0.694,-0.040,0.972,15.8,-34.9,-58.2,69.68,WALKING
28500,0.761,-0.721,-0.077,1.051,14.2,-31.7,-54.1,64.29,WALKING
28550,0.706,-0.777,-0.087,1.053,19.1,-22.9,-37.5,47.91,WALKING
28600,0.692,-0.817,-0.099,1.075,-12.1,-4.9,-23.5,26.88,WALKING
28650,0.708,-0.795,-0.249,1.093,-38.7,6.5,-7.3,39.92,WALKING
28700,0.895,-0.793,0.001,1.196,-51.6,13.5,6.5,53.73,WALKING
28750,1.038,-0.746,-0.079,1.281,-67.2,15.5,5.9,69.22,WALKING
28800,0.794,-0.675,0.021,1.042,-58.8,32.0,49.2,83.08,WALKING
28850,0.958,-0.605,0.040,1.134,-88.3,51.5,52.3,114.82,WALKING
28900,0.769,-0.573,0.088,0.963,-113.9,61.9,47.5,138.06,WALKING
28950,0.749,-0.509,0.139,0.916,-134.6,79.5,55.5,165.88,WALKING
29000,0.742,-0.428,0.114,0.864,-144.6,79.8,46.0,171.44,WALKING
29050,0.784,-0.491,0.093,0.930,-133.9,71.1,27.2,154.03,WALKING
29100,0.833,-0.421,0.057,0.935,-144.9,56.4,10.0,155.81,WALKING
29150,0.902,-0.448,0.010,1.007,-83.0,29.4,2.5,88.09,WALKING
29200,0.888,-0.545,0.028,1.042,-41.7,15.8,0.9,44.60,WALKING
29250,0.882,-0.570,-0.002,1.050,-35.0,13.7,7.5,38.33,WALKING
29300,0.923,-0.523,-0.083,1.064,-33.1,10.0,10.3,36.08,WALKING
29350,0.855,-0.572,-0.026,1.029,11.9,12.3,24.4,29.80,WALKING
29400,0.833,-0.677,-0.051,1.075,-30.3,37.1,24.6,53.85,WALKING
29450,0.748,-0.566,-0.099,0.943,-77.9,48.8,35.8,98.65,WALKING
29500,0.692,-0.480,-0.103,0.848,-59.5,47.7,29.5,81.77,WALKING
29550,0.689,-0.556,-0.084,0.889,-53.7,46.2,1.1,70.85,WALKING
29600,0.738,-0.584,-0.096,0.946,-79.9,45.5,-14.0,93.01,WALKING
29650,0.746,-0.589,-0.068,0.953,-88.6,41.0,-14.0,98.63,WALKING
29700,0.781,-0.621,-0.020,0.998,-69.0,42.0,-3.9,80.87,WALKING
29750,0.836,-0.605,-0.022,1.032,-62.1,45.6,1.2,77.05,WALKING
29800,0.788,-0.630,-0.010,1.009,-66.3,52.9,16.8,86.47,WALKING
29850,0.980,-0.637,0.017,1.169,-72.1,58.5,20.3,95.04,WALKING
29900,0.842,-0.667,-0.001,1.074,-78.3,53.3,20.4,96.89,WALKING
29950,0.994,-0.715,0.026,1.225,-82.5,54.6,38.7,106.23,WALKING
Recording stopped

Samples dumped: 600
