
Recording started
time,accelX,accelY,accelZ,accelMagnitude,gyroX,gyroY,gyroZ,gyroMagnitude,activity
0,0.791,-0.529,-0.307,1.000,0.9,-2.2,4.8,5.36,WALKING
50,0.793,-0.524,-0.300,0.997,1.8,2.0,2.6,3.74,WALKING
100,0.789,-0.513,-0.290,0.985,2.9,-4.6,1.6,5.67,WALKING
150,0.788,-0.501,-0.287,0.977,2.2,-3.9,0.7,4.53,WALKING
200,0.771,-0.507,-0.284,0.965,0.6,-2.3,-2.3,3.31,WALKING
250,0.777,-0.516,-0.281,0.974,-0.6,-1.6,-7.5,7.69,WALKING
300,0.773,-0.548,-0.291,0.991,-5.6,1.3,-0.9,5.82,WALKING
350,0.788,-0.534,-0.293,0.996,-8.6,1.9,-4.4,9.85,WALKING
400,0.789,-0.534,-0.300,0.999,-1.6,-4.4,-5.4,7.15,WALKING
450,0.733,-0.542,-0.284,0.955,7.7,-12.3,-2.1,14.66,WALKING
500,0.701,-0.542,-0.269,0.926,6.2,5.1,-0.3,8.03,WALKING
550,0.790,-0.528,-0.287,0.993,-3.8,12.3,-5.5,14.00,WALKING
600,0.831,-0.513,-0.317,1.027,-6.7,10.1,-6.7,13.85,WALKING
650,0.785,-0.544,-0.341,1.014,10.4,6.7,-2.1,12.55,WALKING
700,0.787,-0.609,-0.348,1.054,0.0,1.4,1.8,2.28,WALKING
750,0.729,-0.606,-0.377,1.020,-1.4,0.0,2.6,2.95,WALKING
800,0.678,-0.624,-0.392,1.001,-0.1,-4.4,-1.9,4.79,WALKING
850,0.643,-0.671,-0.392,1.009,0.1,-2.5,2.5,3.54,WALKING
900,0.691,-0.629,-0.399,1.016,-12.0,-7.3,8.8,16.57,WALKING
950,0.803,-0.603,-0.397,1.080,-15.6,-17.5,7.2,24.52,WALKING
1000,0.961,-0.550,-0.397,1.176,-0.9,-30.8,-3.7,31.03,WALKING
1050,0.941,-0.606,-0.305,1.160,14.9,-42.1,8.6,45.48,WALKING
1100,0.900,-0.486,-0.279,1.060,10.0,-25.4,21.0,34.44,WALKING
1150,0.818,-0.308,-0.270,0.915,9.7,-25.4,18.1,32.66,WALKING
1200,0.733,-0.251,-0.246,0.813,22.4,-35.0,4.1,41.76,WALKING
1250,0.753,-0.232,-0.220,0.818,31.0,-20.8,-14.4,40.01,WALKING
1300,0.935,-0.277,-0.218,0.999,26.9,-22.1,-32.5,47.63,WALKING
1350,0.887,-0.332,-0.242,0.978,26.3,-11.7,-49.3,57.09,WALKING
1400,0.813,-0.376,-0.304,0.946,18.6,-2.2,-58.1,61.04,WALKING
1450,0.783,-0.440,-0.370,0.971,20.1,7.2,-69.5,72.71,WALKING
1500,0.777,-0.502,-0.412,1.013,23.6,0.6,-63.8,68.03,WALKING
1550,0.780,-0.581,-0.354,1.035,20.3,-6.3,-53.6,57.66,WALKING
1600,0.828,-0.598,-0.433,1.109,3.9,-4.9,-35.7,36.25,WALKING
1650,0.745,-0.563,-0.460,1.041,3.0,0.5,-9.4,9.88,WALKING
1700,0.681,-0.505,-0.450,0.960,-2.3,16.6,5.1,17.52,WALKING
1750,0.653,-0.480,-0.422,0.914,-3.9,0.9,15.6,16.11,WALKING
1800,0.673,-0.505,-0.341,0.908,-4.0,-3.2,17.5,18.23,WALKING
1850,0.897,-0.559,-0.319,1.104,-3.7,1.8,16.7,17.20,WALKING
1900,0.973,-0.603,-0.260,1.174,2.1,2.8,21.8,22.08,WALKING
1950,0.868,-0.594,-0.327,1.101,-32.5,7.3,55.5,64.73,WALKING
2000,0.893,-0.547,-0.306,1.091,4.4,3.2,73.3,73.50,WALKING
2050,0.816,-0.518,-0.265,1.002,-34.9,-2.1,89.6,96.18,WALKING
2100,0.889,-0.506,-0.284,1.062,-39.1,-6.5,88.7,97.15,WALKING
2150,0.808,-0.521,-0.221,0.986,-46.9,-0.7,86.0,97.96,WALKING
2200,0.803,-0.401,-0.396,0.981,-55.0,10.0,67.4,87.57,WALKING
2250,0.829,-0.530,-0.289,1.026,-75.0,19.5,45.5,89.86,WALKING
2300,0.763,-0.519,-0.275,0.963,-41.6,6.0,45.7,62.09,WALKING
2350,0.694,-0.530,-0.320,0.930,-29.1,2.1,42.7,51.72,WALKING
2400,0.681,-0.495,-0.293,0.891,-21.8,1.4,29.6,36.79,WALKING
2450,0.682,-0.478,-0.246,0.868,-14.4,7.7,8.3,18.32,WALKING
2500,0.660,-0.528,-0.287,0.893,-16.6,14.5,-6.7,23.04,WALKING
2550,0.707,-0.508,-0.378,0.949,-7.5,23.5,-21.3,32.59,WALKING
2600,0.781,-0.503,-0.416,1.018,2.5,22.6,-29.3,37.09,WALKING
2650,0.827,-0.483,-0.435,1.052,11.7,20.8,-40.6,47.09,WALKING
2700,0.819,-0.460,-0.470,1.050,31.3,7.0,-50.7,59.99,WALKING
2750,0.863,-0.508,-0.427,1.089,58.8,-1.7,-76.0,96.11,WALKING
2800,0.883,-0.537,-0.398,1.107,71.6,-13.5,-92.0,117.36,WALKING
2850,0.737,-0.604,-0.331,1.009,57.8,-8.2,-77.5,97.03,WALKING
2900,0.735,-0.568,-0.297,0.975,24.3,-17.2,-54.1,61.75,WALKING
2950,0.782,-0.415,-0.237,0.916,27.0,-32.2,-45.1,61.64,WALKING
3000,0.938,-0.465,-0.201,1.066,48.0,-47.3,-43.7,80.32,WALKING
3050,0.895,-0.456,-0.184,1.021,78.8,-43.1,-23.5,92.84,WALKING
3100,0.793,-0.474,-0.257,0.959,28.5,-7.6,-11.3,31.59,WALKING
3150,0.752,-0.414,-0.299,0.909,23.3,4.0,-6.5,24.52,WALKING
3200,0.772,-0.399,-0.371,0.945,16.9,6.7,-14.6,23.32,WALKING
3250,0.775,-0.412,-0.406,0.967,14.6,0.0,-18.4,23.49,WALKING
3300,0.746,-0.450,-0.411,0.963,17.2,-3.4,-14.6,22.82,WALKING
3350,0.732,-0.465,-0.406,0.958,-0.4,2.6,-0.7,2.72,WALKING
3400,0.793,-0.442,-0.393,0.989,-16.5,3.9,3.2,17.25,WALKING
3450,0.883,-0.489,-0.389,1.082,0.5,-2.5,10.1,10.42,WALKING
3500,1.055,-0.546,-0.386,1.249,7.0,-12.0,8.8,16.45,WALKING
3550,0.865,-0.698,-0.262,1.142,21.9,-6.0,18.2,29.10,WALKING
3600,0.666,-0.607,-0.286,0.945,-30.5,0.9,52.0,60.29,WALKING
3650,0.738,-0.538,-0.335,0.973,-21.8,4.8,63.7,67.50,WALKING
3700,0.849,-0.602,-0.273,1.076,-48.3,1.9,75.8,89.90,WALKING
3750,0.836,-0.571,-0.241,1.041,-7.1,-3.1,80.5,80.87,WALKING
3800,0.802,-0.590,-0.219,1.019,-36.4,16.8,77.1,86.90,WALKING
3850,0.846,-0.614,-0.228,1.070,-78.0,28.5,63.8,104.72,WALKING
3900,0.858,-0.613,-0.210,1.075,-79.5,23.4,61.5,103.20,WALKING
3950,0.780,-0.688,-0.307,1.084,-46.7,4.3,73.5,87.19,WALKING
4000,0.738,-0.484,-0.269,0.923,-38.3,-5.1,63.1,73.99,WALKING
4050,0.679,-0.481,-0.254,0.870,-14.9,-2.6,49.1,51.38,WALKING
4100,0.646,-0.494,-0.311,0.871,-0.9,1.3,31.0,31.04,WALKING
4150,0.630,-0.512,-0.359,0.888,0.8,-1.5,10.1,10.24,WALKING
4200,0.640,-0.513,-0.378,0.903,-7.2,4.9,-15.3,17.61,WALKING
4250,0.688,-0.510,-0.443,0.964,11.5,5.7,-33.9,36.25,WALKING
4300,0.734,-0.552,-0.383,0.995,12.2,11.6,-54.5,57.04,WALKING
4350,0.880,-0.615,-0.392,1.143,54.7,5.1,-94.4,109.22,WALKING
4400,0.653,-0.720,-0.334,1.028,39.9,7.2,-67.4,78.66,WALKING
4450,0.630,-0.599,-0.362,0.942,11.6,13.1,-33.3,37.62,WALKING
4500,0.887,-0.454,-0.373,1.064,2.1,-13.8,-43.4,45.59,WALKING
4550,0.969,-0.471,-0.312,1.122,64.1,-47.9,-51.4,95.11,WALKING
4600,0.837,-0.589,-0.249,1.053,65.5,-54.3,-27.5,89.41,WALKING
4650,0.803,-0.549,-0.283,1.013,28.4,-23.1,-14.2,39.27,WALKING
4700,0.746,-0.468,-0.254,0.917,15.3,-9.0,-16.5,24.24,WALKING
4750,0.721,-0.451,-0.286,0.897,5.0,-3.3,-26.9,27.56,WALKING
4800,0.681,-0.485,-0.300,0.888,-3.6,-0.8,-31.2,31.42,WALKING
4850,0.693,-0.488,-0.320,0.906,0.0,4.2,-33.3,33.56,WALKING
4900,0.711,-0.525,-0.349,0.950,-5.8,16.5,-29.8,34.55,WALKING
4950,0.761,-0.540,-0.395,1.013,-17.4,19.2,-30.0,39.64,WALKING
5000,0.743,-0.543,-0.385,0.998,-17.3,7.9,-15.9,24.79,WALKING
5050,0.771,-0.576,-0.401,1.043,-6.4,10.4,-1.0,12.25,WALKING
5100,0.786,-0.589,-0.380,1.053,13.9,-1.1,6.0,15.18,WALKING
5150,0.776,-0.709,-0.365,1.113,13.5,6.2,32.9,36.10,WALKING
5200,0.849,-0.650,-0.291,1.108,-39.3,-8.8,55.3,68.41,WALKING
5250,0.854,-0.571,-0.260,1.060,-4.6,-11.3,68.6,69.68,WALKING
5300,0.826,-0.576,-0.223,1.031,5.8,-7.6,81.2,81.76,WALKING
5350,0.837,-0.559,-0.236,1.034,-29.1,3.5,81.7,86.80,WALKING
5400,0.925,-0.526,-0.311,1.109,-34.9,-1.0,68.5,76.88,WALKING
5450,0.882,-0.540,-0.349,1.091,-26.6,-5.5,51.0,57.78,WALKING
5500,0.704,-0.630,-0.345,1.006,-16.8,-6.3,50.1,53.22,WALKING
5550,0.633,-0.593,-0.363,0.940,-33.9,-0.1,60.7,69.52,WALKING
5600,0.608,-0.511,-0.354,0.870,-51.8,6.7,48.7,71.41,WALKING
5650,0.645,-0.475,-0.315,0.861,-36.2,4.8,24.7,44.09,WALKING
5700,0.682,-0.454,-0.302,0.873,-5.8,-5.8,-6.1,10.22,WALKING
5750,0.730,-0.495,-0.324,0.940,-1.0,-2.6,-34.3,34.41,WALKING
5800,0.815,-0.523,-0.377,1.039,-7.2,-3.0,-52.1,52.68,WALKING
5850,0.808,-0.542,-0.362,1.038,22.1,-4.6,-68.3,71.93,WALKING
5900,0.835,-0.564,-0.372,1.074,27.4,-3.7,-90.5,94.63,WALKING
5950,0.829,-0.592,-0.372,1.084,40.4,15.5,-104.3,112.92,WALKING
6000,0.635,-0.649,-0.443,1.010,29.2,8.4,-74.6,80.55,WALKING
6050,0.655,-0.515,-0.385,0.918,12.4,-7.8,-48.2,50.38,WALKING
6100,0.939,-0.448,-0.376,1.106,46.5,-42.4,-59.4,86.54,WALKING
6150,0.803,-0.529,-0.273,1.000,78.6,-36.1,-49.6,99.71,WALKING
6200,0.741,-0.506,-0.313,0.950,37.6,-22.4,-32.2,54.34,WALKING
6250,0.780,-0.384,-0.280,0.913,18.1,-4.9,-27.8,33.53,WALKING
6300,0.817,-0.322,-0.323,0.936,23.7,0.5,-28.3,36.92,WALKING
6350,0.832,-0.315,-0.350,0.956,26.8,4.9,-31.5,41.65,WALKING
6400,0.796,-0.355,-0.365,0.945,27.5,12.9,-24.9,39.28,WALKING
6450,0.770,-0.383,-0.389,0.944,21.2,14.3,-24.4,35.35,WALKING
6500,0.801,-0.457,-0.428,1.017,17.7,17.5,-28.5,37.84,WALKING
6550,0.788,-0.519,-0.461,1.050,21.5,4.7,-21.9,31.05,WALKING
6600,0.794,-0.594,-0.451,1.089,19.3,2.1,-4.3,19.88,WALKING
6650,0.817,-0.589,-0.441,1.099,22.6,-8.4,2.8,24.27,WALKING
6700,0.821,-0.663,-0.419,1.135,29.1,-12.3,24.6,40.04,WALKING
6750,0.771,-0.637,-0.360,1.063,-10.5,-10.8,52.2,54.33,WALKING
6800,0.720,-0.632,-0.265,0.994,-37.9,-2.5,69.2,78.94,WALKING
6850,0.804,-0.610,-0.259,1.042,-31.8,-0.5,76.4,82.76,WALKING
6900,0.885,-0.541,-0.240,1.065,-78.0,-12.1,73.5,107.85,WALKING
6950,0.958,-0.627,-0.226,1.167,-54.8,-2.8,68.5,87.77,WALKING
7000,0.940,-0.588,-0.223,1.131,-62.0,5.7,71.6,94.88,WALKING
7050,0.818,-0.516,-0.201,0.988,-48.5,-7.2,87.2,100.04,WALKING
7100,0.767,-0.437,-0.272,0.924,-53.6,1.6,90.5,105.19,WALKING
7150,0.720,-0.340,-0.267,0.840,-45.6,13.0,75.8,89.41,WALKING
7200,0.658,-0.288,-0.271,0.768,-24.9,8.1,38.6,46.64,WALKING
7250,0.685,-0.305,-0.330,0.819,-1.3,1.6,-2.3,3.09,WALKING
7300,0.777,-0.334,-0.494,0.979,24.9,-2.1,-38.9,46.23,WALKING
7350,0.906,-0.360,-0.419,1.061,44.1,1.6,-74.0,86.16,WALKING
7400,1.197,-0.403,-0.463,1.345,51.1,3.6,-120.3,130.75,WALKING
7450,0.941,-0.537,-0.406,1.157,103.1,0.8,-133.5,168.68,WALKING
7500,0.736,-0.623,-0.411,1.048,92.1,-3.7,-92.1,130.30,WALKING
7550,0.803,-0.451,-0.327,0.977,50.1,-29.1,-69.2,90.25,WALKING
7600,0.992,-0.492,-0.237,1.132,93.5,-74.0,-72.2,139.40,WALKING
7650,0.925,-0.642,-0.162,1.138,112.4,-84.4,-51.3,149.63,WALKING
7700,0.760,-0.580,-0.209,0.979,67.9,-57.6,-11.5,89.78,WALKING
7750,0.650,-0.468,-0.215,0.829,31.2,-27.8,-1.2,41.81,WALKING
7800,0.647,-0.384,-0.279,0.802,43.1,-4.8,-8.5,44.19,WALKING
7850,0.663,-0.388,-0.341,0.840,43.9,4.2,-21.4,49.02,WALKING
7900,0.675,-0.450,-0.398,0.904,21.2,4.9,-24.2,32.54,WALKING
7950,0.658,-0.465,-0.456,0.926,1.0,14.2,-19.0,23.74,WALKING
8000,0.718,-0.508,-0.515,1.019,-6.5,17.4,-16.5,24.84,WALKING
8050,0.815,-0.513,-0.510,1.090,-2.6,6.1,-34.1,34.74,WALKING
8100,0.981,-0.605,-0.489,1.252,30.2,3.7,-15.1,33.97,WALKING
8150,0.935,-0.684,-0.398,1.225,46.2,-7.5,3.4,46.93,WALKING
8200,0.764,-0.708,-0.330,1.093,10.6,-4.2,43.0,44.49,WALKING
8250,0.736,-0.590,-0.288,0.986,-25.9,7.4,82.1,86.41,WALKING
8300,0.806,-0.555,-0.290,1.021,-35.8,1.2,91.9,98.63,WALKING
8350,0.957,-0.475,-0.282,1.105,-51.9,-3.2,75.0,91.26,WALKING
8400,1.000,-0.432,-0.189,1.106,-9.4,-23.8,36.6,44.66,WALKING
8450,0.874,-0.587,-0.291,1.092,-13.6,-18.6,31.3,38.87,WALKING
8500,0.774,-0.568,-0.266,0.996,-35.0,5.3,49.2,60.61,WALKING
8550,0.732,-0.444,-0.365,0.931,-47.9,-0.8,63.2,79.31,WALKING
8600,0.726,-0.367,-0.381,0.898,-31.8,-12.3,53.2,63.19,WALKING
8650,0.679,-0.365,-0.305,0.829,4.9,-20.0,28.4,35.08,WALKING
8700,0.717,-0.399,-0.350,0.892,15.3,-28.2,-3.6,32.28,WALKING
8750,0.788,-0.408,-0.343,0.951,22.4,-23.1,-34.2,46.96,WALKING
8800,0.811,-0.404,-0.371,0.979,40.7,-26.8,-59.0,76.52,WALKING
8850,0.856,-0.440,-0.345,1.022,52.9,-30.3,-89.9,108.62,WALKING
8900,1.109,-0.430,-0.324,1.233,99.1,-36.6,-147.9,181.75,WALKING
8950,0.839,-0.610,-0.265,1.071,138.7,-42.0,-138.5,200.46,WALKING
9000,0.728,-0.691,-0.226,1.029,88.3,-47.6,-80.0,128.31,WALKING
9050,0.912,-0.527,-0.155,1.065,62.9,-61.8,-65.8,110.02,WALKING
9100,0.977,-0.576,-0.136,1.142,126.7,-86.2,-70.8,168.81,WALKING
9150,0.781,-0.656,-0.156,1.032,120.6,-69.5,-56.1,150.07,WALKING
9200,0.642,-0.646,-0.184,0.929,82.6,-36.4,-37.6,97.78,WALKING
9250,0.666,-0.557,-0.295,0.917,58.3,-12.1,-28.0,65.80,WALKING
9300,0.729,-0.486,-0.380,0.955,38.4,-13.5,-27.5,49.12,WALKING
9350,0.677,-0.463,-0.369,0.899,46.4,-1.2,-28.6,54.52,WALKING
9400,0.670,-0.468,-0.426,0.922,32.4,8.6,-30.7,45.46,WALKING
9450,0.749,-0.524,-0.457,1.022,24.2,10.3,-38.0,46.21,WALKING
9500,0.766,-0.587,-0.439,1.060,12.5,4.1,-37.0,39.27,WALKING
9550,0.882,-0.646,-0.468,1.189,19.3,-0.7,-22.0,29.27,WALKING
9600,0.885,-0.702,-0.397,1.197,20.0,-6.6,-3.0,21.27,WALKING
9650,0.794,-0.685,-0.331,1.100,-2.7,-10.9,33.6,35.43,WALKING
9700,0.753,-0.614,-0.291,1.014,-25.6,-13.7,80.9,85.95,WALKING
9750,0.876,-0.549,-0.278,1.071,-49.5,-6.7,91.5,104.25,WALKING
9800,0.901,-0.495,-0.204,1.048,-47.7,-9.7,64.4,80.73,WALKING
9850,0.903,-0.584,-0.247,1.103,-25.4,-20.6,57.1,65.80,WALKING
9900,0.857,-0.621,-0.248,1.087,-21.7,-20.5,76.5,82.12,WALKING
9950,0.814,-0.535,-0.251,1.006,-31.2,-17.1,92.5,99.11,WALKING
10000,0.744,-0.530,-0.323,0.969,-38.4,-7.7,96.1,103.77,WALKING
10050,0.698,-0.447,-0.342,0.897,-39.2,4.5,72.7,82.72,WALKING
10100,0.663,-0.499,-0.355,0.903,-26.1,3.2,41.3,48.96,WALKING
10150,0.645,-0.392,-0.385,0.847,-6.2,1.6,6.6,9.20,WALKING
10200,0.686,-0.393,-0.427,0.899,10.6,6.1,-30.3,32.68,WALKING
10250,0.732,-0.373,-0.404,0.916,25.8,0.0,-66.0,70.86,WALKING
10300,0.917,-0.448,-0.474,1.125,28.2,0.8,-106.6,110.27,WALKING
10350,0.931,-0.534,-0.393,1.143,79.9,-18.9,-136.3,159.12,WALKING
10400,0.728,-0.699,-0.441,1.101,87.5,-10.2,-114.8,144.70,WALKING
10450,0.754,-0.673,-0.411,1.091,40.4,-19.6,-80.6,92.26,WALKING
10500,0.842,-0.581,-0.264,1.057,43.8,-46.6,-67.7,93.13,WALKING
10550,0.933,-0.592,-0.196,1.122,68.1,-67.9,-54.5,110.54,WALKING
10600,0.792,-0.558,-0.151,0.981,62.9,-52.9,-35.7,89.61,WALKING
10650,0.710,-0.459,-0.219,0.873,40.4,-20.1,-29.7,54.02,WALKING
10700,0.702,-0.390,-0.258,0.843,43.8,-1.3,-30.6,53.45,WALKING
10750,0.760,-0.411,-0.325,0.923,47.1,2.3,-32.7,57.38,WALKING
10800,0.778,-0.444,-0.367,0.968,18.0,4.9,-38.5,42.78,WALKING
10850,0.769,-0.485,-0.391,0.990,8.7,16.0,-28.9,34.16,WALKING
10900,0.740,-0.500,-0.392,0.975,4.9,19.3,-24.2,31.34,WALKING
10950,0.779,-0.580,-0.492,1.089,-18.7,3.6,-13.4,23.29,WALKING
11000,0.788,-0.587,-0.481,1.094,9.3,8.4,-9.1,15.49,WALKING
11050,0.881,-0.646,-0.483,1.194,14.0,11.6,4.1,18.64,WALKING
11100,0.872,-0.679,-0.421,1.183,-1.8,-0.9,35.8,35.86,WALKING
11150,0.844,-0.562,-0.317,1.062,-43.6,-15.0,69.5,83.40,WALKING
11200,0.804,-0.560,-0.106,0.986,-47.1,2.2,89.1,100.81,WALKING
11250,0.841,-0.540,-0.153,1.011,-61.1,1.3,97.6,115.15,WALKING
11300,0.876,-0.589,-0.198,1.074,-58.6,8.6,90.5,108.16,WALKING
11350,0.943,-0.632,-0.277,1.169,-52.2,5.7,80.9,96.45,WALKING
11400,0.850,-0.652,-0.359,1.130,-51.3,-33.1,94.2,112.25,WALKING
11450,0.760,-0.559,-0.342,1.004,-40.6,-20.3,96.6,106.73,WALKING
11500,0.686,-0.467,-0.329,0.893,-20.4,-19.6,91.1,95.39,WALKING
11550,0.637,-0.387,-0.312,0.808,-47.3,-2.8,58.9,75.59,WALKING
11600,0.634,-0.355,-0.309,0.790,2.1,-19.6,17.7,26.49,WALKING
11650,0.655,-0.448,-0.373,0.877,20.5,-10.0,-25.8,34.44,WALKING
11700,0.653,-0.542,-0.391,0.934,32.5,-4.8,-46.2,56.69,WALKING
11750,0.641,-0.572,-0.444,0.967,3.4,2.1,-61.6,61.73,WALKING
11800,0.854,-0.650,-0.473,1.173,14.7,1.6,-98.4,99.50,WALKING
11850,0.878,-0.599,-0.406,1.138,61.2,-4.2,-127.4,141.40,WALKING
11900,0.563,-0.698,-0.374,0.972,76.2,-1.1,-86.8,115.51,WALKING
11950,0.626,-0.581,-0.296,0.904,-0.9,1.9,-53.8,53.84,WALKING
12000,0.977,-0.425,-0.273,1.100,16.6,-27.3,-77.2,83.55,WALKING
12050,0.947,-0.564,-0.197,1.120,92.8,-49.4,-84.1,134.63,WALKING
12100,0.741,-0.644,-0.227,1.008,54.5,-25.6,-49.9,78.20,WALKING
12150,0.763,-0.460,-0.275,0.932,3.9,9.4,-42.5,43.70,WALKING
12200,0.790,-0.423,-0.309,0.948,22.6,4.6,-42.6,48.44,WALKING
12250,0.774,-0.418,-0.329,0.939,26.1,-2.7,-39.4,47.34,WALKING
12300,0.732,-0.478,-0.342,0.939,16.4,2.3,-35.1,38.81,WALKING
12350,0.767,-0.488,-0.378,0.985,-8.4,12.1,-22.1,26.56,WALKING
12400,0.843,-0.499,-0.405,1.060,-6.8,0.2,-15.6,17.02,WALKING
12450,0.815,-0.535,-0.372,1.043,5.8,2.1,-1.3,6.30,WALKING
12500,0.919,-0.598,-0.413,1.172,22.6,-7.4,14.9,28.06,WALKING
12550,0.868,-0.637,-0.386,1.144,27.1,-5.8,25.4,37.59,WALKING
12600,0.788,-0.589,-0.351,1.045,10.0,-13.6,59.6,61.94,WALKING
12650,0.714,-0.582,-0.250,0.954,0.0,-7.4,77.4,77.75,WALKING
12700,0.898,-0.582,-0.284,1.107,0.2,-10.7,82.5,83.19,WALKING
12750,0.935,-0.552,-0.223,1.108,-35.5,-8.5,72.1,80.81,WALKING
12800,0.862,-0.614,-0.303,1.101,-20.0,-6.0,76.4,79.20,WALKING
12850,0.821,-0.639,-0.309,1.085,-31.7,-7.8,86.8,92.74,WALKING
12900,0.804,-0.388,-0.395,0.976,-38.5,-24.5,96.3,106.57,WALKING
12950,0.716,-0.459,-0.395,0.938,-38.2,-16.8,86.2,95.77,WALKING
13000,0.654,-0.428,-0.312,0.842,-6.4,-21.4,56.4,60.66,WALKING
13050,0.638,-0.423,-0.342,0.838,-5.9,-14.4,25.0,29.45,WALKING
13100,0.644,-0.488,-0.360,0.885,9.1,-10.8,-1.7,14.22,WALKING
13150,0.681,-0.497,-0.395,0.931,5.6,-3.6,-26.8,27.61,WALKING
13200,0.699,-0.507,-0.391,0.948,12.6,-8.7,-53.2,55.36,WALKING
13250,0.899,-0.529,-0.412,1.122,27.5,0.9,-110.0,113.39,WALKING
13300,0.697,-0.566,-0.366,0.970,46.7,0.1,-111.8,121.16,WALKING
13350,0.623,-0.610,-0.419,0.967,57.9,-6.3,-82.8,101.23,WALKING
13400,0.822,-0.452,-0.340,0.998,39.5,-31.0,-86.9,100.36,WALKING
13450,1.013,-0.489,-0.234,1.149,106.7,-64.5,-100.3,160.02,WALKING
13500,0.836,-0.680,-0.216,1.099,117.1,-58.5,-73.8,150.27,WALKING
13550,0.785,-0.595,-0.261,1.019,44.1,-24.7,-49.1,70.47,WALKING
13600,0.753,-0.448,-0.259,0.914,54.2,-19.8,-45.0,73.18,WALKING
13650,0.746,-0.427,-0.295,0.909,61.4,-13.8,-55.4,83.84,WALKING
13700,0.730,-0.481,-0.305,0.926,52.7,-21.4,-56.6,80.24,WALKING
13750,0.703,-0.508,-0.321,0.925,47.1,-6.5,-50.7,69.51,WALKING
13800,0.764,-0.530,-0.381,1.005,26.3,0.7,-43.3,50.67,WALKING
13850,0.841,-0.523,-0.405,1.070,27.3,-3.9,-46.0,53.63,WALKING
13900,0.816,-0.600,-0.392,1.086,41.5,-6.8,-29.8,51.54,WALKING
13950,0.873,-0.662,-0.435,1.179,27.0,0.5,-3.7,27.26,WALKING
14000,0.809,-0.697,-0.403,1.141,28.8,-5.7,-2.3,29.45,WALKING
14050,0.740,-0.709,-0.385,1.095,5.7,-9.3,36.1,37.71,WALKING
14100,0.754,-0.576,-0.391,1.026,-20.8,-6.3,68.1,71.48,WALKING
14150,0.838,-0.627,-0.333,1.098,-28.9,-19.4,87.8,94.45,WALKING
14200,0.943,-0.569,-0.297,1.141,-0.1,-18.5,86.5,88.46,WALKING
14250,0.910,-0.576,-0.247,1.105,-99.0,-28.8,70.9,125.13,WALKING
14300,0.879,-0.643,-0.276,1.124,-32.6,-12.8,80.3,87.61,WALKING
14350,0.824,-0.610,-0.278,1.062,-22.1,0.0,101.9,104.27,WALKING
14400,0.789,-0.513,-0.314,0.992,-35.9,-2.3,100.7,106.93,WALKING
14450,0.694,-0.573,-0.363,0.970,-43.7,-8.5,98.4,108.00,WALKING
14500,0.634,-0.535,-0.337,0.895,-39.9,-13.2,85.9,95.63,WALKING
14550,0.571,-0.427,-0.377,0.807,-25.6,-2.9,51.3,57.41,WALKING
14600,0.561,-0.429,-0.397,0.810,-1.7,-2.3,13.9,14.19,WALKING
14650,0.575,-0.445,-0.386,0.823,-3.5,16.3,-31.0,35.20,WALKING
14700,0.676,-0.509,-0.447,0.957,22.0,2.5,-67.6,71.13,WALKING
14750,0.796,-0.490,-0.448,1.037,17.4,19.8,-109.9,113.02,WALKING
14800,0.620,-0.542,-0.346,0.893,46.8,15.3,-115.7,125.74,WALKING
14850,0.586,-0.579,-0.326,0.886,38.7,13.5,-97.0,105.30,WALKING
14900,0.873,-0.470,-0.369,1.058,18.7,3.5,-106.0,107.69,WALKING
14950,1.090,-0.442,-0.301,1.214,99.2,-38.2,-116.4,157.64,WALKING
15000,0.917,-0.642,-0.261,1.149,128.3,-42.6,-79.1,156.63,WALKING
15050,0.836,-0.595,-0.275,1.062,70.9,-24.2,-43.4,86.58,WALKING
15100,0.789,-0.458,-0.252,0.946,35.6,-7.4,-42.7,56.08,WALKING
15150,0.774,-0.457,-0.355,0.966,35.2,-3.3,-47.6,59.29,WALKING
15200,0.765,-0.462,-0.390,0.975,-4.4,-4.0,-43.3,43.71,WALKING
15250,0.776,-0.468,-0.436,1.006,19.8,-6.5,-38.0,43.34,WALKING
15300,0.803,-0.527,-0.448,1.060,14.3,-1.8,-32.9,35.92,WALKING
15350,0.815,-0.569,-0.454,1.093,9.1,-2.1,-23.5,25.29,WALKING
15400,0.804,-0.601,-0.473,1.110,-3.0,-0.5,-6.0,6.73,WALKING
15450,0.857,-0.651,-0.456,1.169,-4.8,-5.3,13.2,15.01,WALKING
15500,0.874,-0.623,-0.390,1.142,-13.7,-7.9,30.2,34.09,WALKING
15550,0.794,-0.611,-0.338,1.057,-29.4,-14.8,54.1,63.33,WALKING
15600,0.719,-0.531,-0.254,0.929,-40.4,-10.8,81.8,91.87,WALKING
15650,0.755,-0.570,-0.224,0.972,-48.0,-4.4,91.6,103.51,WALKING
15700,0.849,-0.557,-0.165,1.029,-62.8,3.5,79.3,101.22,WALKING
15750,0.904,-0.632,-0.164,1.115,-77.4,7.6,66.7,102.46,WALKING
15800,0.873,-0.698,-0.193,1.134,-84.3,13.1,76.9,114.86,WALKING
15850,0.852,-0.653,-0.239,1.100,-81.2,19.3,106.9,135.62,WALKING
15900,0.845,-0.560,-0.284,1.053,-54.1,14.7,110.8,124.18,WALKING
15950,0.774,-0.538,-0.293,0.987,-40.6,7.5,104.7,112.55,WALKING
16000,0.675,-0.495,-0.229,0.868,-29.5,6.3,83.7,88.97,WALKING
16050,0.626,-0.493,-0.279,0.844,-21.7,24.2,58.5,66.92,WALKING
16100,0.676,-0.438,-0.366,0.885,-17.2,2.4,29.3,34.06,WALKING
16150,0.707,-0.341,-0.438,0.899,-3.0,12.1,-1.3,12.53,WALKING
16200,0.787,-0.386,-0.456,0.988,8.5,19.5,-49.8,54.15,WALKING
16250,0.896,-0.423,-0.499,1.109,31.2,15.7,-94.8,101.03,WALKING
16300,0.696,-0.539,-0.485,1.005,69.4,-0.6,-96.6,118.95,WALKING
16350,0.605,-0.584,-0.480,0.968,40.8,-6.6,-82.3,92.10,WALKING
16400,0.711,-0.539,-0.425,0.988,18.6,4.1,-85.0,87.11,WALKING
16450,0.996,-0.478,-0.329,1.153,53.7,-5.2,-116.6,128.48,WALKING
16500,0.887,-0.642,-0.288,1.132,55.2,-18.8,-101.0,116.63,WALKING
16550,0.754,-0.693,-0.295,1.066,4.9,-4.2,-68.6,68.90,WALKING
16600,0.742,-0.611,-0.337,1.019,-50.0,17.4,-48.1,71.53,WALKING
16650,0.770,-0.543,-0.390,1.020,-40.6,11.4,-35.9,55.38,WALKING
16700,0.768,-0.543,-0.380,1.014,-17.5,-0.2,-14.3,22.60,WALKING
16750,0.731,-0.545,-0.369,0.984,-20.0,-6.7,9.6,23.17,WALKING
16800,0.731,-0.521,-0.379,0.974,-44.5,4.9,25.0,51.28,WALKING
16850,0.772,-0.489,-0.362,0.983,-62.7,6.8,34.0,71.65,WALKING
16900,0.743,-0.511,-0.339,0.963,-27.0,15.2,40.8,51.23,WALKING
16950,0.908,-0.584,-0.380,1.145,4.2,18.6,50.2,53.70,WALKING
17000,0.900,-0.576,-0.326,1.117,-17.4,23.3,60.0,66.68,WALKING
17050,0.780,-0.555,-0.290,1.000,-52.2,22.6,84.5,101.86,WALKING
17100,0.795,-0.530,-0.261,0.990,-44.7,18.3,99.7,110.78,WALKING
17150,0.902,-0.604,-0.262,1.117,-45.9,31.7,100.1,114.59,WALKING
17200,0.971,-0.717,-0.263,1.235,-94.7,18.0,94.0,134.64,WALKING
17250,0.920,-0.658,-0.276,1.164,-100.0,10.2,98.2,140.53,WALKING
17300,0.808,-0.638,-0.282,1.067,-60.2,2.1,113.1,128.14,WALKING
17350,0.777,-0.563,-0.262,0.995,-49.8,7.9,112.4,123.19,WALKING
17400,0.699,-0.545,-0.274,0.928,-43.8,11.3,99.4,109.21,WALKING
17450,0.654,-0.486,-0.321,0.876,-31.2,-4.4,72.6,79.14,WALKING
17500,0.583,-0.445,-0.267,0.781,-15.7,-3.9,35.4,38.92,WALKING
17550,0.604,-0.466,-0.269,0.809,2.5,10.9,-5.8,12.60,WALKING
17600,0.673,-0.467,-0.365,0.897,6.5,18.7,-39.9,44.54,WALKING
17650,0.750,-0.491,-0.464,1.009,6.3,10.5,-62.5,63.69,WALKING
17700,0.851,-0.455,-0.439,1.060,27.0,19.6,-108.0,113.04,WALKING
17750,0.665,-0.537,-0.373,0.933,77.1,18.9,-117.8,142.05,WALKING
17800,0.669,-0.636,-0.456,1.030,40.3,24.4,-91.0,102.47,WALKING
17850,0.805,-0.565,-0.412,1.066,5.9,4.4,-70.7,71.08,WALKING
17900,0.976,-0.528,-0.408,1.182,51.0,-21.8,-71.4,90.41,WALKING
17950,0.809,-0.612,-0.342,1.071,61.7,-35.7,-57.0,91.27,WALKING
18000,0.691,-0.522,-0.292,0.914,50.7,-24.2,-45.0,71.98,WALKING
18050,0.719,-0.488,-0.283,0.914,56.2,-10.7,-49.1,75.39,WALKING
18100,0.760,-0.503,-0.329,0.969,52.7,-8.4,-48.5,72.11,WALKING
18150,0.752,-0.528,-0.356,0.985,26.6,-3.2,-37.7,46.25,WALKING
18200,0.627,-0.515,-0.382,0.897,10.9,1.6,-26.5,28.70,WALKING
18250,0.785,-0.496,-0.418,1.018,2.9,6.9,-17.7,19.22,WALKING
18300,0.841,-0.498,-0.422,1.065,8.3,-2.0,-13.0,15.55,WALKING
18350,0.806,-0.542,-0.407,1.053,19.4,-2.1,-6.3,20.51,WALKING
18400,0.863,-0.614,-0.421,1.140,9.6,3.5,9.7,14.09,WALKING
18450,0.818,-0.589,-0.396,1.083,2.6,-0.7,18.1,18.30,WALKING
18500,0.753,-0.610,-0.374,1.039,-12.6,-11.9,35.2,39.24,WALKING
18550,0.707,-0.544,-0.325,0.949,12.8,-13.5,50.3,53.63,WALKING
18600,0.792,-0.609,-0.349,1.058,22.2,-23.6,71.3,78.32,WALKING
18650,0.913,-0.571,-0.342,1.130,-31.2,-25.9,73.1,83.59,WALKING
18700,0.952,-0.578,-0.329,1.161,-10.8,-23.3,59.5,64.81,WALKING
18750,0.903,-0.623,-0.289,1.134,-5.0,-26.2,56.9,62.84,WALKING
18800,0.821,-0.472,-0.427,1.039,4.0,-28.6,82.7,87.60,WALKING
18850,0.695,-0.474,-0.318,0.899,-1.9,-10.5,88.6,89.24,WALKING
18900,0.665,-0.550,-0.448,0.972,2.8,-6.0,88.1,88.35,WALKING
18950,0.651,-0.490,-0.348,0.886,-25.6,-4.4,56.7,62.37,WALKING
19000,0.574,-0.443,-0.477,0.868,7.0,-17.7,23.6,30.32,WALKING
19050,0.572,-0.483,-0.406,0.852,15.7,-20.5,-15.7,30.22,WALKING
19100,0.627,-0.484,-0.415,0.894,16.7,-15.4,-47.7,52.83,WALKING
19150,0.644,-0.459,-0.428,0.899,-23.3,-15.0,-67.9,73.34,WALKING
19200,0.956,-0.482,-0.446,1.160,19.1,-19.3,-123.0,125.96,WALKING
19250,0.770,-0.542,-0.347,1.004,84.0,-24.0,-144.7,169.03,WALKING
19300,0.648,-0.708,-0.412,1.044,74.4,-19.3,-99.8,125.97,WALKING
19350,0.914,-0.561,-0.331,1.122,-13.3,-30.1,-80.4,86.87,WALKING
19400,0.970,-0.405,-0.264,1.084,75.6,-53.2,-98.8,135.30,WALKING
19450,0.784,-0.646,-0.256,1.048,102.2,-43.1,-79.8,136.64,WALKING
19500,0.743,-0.562,-0.273,0.971,47.1,-20.3,-64.8,82.64,WALKING
19550,0.698,-0.461,-0.273,0.880,70.0,-11.8,-66.0,96.93,WALKING
19600,0.721,-0.497,-0.334,0.937,76.4,-13.3,-60.6,98.42,WALKING
19650,0.706,-0.503,-0.364,0.940,59.2,-4.5,-56.0,81.61,WALKING
19700,0.673,-0.524,-0.406,0.945,44.5,8.8,-45.8,64.46,WALKING
19750,0.698,-0.533,-0.459,0.991,22.1,21.5,-32.4,44.73,WALKING
19800,0.738,-0.540,-0.471,1.029,16.8,2.3,-23.0,28.57,WALKING
19850,0.799,-0.561,-0.477,1.087,26.8,12.2,-20.6,35.94,WALKING
19900,0.790,-0.594,-0.444,1.084,25.8,14.4,-7.5,30.48,WALKING
19950,0.878,-0.618,-0.468,1.171,8.4,15.6,-3.7,18.10,WALKING
20000,0.903,-0.641,-0.455,1.197,2.2,0.7,19.9,20.03,WALKING
20050,0.798,-0.724,-0.399,1.149,-43.4,-12.9,65.8,79.87,WALKING
20100,0.885,-0.562,-0.390,1.119,-52.5,-30.3,99.5,116.51,WALKING
20150,0.982,-0.566,-0.332,1.181,-14.7,-44.3,107.9,117.56,WALKING
20200,1.026,-0.511,-0.268,1.177,-3.0,-56.4,98.5,113.54,WALKING
20250,0.871,-0.508,-0.218,1.032,9.3,-49.0,85.8,99.24,WALKING
20300,0.777,-0.564,-0.305,1.007,-45.6,-37.5,79.6,99.10,WALKING
20350,0.740,-0.504,-0.307,0.947,-26.9,-11.2,73.0,78.60,WALKING
20400,0.685,-0.417,-0.345,0.873,-32.5,-11.8,58.4,67.87,WALKING
20450,0.649,-0.421,-0.359,0.853,-17.3,-13.0,38.3,43.99,WALKING
20500,0.601,-0.436,-0.304,0.802,-5.1,-13.3,8.4,16.54,WALKING
20550,0.626,-0.449,-0.356,0.849,15.4,-4.6,-30.4,34.39,WALKING
20600,0.676,-0.535,-0.385,0.944,29.9,-1.3,-60.6,67.59,WALKING
20650,0.700,-0.591,-0.473,1.031,18.3,-3.5,-73.7,76.02,WALKING
20700,0.910,-0.645,-0.472,1.211,48.4,-6.7,-102.6,113.64,WALKING
20750,0.712,-0.668,-0.428,1.066,71.4,-5.5,-110.1,131.34,WALKING
20800,0.534,-0.677,-0.432,0.964,62.1,-4.4,-68.1,92.27,WALKING
20850,0.741,-0.497,-0.377,0.969,12.9,-9.5,-70.0,71.81,WALKING
20900,0.930,-0.431,-0.311,1.071,70.1,-39.5,-102.4,130.23,WALKING
20950,0.757,-0.662,-0.247,1.036,75.5,-45.9,-84.2,122.05,WALKING
21000,0.705,-0.591,-0.301,0.968,3.0,-8.1,-53.9,54.59,WALKING
21050,0.732,-0.458,-0.345,0.930,25.6,1.7,-46.9,53.46,WALKING
21100,0.711,-0.481,-0.402,0.948,29.8,-0.9,-41.0,50.69,WALKING
21150,0.691,-0.472,-0.379,0.919,28.9,-4.9,-30.6,42.37,WALKING
21200,0.714,-0.506,-0.426,0.973,27.8,2.3,-18.6,33.53,WALKING
21250,0.764,-0.498,-0.467,1.025,26.0,-0.3,-10.2,27.93,WALKING
21300,0.791,-0.536,-0.488,1.073,23.0,-10.1,0.7,25.13,WALKING
21350,0.949,-0.595,-0.463,1.212,38.3,-12.3,5.1,40.55,WALKING
21400,0.932,-0.653,-0.400,1.206,51.3,-13.7,13.1,54.69,WALKING
21450,0.793,-0.666,-0.319,1.084,-17.1,-3.3,49.0,52.00,WALKING
21500,0.697,-0.554,-0.206,0.914,-64.1,7.3,81.4,103.87,WALKING
21550,0.835,-0.459,-0.245,0.984,-89.1,16.9,87.1,125.74,WALKING
21600,0.912,-0.395,-0.233,1.021,-62.6,8.1,63.1,89.25,WALKING
21650,0.882,-0.459,-0.286,1.035,-27.7,4.5,37.1,46.52,WALKING
21700,0.864,-0.592,-0.380,1.114,-28.5,3.2,35.9,45.95,WALKING
21750,0.807,-0.544,-0.290,1.016,-30.7,2.1,61.0,68.32,WALKING
21800,0.761,-0.467,-0.366,0.965,-27.5,-0.2,70.2,75.39,WALKING
21850,0.743,-0.380,-0.346,0.903,-18.9,-6.8,51.4,55.19,WALKING
21900,0.724,-0.385,-0.379,0.903,21.3,-12.7,19.6,31.61,WALKING
21950,0.731,-0.407,-0.396,0.926,12.2,-9.3,-6.5,16.66,WALKING
22000,0.766,-0.451,-0.426,0.986,14.1,-9.3,-28.0,32.70,WALKING
22050,0.730,-0.483,-0.437,0.978,24.9,-12.1,-39.0,47.83,WALKING
22100,0.925,-0.536,-0.427,1.151,30.1,-10.7,-71.0,77.86,WALKING
22150,0.890,-0.510,-0.350,1.084,63.0,-12.6,-99.8,118.69,WALKING
22200,0.691,-0.622,-0.330,0.987,70.4,-5.1,-70.7,99.90,WALKING
22250,0.731,-0.451,-0.317,0.916,6.3,-0.7,-50.2,50.60,WALKING
22300,0.827,-0.316,-0.240,0.917,38.2,-38.2,-70.0,88.42,WALKING
22350,0.896,-0.485,-0.237,1.046,83.4,-63.0,-77.1,129.88,WALKING
22400,0.918,-0.516,-0.201,1.072,97.5,-56.6,-60.4,127.90,WALKING
22450,0.857,-0.482,-0.227,1.009,89.1,-42.9,-48.3,110.06,WALKING
22500,0.777,-0.490,-0.210,0.942,55.7,-22.1,-42.7,73.58,WALKING
22550,0.788,-0.416,-0.267,0.930,54.2,-4.1,-38.6,66.67,WALKING
22600,0.789,-0.444,-0.334,0.965,45.6,-2.3,-37.8,59.27,WALKING
22650,0.765,-0.416,-0.381,0.950,34.7,-1.2,-38.3,51.70,WALKING
22700,0.773,-0.478,-0.389,0.989,35.0,8.5,-34.7,50.01,WALKING
22750,0.793,-0.498,-0.466,1.046,13.7,8.4,-31.7,35.54,WALKING
22800,0.806,-0.471,-0.515,1.066,22.9,1.6,-27.0,35.44,WALKING
22850,0.868,-0.600,-0.490,1.163,63.2,-10.9,-17.2,66.40,WALKING
22900,0.881,-0.590,-0.429,1.144,47.6,-21.7,0.1,52.31,WALKING
22950,0.833,-0.603,-0.346,1.085,36.3,-24.3,27.0,51.35,WALKING
23000,0.783,-0.565,-0.277,1.005,-6.9,0.0,51.5,51.96,WALKING
23050,0.720,-0.552,-0.213,0.932,-11.2,-6.8,63.4,64.74,WALKING
23100,0.805,-0.563,-0.174,0.998,-36.6,5.8,65.8,75.52,WALKING
23150,0.947,-0.532,-0.181,1.101,-54.1,4.8,62.1,82.50,WALKING
23200,0.956,-0.524,-0.187,1.106,-44.0,0.2,61.5,75.62,WALKING
23250,0.884,-0.549,-0.241,1.068,-48.9,11.4,62.3,80.02,WALKING
23300,0.830,-0.556,-0.294,1.041,-61.7,16.9,73.0,97.06,WALKING
23350,0.772,-0.458,-0.336,0.958,-75.0,17.3,80.2,111.16,WALKING
23400,0.737,-0.388,-0.361,0.908,-57.9,9.1,71.7,92.61,WALKING
23450,0.742,-0.324,-0.340,0.878,-33.5,5.0,40.9,53.10,WALKING
23500,0.759,-0.316,-0.350,0.894,3.2,-7.6,2.1,8.51,WALKING
23550,0.823,-0.344,-0.383,0.971,20.4,-7.7,-32.5,39.14,WALKING
23600,0.836,-0.398,-0.374,0.999,26.2,-6.1,-58.1,64.03,WALKING
23650,1.035,-0.415,-0.424,1.193,47.6,-11.2,-97.4,108.99,WALKING
23700,0.885,-0.466,-0.359,1.063,81.9,-21.0,-118.0,145.16,WALKING
23750,0.742,-0.578,-0.353,1.005,113.4,-11.4,-95.4,148.63,WALKING
23800,0.805,-0.528,-0.325,1.016,40.0,-22.8,-78.8,91.26,WALKING
23850,0.917,-0.437,-0.220,1.039,70.4,-64.6,-74.5,121.16,WALKING
23900,0.988,-0.541,-0.192,1.143,104.8,-74.9,-62.8,143.31,WALKING
23950,0.841,-0.514,-0.170,1.000,89.1,-61.3,-35.9,113.95,WALKING
24000,0.727,-0.451,-0.186,0.876,65.8,-33.3,-29.6,79.47,WALKING
24050,0.683,-0.424,-0.238,0.838,58.9,-7.6,-31.9,67.41,WALKING
24100,0.714,-0.396,-0.344,0.886,53.5,-1.6,-38.2,65.76,WALKING
24150,0.768,-0.436,-0.381,0.962,38.9,-11.6,-44.0,59.86,WALKING
24200,0.755,-0.480,-0.408,0.983,44.1,-2.9,-35.7,56.81,WALKING
24250,0.771,-0.528,-0.477,1.049,22.4,10.0,-21.1,32.36,WALKING
24300,0.791,-0.492,-0.514,1.064,9.0,8.8,-9.5,15.77,WALKING
24350,0.748,-0.490,-0.448,1.000,21.0,-0.7,-1.8,21.09,WALKING
24400,0.915,-0.628,-0.470,1.205,23.1,0.6,3.7,23.40,WALKING
24450,0.937,-0.595,-0.385,1.175,0.6,-11.5,9.8,15.12,WALKING
24500,0.822,-0.622,-0.330,1.082,-1.8,-11.6,45.9,47.38,WALKING
24550,0.743,-0.533,-0.228,0.942,-3.0,-0.4,70.9,70.96,WALKING
24600,0.739,-0.521,-0.249,0.938,-21.2,-4.6,88.8,91.41,WALKING
24650,0.839,-0.559,-0.202,1.028,-39.6,-5.7,84.2,93.22,WALKING
24700,0.955,-0.638,-0.225,1.170,-45.2,-6.3,61.3,76.42,WALKING
24750,0.935,-0.657,-0.281,1.177,-19.9,-11.6,65.1,69.05,WALKING
24800,0.805,-0.680,-0.305,1.097,-29.5,-5.0,81.6,86.91,WALKING
24850,0.709,-0.617,-0.341,1.000,-29.6,3.9,104.0,108.20,WALKING
24900,0.646,-0.470,-0.422,0.903,-41.7,3.7,99.2,107.67,WALKING
24950,0.593,-0.442,-0.406,0.844,-31.4,-1.3,72.5,79.02,WALKING
25000,0.571,-0.482,-0.429,0.862,2.4,-19.1,33.6,38.72,WALKING
25050,0.559,-0.495,-0.453,0.873,13.7,-15.3,-2.1,20.64,WALKING
25100,0.507,-0.519,-0.427,0.842,21.8,-11.4,-30.3,39.03,WALKING
25150,0.524,-0.588,-0.434,0.899,-4.8,12.4,-53.6,55.22,WALKING
25200,0.600,-0.655,-0.292,0.935,-26.6,36.6,-64.6,78.87,WALKING
25250,0.834,-0.619,-0.511,1.158,31.9,3.2,-91.0,96.48,WALKING
25300,0.698,-0.578,-0.223,0.933,55.6,7.8,-104.7,118.80,WALKING
25350,0.666,-0.607,-0.322,0.957,77.4,1.8,-103.9,129.57,WALKING
25400,0.718,-0.560,-0.254,0.945,34.7,-7.4,-93.3,99.82,WALKING
25450,0.874,-0.481,-0.188,1.015,38.2,-33.1,-91.4,104.45,WALKING
25500,0.988,-0.530,-0.140,1.130,84.7,-57.0,-80.7,130.14,WALKING
25550,0.929,-0.558,-0.101,1.088,100.7,-51.5,-58.8,127.48,WALKING
25600,0.838,-0.524,-0.148,0.999,66.0,-32.3,-42.4,84.84,WALKING
25650,0.774,-0.467,-0.207,0.927,51.8,-18.1,-41.3,68.68,WALKING
25700,0.778,-0.441,-0.294,0.941,44.8,-14.6,-45.9,65.78,WALKING
25750,0.801,-0.427,-0.436,1.007,33.5,-10.0,-47.8,59.22,WALKING
25800,0.776,-0.476,-0.353,0.976,52.0,-6.6,-42.1,67.23,WALKING
25850,0.792,-0.541,-0.408,1.042,42.9,-4.4,-27.8,51.31,WALKING
25900,0.863,-0.552,-0.460,1.123,33.3,-6.7,-11.8,35.96,WALKING
25950,0.922,-0.601,-0.489,1.204,24.7,-19.8,3.6,31.86,WALKING
26000,0.973,-0.550,-0.472,1.213,5.3,-31.3,12.7,34.19,WALKING
26050,0.831,-0.566,-0.360,1.068,52.1,-37.1,33.3,72.11,WALKING
26100,0.730,-0.548,-0.308,0.963,30.1,-27.3,52.3,66.23,WALKING
26150,0.684,-0.517,-0.308,0.911,4.9,-13.5,67.2,68.72,WALKING
26200,0.833,-0.522,-0.368,1.050,-81.6,-22.5,78.1,115.17,WALKING
26250,0.987,-0.443,-0.279,1.117,-8.1,-22.2,68.2,72.18,WALKING
26300,0.919,-0.439,-0.196,1.037,-15.0,-33.0,45.2,57.94,WALKING
26350,0.809,-0.480,-0.277,0.981,2.4,-22.7,38.0,44.33,WALKING
26400,0.779,-0.460,-0.271,0.944,-10.9,-8.0,35.6,38.08,WALKING
26450,0.736,-0.411,-0.319,0.901,-9.3,-3.0,24.3,26.19,WALKING
26500,0.710,-0.353,-0.298,0.847,-13.5,-13.3,0.0,18.95,WALKING
26550,0.731,-0.346,-0.312,0.867,26.6,-21.2,-35.7,49.31,WALKING
26600,0.781,-0.413,-0.343,0.948,45.7,-22.6,-62.5,80.66,WALKING
26650,0.873,-0.458,-0.312,1.034,53.5,-22.8,-85.0,102.99,WALKING
26700,0.861,-0.499,-0.289,1.036,60.4,-20.7,-96.2,115.46,WALKING
26750,1.011,-0.594,-0.305,1.212,67.4,-17.1,-103.6,124.77,WALKING
26800,1.133,-0.585,-0.290,1.308,75.6,-21.3,-116.9,140.84,WALKING
26850,0.760,-0.660,-0.259,1.039,81.9,-21.8,-70.8,110.43,WALKING
26900,0.705,-0.554,-0.292,0.943,27.3,-10.7,-31.5,43.04,WALKING
26950,0.829,-0.366,-0.223,0.933,31.2,-43.7,-33.4,63.24,WALKING
27000,0.901,-0.440,-0.225,1.028,115.2,-71.8,-43.3,142.48,WALKING
27050,0.761,-0.503,-0.248,0.945,123.8,-63.0,-24.2,141.00,WALKING
27100,0.674,-0.445,-0.292,0.859,93.5,-36.8,-18.8,102.22,WALKING
27150,0.680,-0.413,-0.336,0.864,80.0,-12.1,-27.7,85.52,WALKING
27200,0.755,-0.448,-0.439,0.982,59.1,-7.4,-33.6,68.39,WALKING
27250,0.762,-0.484,-0.452,1.010,32.0,-7.0,-28.0,43.09,WALKING
27300,0.702,-0.498,-0.461,0.976,20.0,2.8,-14.7,24.98,WALKING
27350,0.703,-0.508,-0.495,0.999,6.3,9.3,0.8,11.26,WALKING
27400,0.768,-0.463,-0.471,1.013,1.3,-8.2,0.4,8.31,WALKING
27450,0.936,-0.569,-0.464,1.190,23.0,-16.7,-12.1,30.89,WALKING
27500,0.930,-0.588,-0.345,1.153,35.4,-23.3,-10.8,43.73,WALKING
27550,0.775,-0.647,-0.318,1.058,39.3,-10.0,23.8,47.02,WALKING
27600,0.650,-0.632,-0.291,0.952,-22.1,5.7,64.6,68.51,WALKING
27650,0.825,-0.535,-0.333,1.038,-67.8,12.1,78.4,104.35,WALKING
27700,0.996,-0.438,-0.285,1.125,-73.0,-16.3,50.6,90.31,WALKING
27750,0.923,-0.478,-0.255,1.070,-14.2,-36.0,32.4,50.47,WALKING
27800,0.803,-0.557,-0.235,1.005,8.9,-22.5,46.6,52.51,WALKING
27850,0.718,-0.656,-0.269,1.009,7.7,2.0,65.3,65.78,WALKING
27900,0.731,-0.423,-0.250,0.881,-44.8,17.0,57.4,74.77,WALKING
27950,0.772,-0.364,-0.354,0.924,-44.5,12.1,37.4,59.38,WALKING
28000,0.754,-0.322,-0.338,0.887,1.7,-5.9,8.4,10.40,WALKING
28050,0.783,-0.434,-0.329,0.954,18.9,-3.6,-20.3,27.97,WALKING
28100,0.824,-0.457,-0.302,0.989,23.3,-0.8,-44.2,49.97,WALKING
28150,0.807,-0.478,-0.352,1.002,23.8,4.6,-58.0,62.86,WALKING
28200,0.966,-0.464,-0.419,1.151,37.6,4.9,-91.4,98.95,WALKING
28250,0.854,-0.530,-0.340,1.061,62.4,4.9,-100.0,117.97,WALKING
28300,0.719,-0.623,-0.356,1.016,60.7,1.8,-62.3,87.00,WALKING
28350,0.771,-0.514,-0.307,0.976,15.7,-14.1,-33.7,39.76,WALKING
28400,0.983,-0.431,-0.294,1.113,50.6,-53.0,-33.4,80.53,WALKING
28450,0.906,-0.512,-0.248,1.070,98.7,-75.6,-23.1,126.45,WALKING
28500,0.766,-0.524,-0.275,0.968,85.0,-60.2,-5.2,104.29,WALKING
28550,0.714,-0.456,-0.300,0.899,68.2,-37.8,-2.7,78.02,WALKING
28600,0.710,-0.392,-0.323,0.873,56.7,-26.3,-12.3,63.70,WALKING
28650,0.709,-0.408,-0.351,0.890,23.1,-18.0,-27.6,40.24,WALKING
28700,0.699,-0.450,-0.381,0.914,7.6,-0.8,-34.4,35.24,WALKING
28750,0.687,-0.473,-0.400,0.925,-0.3,11.0,-35.6,37.26,WALKING
28800,0.710,-0.512,-0.441,0.980,-5.6,15.0,-34.1,37.67,WALKING
28850,0.715,-0.522,-0.454,0.995,-8.7,10.5,-25.3,28.74,WALKING
28900,0.909,-0.574,-0.464,1.171,10.2,5.1,-21.0,23.90,WALKING
28950,1.058,-0.584,-0.428,1.282,20.5,-7.1,-30.1,37.10,WALKING
29000,0.787,-0.641,-0.320,1.064,36.6,-19.8,8.9,42.55,WALKING
29050,0.683,-0.643,-0.282,0.980,-6.9,-10.9,65.3,66.56,WALKING
29100,0.834,-0.520,-0.274,1.020,-42.0,-2.8,71.4,82.88,WALKING
29150,0.965,-0.452,-0.252,1.095,-24.9,-17.9,45.1,54.54,WALKING
29200,0.928,-0.474,-0.245,1.070,-0.6,-28.5,53.2,60.36,WALKING
29250,0.778,-0.534,-0.215,0.968,4.2,-9.3,51.8,52.80,WALKING
29300,0.726,-0.509,-0.271,0.927,-35.9,15.6,62.5,73.75,WALKING
29350,0.710,-0.588,-0.325,0.977,-52.9,22.4,57.1,81.00,WALKING
29400,0.713,-0.484,-0.252,0.898,-62.9,8.7,40.3,75.21,WALKING
29450,0.734,-0.530,-0.273,0.946,-35.8,11.1,30.8,48.51,WALKING
29500,0.819,-0.505,-0.325,1.016,-22.5,9.0,19.8,31.29,WALKING
29550,0.859,-0.452,-0.378,1.042,-6.4,2.6,7.3,10.05,WALKING
29600,1.023,-0.474,-0.391,1.193,1.9,3.7,-21.6,22.00,WALKING
29650,0.927,-0.427,-0.381,1.089,17.4,11.9,-51.3,55.46,WALKING
29700,0.636,-0.496,-0.392,0.897,24.2,16.5,-29.1,41.29,WALKING
29750,0.637,-0.349,-0.380,0.820,2.5,14.4,-20.7,25.34,WALKING
29800,0.754,-0.315,-0.314,0.875,20.4,-21.3,-46.9,55.40,WALKING
29850,0.869,-0.452,-0.301,1.025,71.1,-36.8,-64.8,103.00,WALKING
29900,0.795,-0.508,-0.295,0.988,72.7,-29.6,-55.6,96.19,WALKING
29950,0.757,-0.529,-0.295,0.969,37.1,-7.9,-41.6,56.30,WALKING
Recording stopped

Samples dumped: 600
