
Recording started
time,accelX,accelY,accelZ,accelMagnitude,gyroX,gyroY,gyroZ,gyroMagnitude,activity
0,0.786,-0.527,-0.276,0.986,-0.4,-0.2,-0.6,0.75,WALKING
50,0.788,-0.525,-0.277,0.987,-0.2,1.2,13.5,13.55,WALKING
100,0.789,-0.534,-0.281,0.993,3.5,-1.9,-0.7,4.04,WALKING
150,0.789,-0.531,-0.279,0.991,2.5,-3.5,-0.6,4.34,WALKING
200,0.785,-0.532,-0.280,0.989,1.5,-2.1,-0.7,2.67,WALKING
250,0.783,-0.532,-0.280,0.987,0.8,1.6,-3.9,4.29,WALKING
300,0.792,-0.541,-0.280,0.999,-0.9,0.3,-1.3,1.61,WALKING
350,0.794,-0.537,-0.280,0.999,-1.4,2.1,0.0,2.52,WALKING
400,0.786,-0.532,-0.280,0.990,1.0,14.9,-1.4,15.00,WALKING
450,0.789,-0.527,-0.278,0.989,2.5,-3.9,3.9,6.06,WALKING
500,0.791,-0.528,-0.276,0.990,-2.1,-16.1,0.5,16.24,WALKING
550,0.790,-0.528,-0.275,0.989,1.1,-3.9,-1.1,4.20,WALKING
600,0.784,-0.510,-0.287,0.978,5.1,-3.2,-0.2,6.02,WALKING
650,0.757,-0.465,-0.351,0.955,26.2,-18.3,-1.9,32.01,WALKING
700,0.692,-0.584,-0.423,0.999,42.7,-21.4,-5.3,48.06,WALKING
750,0.709,-0.734,-0.458,1.119,24.6,-17.0,9.3,31.32,WALKING
800,0.698,-0.735,-0.448,1.108,16.9,-24.2,20.5,35.94,WALKING
850,0.637,-0.755,-0.361,1.052,24.0,-29.7,30.1,48.62,WALKING
900,0.653,-0.767,-0.330,1.060,8.7,-26.7,35.6,45.34,WALKING
950,0.619,-0.669,-0.309,0.962,-2.8,-21.0,35.7,41.51,WALKING
1000,0.549,-0.618,-0.290,0.876,-9.7,-12.6,38.4,41.56,WALKING
1050,0.557,-0.527,-0.262,0.810,-13.5,-7.4,22.8,27.51,WALKING
1100,0.623,-0.500,-0.282,0.847,-5.8,-1.4,-3.8,7.07,WALKING
1150,0.681,-0.515,-0.289,0.901,-8.0,10.2,-29.5,32.22,WALKING
1200,0.768,-0.524,-0.293,0.975,-8.7,14.9,-45.5,48.66,WALKING
1250,0.938,-0.524,-0.323,1.122,-17.5,31.9,-65.1,74.58,WALKING
1300,1.073,-0.481,-0.292,1.212,10.8,18.4,-89.2,91.72,WALKING
1350,1.050,-0.454,-0.339,1.193,43.2,7.0,-102.1,111.08,WALKING
1400,0.921,-0.348,-0.250,1.016,75.6,-21.0,-114.3,138.64,WALKING
1450,0.798,-0.446,-0.205,0.937,99.7,-28.3,-88.4,136.22,WALKING
1500,0.948,-0.627,-0.208,1.155,72.8,-26.6,-71.0,105.11,WALKING
1550,0.758,-0.617,-0.243,1.007,59.9,-11.4,-46.6,76.74,WALKING
1600,0.599,-0.593,-0.340,0.909,11.4,-12.6,-26.1,31.14,WALKING
1650,0.597,-0.517,-0.372,0.873,4.8,-18.4,-4.2,19.47,WALKING
1700,0.653,-0.601,-0.455,0.997,62.0,-14.9,20.7,67.04,WALKING
1750,0.790,-0.614,-0.381,1.071,32.2,-24.8,37.1,55.03,WALKING
1800,0.912,-0.645,-0.345,1.169,6.1,-30.6,34.6,46.59,WALKING
1850,0.773,-0.697,-0.217,1.063,-7.8,-5.6,36.9,38.13,WALKING
1900,1.006,-0.722,-0.338,1.284,-90.0,33.3,32.6,101.35,WALKING
1950,0.782,-0.703,-0.260,1.083,-42.7,26.1,80.0,94.36,WALKING
2000,0.943,-0.579,-0.197,1.124,-81.9,27.5,111.0,140.66,WALKING
2050,1.075,-0.528,-0.267,1.227,-86.8,20.6,108.0,140.08,WALKING
2100,0.935,-0.428,-0.206,1.049,-52.9,3.1,111.3,123.27,WALKING
2150,0.798,-0.467,-0.200,0.946,-91.3,-0.2,117.3,148.64,WALKING
2200,0.780,-0.383,-0.203,0.892,-98.9,6.1,105.3,144.59,WALKING
2250,0.775,-0.289,-0.210,0.853,-35.9,-10.5,75.1,83.90,WALKING
2300,0.820,-0.245,0.081,0.860,43.4,-3.5,18.3,47.23,WALKING
2350,0.925,-0.306,-0.285,1.015,24.7,-16.0,-50.4,58.36,WALKING
2400,1.004,-0.392,-0.371,1.140,71.1,-28.6,-98.0,124.41,WALKING
2450,0.920,-0.336,-0.088,0.983,40.6,-9.7,-148.4,154.16,WALKING
2500,0.750,-0.748,-0.369,1.122,60.5,13.6,-128.2,142.41,WALKING
2550,1.106,-0.339,-0.492,1.257,-14.7,14.4,-133.3,134.88,WALKING
2600,0.801,-0.576,-0.269,1.023,124.0,-26.3,-109.6,167.57,WALKING
2650,0.608,-0.669,-0.328,0.962,92.6,-18.2,-68.3,116.49,WALKING
2700,0.526,-0.665,-0.217,0.875,0.7,-2.9,-41.6,41.71,WALKING
2750,0.609,-0.628,-0.306,0.927,-21.8,5.1,-29.4,36.95,WALKING
2800,0.763,-0.723,-0.333,1.103,5.0,-10.0,-21.2,23.97,WALKING
2850,0.947,-0.754,-0.349,1.260,17.5,-15.4,7.3,24.43,WALKING
2900,1.253,-0.821,-0.314,1.531,38.7,-12.8,20.5,45.63,WALKING
2950,0.777,-0.772,-0.260,1.126,-26.4,13.7,71.4,77.35,WALKING
3000,0.884,-0.742,-0.237,1.178,-49.4,21.0,124.3,135.40,WALKING
3050,0.981,-0.524,-0.221,1.134,-72.1,39.3,107.0,134.88,WALKING
3100,0.897,-0.610,-0.285,1.122,-90.6,27.3,101.8,138.99,WALKING
3150,0.826,-0.360,-0.180,0.919,-40.5,1.1,112.1,119.20,WALKING
3200,0.764,-0.430,-0.193,0.898,-106.4,-21.2,124.3,164.99,WALKING
3250,0.795,-0.334,-0.243,0.896,-123.4,3.6,109.9,165.28,WALKING
3300,0.872,-0.262,-0.251,0.944,-22.8,-26.6,61.2,70.52,WALKING
3350,1.005,-0.350,-0.036,1.065,63.2,-13.5,-7.2,65.03,WALKING
3400,1.098,-0.343,-0.231,1.173,94.3,-20.5,-90.0,131.96,WALKING
3450,0.744,-0.575,-0.428,1.033,99.2,-1.5,-104.7,144.24,WALKING
3500,0.905,-0.442,-0.459,1.107,31.9,-33.3,-87.2,98.64,WALKING
3550,0.864,-0.365,-0.208,0.961,74.8,-51.8,-94.3,131.04,WALKING
3600,0.735,-0.546,-0.218,0.941,122.0,-40.8,-103.8,165.30,WALKING
3650,0.644,-0.617,-0.203,0.915,59.0,-20.0,-97.5,115.70,WALKING
3700,0.647,-0.548,-0.218,0.875,15.6,-7.3,-82.2,83.99,WALKING
3750,0.703,-0.577,-0.344,0.972,16.7,2.8,-69.4,71.44,WALKING
3800,0.829,-0.581,-0.273,1.048,33.3,0.3,-84.2,90.55,WALKING
3850,0.868,-0.702,-0.375,1.178,45.7,-2.8,-95.2,105.64,WALKING
3900,1.170,-0.947,-0.440,1.568,15.7,8.6,-88.6,90.39,WALKING
3950,0.714,-0.839,-0.359,1.159,-40.3,-3.2,-17.0,43.86,WALKING
4000,0.922,-0.827,-0.370,1.293,-37.4,5.6,71.4,80.80,WALKING
4050,0.955,-0.709,-0.301,1.227,-26.9,-16.0,87.7,93.12,WALKING
4100,0.799,-0.662,-0.235,1.064,-13.1,-16.3,125.0,126.74,WALKING
4150,0.771,-0.589,-0.191,0.989,-46.9,-13.5,152.6,160.21,WALKING
4200,0.837,-0.503,-0.185,0.994,-69.8,-8.8,161.8,176.43,WALKING
4250,0.957,-0.412,-0.225,1.066,-72.1,-22.3,153.1,170.69,WALKING
4300,1.017,-0.332,-0.191,1.087,-39.8,-31.2,116.7,127.19,WALKING
4350,1.015,-0.297,-0.228,1.082,-29.8,-9.2,63.4,70.66,WALKING
4400,0.928,-0.350,-0.247,1.022,42.6,-10.3,24.8,50.36,WALKING
4450,0.968,-0.267,-0.421,1.089,52.2,-6.2,-37.6,64.63,WALKING
4500,0.621,-0.372,-0.451,0.853,25.8,-12.7,-61.5,67.89,WALKING
4550,1.047,-0.365,-0.473,1.205,29.3,-36.8,-85.8,97.85,WALKING
4600,0.834,-0.317,-0.282,0.936,125.1,-46.6,-132.0,187.74,WALKING
4650,0.685,-0.545,-0.250,0.910,159.8,-50.9,-122.9,207.92,WALKING
4700,0.691,-0.644,-0.212,0.968,60.1,-34.5,-122.9,141.09,WALKING
4750,0.690,-0.575,-0.141,0.909,17.5,-29.6,-107.6,112.96,WALKING
4800,0.714,-0.605,-0.226,0.963,34.2,-11.4,-127.1,132.11,WALKING
4850,0.806,-0.704,-0.263,1.102,19.5,-8.6,-125.8,127.59,WALKING
4900,1.005,-0.726,-0.210,1.257,55.9,-3.9,-119.3,131.80,WALKING
4950,1.195,-1.047,-0.477,1.659,24.4,-0.2,-70.7,74.79,WALKING
5000,0.745,-0.872,-0.249,1.174,30.9,-7.9,64.8,72.22,WALKING
5050,0.985,-0.675,-0.521,1.303,5.9,-11.4,119.0,119.69,WALKING
5100,0.842,-0.496,-0.260,1.011,15.9,-60.2,116.3,131.92,WALKING
5150,0.806,-0.607,-0.533,1.141,105.1,-72.1,133.7,184.72,WALKING
5200,0.881,-0.594,-0.498,1.173,51.1,-64.4,151.0,171.93,WALKING
5250,0.898,-0.510,-0.442,1.123,14.0,-45.9,156.8,163.98,WALKING
5300,0.779,-0.396,-0.372,0.950,-29.3,-14.2,129.7,133.72,WALKING
5350,0.850,-0.316,-0.603,1.089,-114.3,-14.2,76.0,137.99,WALKING
5400,0.914,-0.158,-0.428,1.022,-29.7,-31.5,-5.0,43.58,WALKING
5450,0.953,-0.225,-0.320,1.030,63.6,-18.8,-93.0,114.23,WALKING
5500,0.695,-0.313,-0.570,0.952,127.5,-65.4,-107.1,178.90,WALKING
5550,1.247,-0.367,-0.558,1.415,201.8,-124.1,-140.0,275.18,WALKING
5600,0.824,-0.285,-0.162,0.887,33.8,-99.5,-182.9,210.94,WALKING
5650,0.795,-0.547,-0.291,1.008,168.6,-72.1,-185.2,260.62,WALKING
5700,0.818,-0.599,-0.120,1.021,207.6,-83.9,-171.9,282.29,WALKING
5750,0.837,-0.758,-0.123,1.136,138.6,-55.5,-159.4,218.40,WALKING
5800,0.839,-0.915,-0.183,1.255,41.0,-51.5,-117.0,134.25,WALKING
5850,0.965,-0.823,-0.176,1.280,-0.7,-27.5,-120.6,123.70,WALKING
5900,1.141,-1.087,-0.283,1.601,40.6,-40.9,-104.0,118.90,WALKING
5950,0.621,-0.993,-0.140,1.180,-24.2,0.8,-14.2,28.07,WALKING
6000,0.629,-0.904,-0.250,1.129,-62.5,30.1,68.8,97.70,WALKING
6050,0.804,-0.775,-0.348,1.170,-65.6,21.3,100.7,122.06,WALKING
6100,0.839,-0.730,-0.284,1.148,-38.1,16.2,134.3,140.54,WALKING
6150,0.892,-0.630,-0.328,1.140,-52.9,10.9,165.2,173.81,WALKING
6200,0.901,-0.488,-0.325,1.075,-55.7,4.3,179.2,187.71,WALKING
6250,0.901,-0.396,-0.322,1.036,-48.7,-1.6,157.5,164.87,WALKING
6300,1.007,-0.348,-0.400,1.138,-48.6,-11.9,113.5,124.04,WALKING
6350,1.027,-0.284,-0.353,1.122,-43.4,-27.7,55.7,75.85,WALKING
6400,0.940,-0.249,-0.376,1.043,9.2,-14.7,7.8,19.01,WALKING
6450,0.890,-0.287,-0.306,0.984,47.6,-5.0,-63.4,79.44,WALKING
6500,0.589,-0.394,-0.518,0.878,63.4,-13.7,-80.7,103.54,WALKING
6550,0.967,-0.416,-0.341,1.107,40.8,-31.0,-102.3,114.42,WALKING
6600,0.823,-0.286,-0.120,0.880,82.6,-48.0,-136.4,166.53,WALKING
6650,0.677,-0.574,-0.196,0.909,156.2,-45.1,-115.9,199.66,WALKING
6700,0.705,-0.671,-0.176,0.989,31.2,-26.5,-124.7,131.25,WALKING
6750,0.849,-0.624,-0.234,1.079,-7.3,-14.9,-107.1,108.38,WALKING
6800,0.813,-0.756,-0.346,1.163,0.8,-8.6,-80.2,80.66,WALKING
6850,0.720,-0.709,-0.280,1.049,18.9,-12.6,-42.0,47.75,WALKING
6900,0.676,-0.692,-0.365,1.034,19.3,-11.5,-18.8,29.29,WALKING
6950,0.871,-0.794,-0.346,1.228,2.1,-14.6,-4.4,15.39,WALKING
7000,0.878,-0.763,-0.371,1.221,-19.7,-8.6,0.1,21.50,WALKING
7050,1.008,-0.783,-0.283,1.307,10.5,-11.9,50.6,53.03,WALKING
7100,0.960,-0.681,-0.283,1.211,-69.4,9.2,94.0,117.20,WALKING
7150,0.906,-0.623,-0.278,1.134,-67.5,11.2,116.9,135.45,WALKING
7200,0.857,-0.517,-0.274,1.038,-68.5,-7.9,131.1,148.13,WALKING
7250,0.824,-0.424,-0.300,0.974,-35.9,-25.5,143.2,149.82,WALKING
7300,0.827,-0.350,-0.305,0.948,-14.1,-41.5,138.9,145.65,WALKING
7350,0.873,-0.313,-0.422,1.019,-14.2,-63.5,118.0,134.75,WALKING
7400,0.920,-0.253,-0.378,1.026,-35.6,-21.4,52.5,66.94,WALKING
7450,0.876,-0.247,-0.271,0.950,38.9,-20.3,-3.0,43.98,WALKING
7500,1.070,-0.338,-0.386,1.187,65.1,-18.7,-95.9,117.41,WALKING
7550,0.656,-0.405,-0.335,0.841,67.1,-13.8,-134.0,150.50,WALKING
7600,0.888,-0.480,-0.494,1.124,71.6,-19.3,-106.6,129.86,WALKING
7650,1.002,-0.348,-0.209,1.081,87.1,-46.6,-151.6,180.94,WALKING
7700,0.738,-0.564,-0.154,0.942,157.5,-62.3,-152.8,228.11,WALKING
7750,0.713,-0.687,-0.167,1.004,201.5,-39.4,-133.9,245.12,WALKING
7800,0.742,-0.676,-0.090,1.008,85.8,-47.3,-119.4,154.45,WALKING
7850,0.781,-0.685,-0.183,1.055,54.3,-37.4,-93.0,114.00,WALKING
7900,0.873,-0.751,-0.235,1.175,29.2,-13.7,-86.1,91.94,WALKING
7950,0.958,-0.806,-0.271,1.281,27.3,-5.6,-70.9,76.18,WALKING
8000,1.068,-0.965,-0.435,1.504,8.1,-4.7,-44.5,45.47,WALKING
8050,0.742,-0.833,-0.413,1.190,-35.0,1.4,14.2,37.80,WALKING
8100,0.702,-0.832,-0.351,1.144,-22.8,2.8,98.7,101.34,WALKING
8150,0.952,-0.652,-0.364,1.210,-42.9,0.4,104.6,113.06,WALKING
8200,0.934,-0.590,-0.237,1.130,-71.1,-22.6,106.3,129.87,WALKING
8250,0.858,-0.539,-0.233,1.040,-1.6,-26.1,126.3,128.98,WALKING
8300,0.845,-0.538,-0.194,1.020,9.5,-16.5,150.5,151.70,WALKING
8350,0.883,-0.445,-0.219,1.013,-64.9,-3.8,163.2,175.67,WALKING
8400,0.895,-0.444,0.435,1.090,-37.1,29.7,115.8,125.17,WALKING
8450,0.926,-0.243,-0.290,1.000,-67.6,-38.0,68.2,103.27,WALKING
8500,0.950,-0.103,-0.350,1.018,19.5,-3.1,-0.7,19.76,WALKING
8550,0.902,-0.184,-0.360,0.988,66.0,-17.4,-77.4,103.20,WALKING
8600,0.861,-0.295,-0.386,0.989,76.5,-5.3,-157.2,174.91,WALKING
8650,0.588,-0.482,-0.397,0.858,80.5,-4.6,-150.5,170.74,WALKING
8700,0.941,-0.570,-0.414,1.175,32.2,-15.9,-140.9,145.40,WALKING
8750,1.038,-0.433,-0.230,1.148,45.5,-38.6,-176.1,185.93,WALKING
8800,0.834,-0.764,-0.370,1.190,146.4,-49.4,-142.4,210.12,WALKING
8850,0.698,-0.886,-0.309,1.169,31.5,-26.3,-98.4,106.61,WALKING
8900,0.672,-0.722,-0.412,1.069,-27.0,-13.7,-54.3,62.17,WALKING
8950,0.711,-0.778,-0.493,1.164,-8.6,-15.8,-24.6,30.48,WALKING
9000,0.733,-0.806,-0.436,1.173,-13.4,-16.0,-0.8,20.89,WALKING
9050,0.955,-0.874,-0.367,1.346,-37.8,-15.8,34.9,53.82,WALKING
9100,1.035,-0.810,-0.350,1.360,-36.4,-2.1,58.6,69.02,WALKING
9150,0.875,-0.819,-0.208,1.216,-47.1,15.0,143.6,151.87,WALKING
9200,1.108,-0.701,-0.128,1.317,-147.9,30.3,158.9,219.18,WALKING
9250,0.898,-0.463,-0.095,1.015,-115.1,29.6,140.1,183.72,WALKING
9300,0.763,-0.531,-0.119,0.937,-53.4,30.3,150.6,162.63,WALKING
9350,0.737,-0.467,-0.128,0.882,-91.3,42.4,139.2,171.79,WALKING
9400,0.779,-0.403,-0.214,0.903,-102.3,24.8,123.5,162.27,WALKING
9450,0.810,-0.365,-0.307,0.940,-56.4,3.2,89.8,106.09,WALKING
9500,0.860,-0.341,-0.203,0.947,-36.8,3.2,40.6,54.89,WALKING
9550,0.878,-0.302,-0.272,0.968,31.5,1.1,0.0,31.52,WALKING
9600,1.040,-0.372,-0.272,1.138,42.7,16.8,-75.3,88.18,WALKING
9650,0.751,-0.441,-0.409,0.962,65.7,35.6,-121.2,142.38,WALKING
9700,0.549,-0.547,-0.432,0.887,42.8,34.5,-86.9,102.83,WALKING
9750,0.890,-0.499,-0.402,1.097,-27.7,39.6,-77.9,91.67,WALKING
9800,0.959,-0.392,-0.377,1.102,18.7,22.0,-115.4,118.96,WALKING
9850,0.797,-0.734,-0.406,1.157,80.3,11.6,-102.1,130.41,WALKING
9900,0.755,-0.710,-0.467,1.137,-19.1,25.9,-65.9,73.34,WALKING
9950,0.659,-0.511,-0.203,0.858,-34.5,20.7,-22.2,45.95,WALKING
10000,0.651,-0.574,-0.386,0.950,-12.3,12.4,-2.3,17.62,WALKING
10050,0.687,-0.643,-0.346,1.003,-10.1,4.2,3.3,11.43,WALKING
10100,0.823,-0.648,-0.333,1.099,-14.6,-10.6,14.5,23.15,WALKING
10150,1.053,-0.763,-0.339,1.344,6.7,-7.9,31.6,33.25,WALKING
10200,0.895,-0.828,-0.239,1.242,-51.1,1.2,91.8,105.07,WALKING
10250,1.083,-0.637,-0.183,1.270,-98.8,35.9,128.3,165.86,WALKING
10300,1.080,-0.482,-0.314,1.224,-78.2,14.4,125.8,148.82,WALKING
10350,0.952,-0.433,-0.244,1.074,-40.5,5.5,127.1,133.51,WALKING
10400,0.890,-0.390,-0.271,1.009,-30.0,-16.1,138.4,142.53,WALKING
10450,0.809,-0.421,-0.236,0.942,-28.1,-30.5,139.9,145.92,WALKING
10500,0.853,-0.356,-0.303,0.973,-83.6,-34.7,109.4,141.99,WALKING
10550,0.822,-0.264,-0.244,0.897,-26.9,-37.0,65.3,79.73,WALKING
10600,0.853,-0.221,-0.259,0.918,24.3,-20.6,-6.5,32.51,WALKING
10650,0.834,-0.306,-0.361,0.959,51.8,-28.7,-66.9,89.35,WALKING
10700,0.935,-0.368,-0.365,1.069,53.8,-34.4,-126.0,141.26,WALKING
10750,0.755,-0.387,-0.320,0.907,98.4,-45.7,-141.6,178.39,WALKING
10800,1.011,-0.458,-0.335,1.159,109.7,-53.4,-153.6,196.16,WALKING
10850,0.977,-0.478,-0.171,1.101,130.9,-56.0,-182.5,231.47,WALKING
10900,0.823,-0.657,-0.167,1.066,185.0,-55.4,-166.2,254.79,WALKING
10950,0.758,-0.796,-0.190,1.115,79.0,-36.7,-136.5,161.93,WALKING
11000,0.782,-0.688,-0.197,1.060,16.7,-36.8,-105.6,113.07,WALKING
11050,0.922,-0.763,-0.305,1.235,51.5,-4.2,-96.8,109.73,WALKING
11100,0.845,-0.843,-0.335,1.240,45.0,-3.7,-74.5,87.11,WALKING
11150,0.916,-0.925,-0.435,1.373,35.0,0.0,-29.3,45.65,WALKING
11200,0.833,-0.859,-0.459,1.282,-4.2,0.0,15.7,16.25,WALKING
11250,0.663,-0.800,-0.385,1.108,-8.1,-5.8,90.3,90.85,WALKING
11300,0.915,-0.650,-0.437,1.204,-52.8,-2.6,118.3,129.57,WALKING
11350,1.008,-0.528,-0.387,1.202,-15.0,-26.3,121.4,125.12,WALKING
11400,0.943,-0.481,-0.352,1.116,25.2,-27.7,137.7,142.70,WALKING
11450,0.889,-0.474,-0.346,1.065,-14.0,-29.1,147.5,150.99,WALKING
11500,0.851,-0.380,-0.410,1.018,-46.9,-20.7,140.2,149.28,WALKING
11550,0.808,-0.262,-0.403,0.940,-84.2,-19.5,97.7,130.44,WALKING
11600,0.818,-0.280,-0.370,0.940,-5.2,0.0,44.9,45.20,WALKING
11650,0.840,-0.190,-0.348,0.929,29.4,-9.0,-24.5,39.31,WALKING
11700,0.895,-0.278,-0.386,1.014,34.8,-38.3,-81.9,96.88,WALKING
11750,0.863,-0.295,-0.310,0.963,69.0,-46.9,-140.7,163.58,WALKING
11800,0.837,-0.464,-0.242,0.987,112.7,-57.2,-142.8,190.70,WALKING
11850,1.011,-0.464,-0.184,1.128,182.4,-75.1,-140.1,241.95,WALKING
11900,0.896,-0.496,-0.097,1.029,152.1,-83.5,-145.7,226.57,WALKING
11950,0.867,-0.620,-0.075,1.069,171.9,-80.3,-122.2,225.68,WALKING
12000,0.694,-0.704,-0.067,0.991,121.0,-56.3,-104.2,169.32,WALKING
12050,0.661,-0.719,-0.230,1.003,15.8,-21.9,-100.6,104.16,WALKING
12100,0.731,-0.698,-0.336,1.065,7.3,5.1,-103.7,104.08,WALKING
12150,0.800,-0.789,-0.405,1.194,36.1,5.8,-110.1,116.01,WALKING
12200,1.119,-1.027,-0.491,1.596,27.0,-5.8,-84.1,88.52,WALKING
12250,0.732,-0.942,-0.428,1.267,37.1,-4.6,19.9,42.35,WALKING
12300,0.749,-0.840,-0.434,1.206,15.2,-5.2,123.1,124.14,WALKING
12350,0.936,-0.695,-0.394,1.231,-40.5,-14.6,140.3,146.76,WALKING
12400,0.928,-0.649,-0.302,1.172,-38.6,-39.0,142.4,152.61,WALKING
12450,0.883,-0.545,-0.278,1.074,-17.4,-31.3,154.2,158.30,WALKING
12500,0.786,-0.470,-0.275,0.956,-9.5,-23.7,157.6,159.65,WALKING
12550,0.767,-0.381,-0.309,0.910,-37.7,-9.6,134.4,139.92,WALKING
12600,0.775,-0.272,-0.312,0.879,-51.7,-4.3,92.0,105.62,WALKING
12650,0.926,-0.224,-0.336,1.010,-32.9,3.5,18.6,37.96,WALKING
12700,0.845,-0.213,-0.367,0.946,-15.7,5.3,-52.1,54.67,WALKING
12750,1.155,-0.321,-0.373,1.255,70.8,-18.6,-140.0,157.98,WALKING
12800,0.757,-0.332,-0.326,0.889,100.2,-12.3,-177.9,204.55,WALKING
12850,0.831,-0.533,-0.389,1.061,115.0,-37.0,-125.7,174.34,WALKING
12900,0.961,-0.393,-0.214,1.060,31.8,-42.0,-142.3,151.74,WALKING
12950,0.842,-0.563,-0.125,1.021,154.3,-50.1,-164.5,231.04,WALKING
13000,0.788,-0.747,-0.235,1.111,122.5,-43.4,-138.5,189.93,WALKING
13050,0.763,-0.730,-0.269,1.090,28.8,-24.5,-106.1,112.64,WALKING
13100,0.761,-0.679,-0.334,1.073,26.6,-6.5,-76.5,81.25,WALKING
13150,0.818,-0.759,-0.378,1.178,43.5,-2.6,-49.7,66.10,WALKING
13200,0.820,-0.807,-0.434,1.230,23.9,11.4,-27.5,38.18,WALKING
13250,1.021,-0.854,-0.523,1.430,-7.7,15.5,2.2,17.45,WALKING
13300,0.702,-0.742,-0.453,1.117,3.3,3.8,69.0,69.18,WALKING
13350,0.875,-0.684,-0.438,1.194,-19.4,-15.4,123.6,126.06,WALKING
13400,1.102,-0.557,-0.420,1.304,-22.6,-24.9,119.4,124.04,WALKING
13450,0.975,-0.487,-0.305,1.132,29.9,-49.4,133.9,145.82,WALKING
13500,0.847,-0.512,-0.305,1.036,-13.0,-42.9,147.0,153.68,WALKING
13550,0.792,-0.433,-0.298,0.951,-51.2,-21.7,135.5,146.47,WALKING
13600,0.738,-0.321,-0.304,0.860,-12.6,-20.6,108.8,111.45,WALKING
13650,0.778,-0.272,-0.463,0.945,29.2,-18.9,56.1,66.01,WALKING
13700,0.804,-0.279,-0.352,0.921,-17.3,-8.6,-10.1,21.80,WALKING
13750,0.810,-0.287,-0.368,0.935,36.5,-10.0,-64.5,74.78,WALKING
13800,1.148,-0.442,-0.406,1.295,50.6,-15.9,-133.6,143.74,WALKING
13850,0.772,-0.432,-0.298,0.933,26.3,-5.1,-157.2,159.47,WALKING
13900,0.949,-0.547,-0.247,1.123,93.6,-3.3,-112.7,146.54,WALKING
13950,1.007,-0.410,-0.133,1.095,23.3,-23.7,-138.2,142.14,WALKING
14000,0.833,-0.583,-0.090,1.021,107.7,-32.9,-132.1,173.59,WALKING
14050,0.714,-0.873,-0.222,1.149,54.4,-20.7,-106.0,120.93,WALKING
14100,0.619,-0.835,-0.343,1.095,19.9,10.0,-81.0,84.01,WALKING
14150,0.702,-0.731,-0.436,1.103,-8.4,-9.4,-45.2,46.93,WALKING
14200,0.718,-0.711,-0.467,1.113,29.1,-7.2,-5.4,30.46,WALKING
14250,0.776,-0.667,-0.567,1.170,9.5,-16.1,17.7,25.74,WALKING
14300,0.982,-0.762,-0.500,1.340,33.3,-21.9,32.7,51.55,WALKING
14350,0.979,-0.646,-0.470,1.264,31.0,-39.7,51.1,71.75,WALKING
14400,0.737,-0.640,-0.343,1.035,19.6,-37.1,108.2,116.05,WALKING
14450,0.958,-0.572,-0.422,1.193,-24.7,-37.9,134.4,141.81,WALKING
14500,1.001,-0.412,-0.362,1.141,-13.3,-41.5,114.6,122.61,WALKING
14550,0.761,-0.465,-0.347,0.957,14.2,-24.9,98.7,102.78,WALKING
14600,0.724,-0.401,-0.408,0.923,-15.8,-10.0,90.6,92.51,WALKING
14650,0.682,-0.287,-0.374,0.829,-25.2,0.0,73.7,77.89,WALKING
14700,0.711,-0.171,-0.391,0.829,-8.6,-18.5,32.6,38.46,WALKING
14750,0.811,-0.198,-0.372,0.914,24.7,-19.2,-28.9,42.59,WALKING
14800,0.897,-0.222,-0.379,0.999,47.2,-26.3,-87.4,102.75,WALKING
14850,1.075,-0.415,-0.273,1.184,80.1,-15.5,-154.8,174.98,WALKING
14900,1.091,-0.424,-0.129,1.178,140.7,-41.8,-206.7,253.51,WALKING
14950,0.913,-0.609,-0.198,1.115,235.1,-56.2,-151.6,285.33,WALKING
15000,1.103,-0.553,-0.079,1.236,51.4,-54.2,-132.3,151.93,WALKING
15050,0.935,-0.549,-0.041,1.085,135.5,-59.8,-120.6,191.00,WALKING
15100,0.787,-0.689,-0.189,1.063,139.4,-66.2,-90.2,178.75,WALKING
15150,0.673,-0.617,-0.220,0.939,70.1,-48.7,-66.0,107.90,WALKING
15200,0.569,-0.479,-0.291,0.799,87.1,-26.4,-62.5,110.41,WALKING
15250,0.601,-0.616,-0.348,0.928,68.9,-23.8,-50.9,88.91,WALKING
15300,0.764,-0.583,-0.366,1.028,81.8,-21.2,-53.4,99.96,WALKING
15350,1.208,-0.792,-0.497,1.528,77.6,-5.9,-60.2,98.39,WALKING
15400,0.940,-0.782,-0.409,1.289,65.2,-9.1,-25.6,70.63,WALKING
15450,0.577,-0.813,-0.442,1.091,65.9,-5.8,88.4,110.41,WALKING
15500,0.791,-0.636,-0.416,1.097,-27.9,9.9,132.2,135.47,WALKING
15550,0.983,-0.482,-0.443,1.181,-76.3,-20.5,101.0,128.23,WALKING
15600,0.918,-0.521,-0.397,1.128,2.4,-45.7,83.7,95.39,WALKING
15650,0.741,-0.581,-0.401,1.023,51.0,-49.7,108.9,130.12,WALKING
15700,0.722,-0.496,-0.417,0.970,4.2,-31.8,110.3,114.87,WALKING
15750,0.712,-0.328,-0.392,0.876,-3.5,-31.6,85.4,91.13,WALKING
15800,0.765,-0.291,-0.454,0.936,1.6,-27.7,34.0,43.88,WALKING
15850,0.876,-0.294,-0.350,0.988,14.0,-32.6,-33.9,49.07,WALKING
15900,0.932,-0.312,-0.244,1.013,26.1,-25.9,-99.6,106.17,WALKING
15950,1.013,-0.340,-0.242,1.096,52.0,-19.5,-167.0,175.99,WALKING
16000,0.636,-0.569,-0.355,0.924,73.6,-14.7,-131.0,150.98,WALKING
16050,1.025,-0.464,-0.258,1.154,27.6,-31.6,-109.9,117.64,WALKING
16100,0.906,-0.389,-0.013,0.986,115.0,-56.2,-150.8,197.80,WALKING
16150,0.764,-0.679,-0.176,1.037,175.7,-43.9,-124.6,219.82,WALKING
16200,0.684,-0.740,-0.253,1.039,42.9,-15.3,-95.9,106.17,WALKING
16250,0.679,-0.627,-0.305,0.973,-7.3,-0.7,-63.1,63.52,WALKING
16300,0.780,-0.664,-0.394,1.098,16.8,-14.6,-44.3,49.58,WALKING
16350,0.840,-0.676,-0.456,1.171,44.5,-5.9,-35.2,57.04,WALKING
16400,0.970,-0.811,-0.429,1.335,20.3,0.2,-19.3,28.01,WALKING
16450,1.154,-0.756,-0.536,1.480,-43.4,13.3,1.9,45.43,WALKING
16500,0.682,-0.658,-0.378,1.020,9.3,-3.8,78.4,79.04,WALKING
16550,0.786,-0.582,-0.379,1.049,5.0,-13.4,133.0,133.77,WALKING
16600,0.986,-0.467,-0.343,1.144,-92.8,8.6,119.9,151.86,WALKING
16650,0.963,-0.349,-0.198,1.043,-25.4,-0.9,109.7,112.61,WALKING
16700,0.917,-0.417,-0.299,1.051,-34.5,-29.8,121.0,129.30,WALKING
16750,0.792,-0.430,-0.175,0.918,-68.5,-19.2,101.4,123.87,WALKING
16800,0.776,-0.310,-0.293,0.886,-11.3,-50.1,94.9,107.91,WALKING
16850,0.691,-0.263,0.168,0.758,100.5,-9.5,60.6,117.74,WALKING
16900,0.800,-0.281,-0.272,0.890,-6.4,-19.1,-4.2,20.58,WALKING
16950,0.752,-0.274,-0.244,0.837,-12.7,-14.0,-59.3,62.24,WALKING
17000,1.041,-0.427,-0.344,1.177,70.4,-16.7,-123.9,143.48,WALKING
17050,0.789,-0.383,-0.332,0.938,25.0,4.6,-158.6,160.62,WALKING
17100,0.788,-0.619,-0.488,1.115,52.7,-4.2,-100.6,113.65,WALKING
17150,0.944,-0.466,-0.321,1.101,43.6,-2.0,-88.0,98.23,WALKING
17200,0.782,-0.529,-0.244,0.975,105.3,-28.1,-97.5,146.23,WALKING
17250,0.717,-0.699,-0.356,1.063,94.1,-33.1,-72.1,123.08,WALKING
17300,0.651,-0.723,-0.409,1.055,40.8,-22.3,-46.7,65.90,WALKING
17350,0.648,-0.661,-0.394,1.006,47.8,-20.7,-13.1,53.71,WALKING
17400,0.654,-0.591,-0.349,0.948,62.3,-9.8,1.8,63.09,WALKING
17450,0.711,-0.625,-0.338,1.005,37.4,-4.7,-12.5,39.71,WALKING
17500,1.032,-0.814,-0.368,1.365,-5.0,7.9,-33.3,34.59,WALKING
17550,0.979,-0.827,-0.441,1.355,-31.1,10.0,-16.2,36.46,WALKING
17600,0.735,-0.839,-0.363,1.173,9.5,-5.3,79.5,80.24,WALKING
17650,0.970,-0.688,-0.375,1.247,-35.8,-5.8,119.2,124.60,WALKING
17700,1.008,-0.596,-0.340,1.219,-34.3,-15.6,122.9,128.55,WALKING
17750,0.907,-0.495,-0.318,1.081,-15.8,-25.6,133.4,136.75,WALKING
17800,0.867,-0.235,-0.508,1.032,-39.3,-43.1,137.8,149.64,WALKING
17850,0.746,-0.373,-0.289,0.883,-73.5,-25.2,114.7,138.54,WALKING
17900,0.675,-0.256,-0.305,0.784,-10.1,-39.3,77.0,87.04,WALKING
17950,0.748,-0.201,-0.304,0.832,12.1,-23.5,17.7,31.81,WALKING
18000,0.813,-0.222,-0.330,0.905,16.1,-32.0,-56.5,66.90,WALKING
18050,0.891,-0.269,-0.209,0.954,52.9,-37.3,-117.3,133.97,WALKING
18100,1.191,-0.375,-0.190,1.263,105.2,-34.0,-205.8,233.62,WALKING
18150,0.719,-0.582,-0.333,0.983,139.3,-41.6,-183.4,234.03,WALKING
18200,1.163,-0.571,-0.219,1.314,78.1,-28.9,-165.4,185.18,WALKING
18250,1.036,-0.529,0.073,1.166,132.8,-48.2,-195.0,240.80,WALKING
18300,0.889,-0.805,-0.089,1.203,192.1,-43.8,-151.0,248.24,WALKING
18350,0.791,-0.809,-0.179,1.146,64.0,-24.0,-98.0,119.48,WALKING
18400,0.758,-0.620,-0.236,1.007,28.3,-12.0,-62.7,69.83,WALKING
18450,0.725,-0.710,-0.299,1.058,117.4,-14.7,-42.0,125.55,WALKING
18500,0.714,-0.822,-0.436,1.173,79.1,-9.5,-37.9,88.22,WALKING
18550,0.760,-0.801,-0.514,1.218,34.7,-1.2,-8.0,35.63,WALKING
18600,1.062,-0.822,-0.640,1.488,14.3,-16.5,25.0,33.19,WALKING
18650,0.768,-0.743,-0.436,1.154,52.2,-47.2,102.7,124.50,WALKING
18700,0.915,-0.695,-0.435,1.229,8.6,-35.8,145.6,150.18,WALKING
18750,1.023,-0.562,-0.370,1.224,-21.7,-32.2,125.2,131.08,WALKING
18800,1.000,-0.512,-0.363,1.181,-5.2,-34.2,126.8,131.43,WALKING
18850,0.860,-0.511,-0.321,1.051,-2.5,-35.4,140.2,144.62,WALKING
18900,0.689,-0.451,-0.436,0.932,-41.2,-8.6,139.0,145.23,WALKING
18950,0.639,-0.312,-0.370,0.802,-71.1,-25.4,98.6,124.19,WALKING
19000,0.679,-0.261,-0.291,0.783,2.6,-5.7,51.5,51.88,WALKING
19050,0.787,-0.218,-0.333,0.882,38.5,-4.3,-13.1,40.89,WALKING
19100,0.794,-0.231,-0.239,0.861,15.1,-10.4,-87.9,89.79,WALKING
19150,0.976,-0.379,-0.299,1.089,45.0,1.1,-162.9,169.00,WALKING
19200,0.670,-0.477,-0.364,0.899,70.0,10.8,-179.0,192.50,WALKING
19250,0.920,-0.602,-0.410,1.173,1.8,6.0,-153.9,154.03,WALKING
19300,1.112,-0.498,-0.163,1.229,38.9,-8.4,-173.3,177.81,WALKING
19350,0.904,-0.742,-0.249,1.196,92.2,-17.1,-145.6,173.18,WALKING
19400,0.794,-0.757,-0.379,1.161,31.0,-6.5,-97.5,102.52,WALKING
19450,0.721,-0.660,-0.414,1.062,14.7,-12.3,-62.6,65.47,WALKING
19500,0.752,-0.637,-0.444,1.081,39.0,-33.3,-42.5,66.60,WALKING
19550,0.741,-0.687,-0.416,1.093,68.1,-6.6,-40.6,79.56,WALKING
19600,0.794,-0.805,-0.461,1.221,38.2,15.7,-27.5,49.62,WALKING
19650,1.073,-0.949,-0.592,1.550,-76.2,19.3,-9.2,79.14,WALKING
19700,0.752,-0.703,-0.451,1.124,-77.4,-5.1,65.8,101.72,WALKING
19750,0.788,-0.664,-0.314,1.077,-79.3,-17.7,143.4,164.82,WALKING
19800,1.105,-0.665,-0.352,1.337,-14.2,-13.4,139.3,140.66,WALKING
19850,1.048,-0.479,-0.267,1.183,-17.5,-21.7,133.8,136.67,WALKING
19900,0.946,-0.516,-0.277,1.113,-28.4,-42.1,145.5,154.11,WALKING
19950,0.880,-0.391,-0.239,0.992,-49.0,-81.6,152.5,179.77,WALKING
20000,0.857,-0.433,-0.233,0.988,-11.1,-28.2,125.0,128.62,WALKING
20050,0.870,-0.304,-0.198,0.943,-42.2,-15.7,84.4,95.66,WALKING
20100,0.859,-0.190,-0.203,0.903,-61.6,-16.1,27.6,69.39,WALKING
20150,0.778,-0.228,-0.200,0.835,70.4,-18.5,-32.6,79.76,WALKING
20200,1.090,-0.350,-0.263,1.175,8.5,-3.0,-122.3,122.63,WALKING
20250,0.614,-0.386,-0.261,0.771,63.0,22.5,-160.5,173.88,WALKING
20300,0.748,-0.601,-0.394,1.037,74.4,23.3,-118.7,142.01,WALKING
20350,1.051,-0.368,-0.309,1.156,-1.1,22.5,-148.8,150.50,WALKING
20400,0.984,-0.553,-0.286,1.164,134.0,-8.4,-171.5,217.80,WALKING
20450,0.873,-0.953,-0.313,1.330,90.2,-17.6,-127.0,156.76,WALKING
20500,0.806,-0.708,-0.370,1.135,6.7,-12.9,-81.5,82.79,WALKING
20550,0.739,-0.644,-0.395,1.057,9.1,-13.7,-60.4,62.60,WALKING
20600,0.670,-0.784,-0.398,1.105,83.9,-5.3,-47.2,96.41,WALKING
20650,0.721,-0.823,-0.424,1.173,20.1,2.9,-34.5,40.03,WALKING
20700,0.988,-0.894,-0.362,1.381,-22.7,-8.7,-3.2,24.52,WALKING
20750,0.921,-0.851,-0.274,1.284,-38.5,8.2,55.8,68.29,WALKING
20800,0.805,-0.747,-0.191,1.115,-51.8,6.1,128.1,138.31,WALKING
20850,0.976,-0.595,-0.188,1.158,-59.8,11.4,158.9,170.16,WALKING
20900,0.994,-0.508,-0.168,1.129,-27.0,5.8,141.6,144.27,WALKING
20950,0.954,-0.558,-0.245,1.132,-16.8,-2.2,136.8,137.85,WALKING
21000,0.864,-0.546,-0.188,1.039,-38.0,-5.1,142.7,147.76,WALKING
21050,0.889,-0.387,-0.367,1.037,-80.8,-18.6,131.3,155.29,WALKING
21100,0.794,-0.346,-0.247,0.901,-52.0,-10.4,96.8,110.37,WALKING
21150,0.764,-0.223,-0.203,0.821,2.3,-9.8,48.7,49.73,WALKING
21200,0.824,-0.215,-0.235,0.883,15.1,-14.0,-26.4,33.48,WALKING
21250,0.792,-0.304,-0.195,0.870,45.9,-20.2,-92.6,105.31,WALKING
21300,1.231,-0.440,-0.229,1.327,73.7,-16.9,-175.2,190.82,WALKING
21350,0.723,-0.613,-0.142,0.958,126.7,6.8,-190.9,229.22,WALKING
21400,0.961,-0.716,-0.357,1.250,28.4,32.4,-124.8,132.03,WALKING
21450,1.189,-0.552,-0.251,1.335,-60.7,12.6,-121.0,135.96,WALKING
21500,0.911,-0.591,-0.247,1.114,91.4,-20.9,-102.6,138.99,WALKING
21550,0.790,-0.711,-0.262,1.095,86.4,-26.2,-60.3,108.57,WALKING
21600,0.666,-0.677,-0.344,1.010,76.7,-18.6,-25.2,82.85,WALKING
21650,0.642,-0.782,-0.383,1.082,55.4,-9.3,-2.3,56.22,WALKING
21700,0.697,-0.804,-0.419,1.144,18.3,3.4,24.2,30.53,WALKING
21750,0.697,-0.696,-0.472,1.092,18.7,-5.4,51.7,55.24,WALKING
21800,1.057,-0.729,-0.613,1.423,-5.7,-22.9,54.2,59.11,WALKING
21850,0.781,-0.466,-0.421,1.002,27.3,-64.3,97.0,119.54,WALKING
21900,0.909,-0.470,-0.425,1.108,76.7,-85.0,105.2,155.48,WALKING
21950,1.119,-0.521,-0.482,1.325,72.6,-101.4,83.7,150.19,WALKING
22000,0.921,-0.682,-0.323,1.191,95.8,-112.4,104.1,180.69,WALKING
22050,0.731,-0.499,-0.497,1.015,73.7,-89.0,106.7,157.28,WALKING
22100,0.617,-0.347,-0.329,0.781,-23.0,-63.4,62.1,91.68,WALKING
22150,0.579,-0.312,-0.241,0.700,-10.3,-43.6,10.6,46.04,WALKING
22200,0.613,-0.282,-0.178,0.698,12.9,-22.4,-55.4,61.13,WALKING
22250,0.716,-0.358,-0.215,0.829,7.9,-8.3,-114.8,115.37,WALKING
22300,0.791,-0.503,-0.296,0.983,-3.7,-0.7,-143.5,143.55,WALKING
22350,1.024,-0.546,-0.218,1.181,32.6,-15.3,-170.9,174.65,WALKING
22400,1.067,-0.586,-0.209,1.235,93.8,-19.5,-185.7,208.96,WALKING
22450,1.007,-0.712,-0.277,1.264,118.2,-21.4,-145.9,188.99,WALKING
22500,0.877,-0.636,-0.240,1.110,91.9,-28.6,-101.7,140.02,WALKING
22550,0.787,-0.701,-0.257,1.085,52.7,-36.3,-70.5,95.21,WALKING
22600,0.697,-0.687,-0.281,1.018,19.5,-20.5,-58.0,64.53,WALKING
22650,0.667,-0.668,-0.417,1.032,13.0,-9.4,-39.4,42.54,WALKING
22700,0.707,-0.640,-0.473,1.065,14.8,3.8,-27.2,31.20,WALKING
22750,0.775,-0.674,-0.431,1.114,24.7,-12.5,-15.4,31.68,WALKING
22800,0.885,-0.721,-0.450,1.227,21.2,-20.3,-2.0,29.42,WALKING
22850,1.053,-0.726,-0.549,1.392,21.4,-24.5,34.1,47.13,WALKING
22900,0.682,-0.670,-0.382,1.030,63.4,-39.7,93.0,119.35,WALKING
22950,0.827,-0.672,-0.426,1.148,27.9,-19.9,137.2,141.42,WALKING
23000,1.054,-0.469,-0.475,1.248,-68.3,-12.3,112.6,132.27,WALKING
23050,1.007,-0.404,-0.297,1.125,-10.7,-24.7,95.2,98.93,WALKING
23100,0.847,-0.443,-0.335,1.013,8.7,-46.2,102.2,112.49,WALKING
23150,0.732,-0.412,-0.268,0.882,-110.6,-33.7,101.8,154.05,WALKING
23200,0.691,-0.305,-0.283,0.807,-4.4,-46.7,81.1,93.69,WALKING
23250,0.740,-0.183,-0.269,0.808,53.0,-71.6,41.4,98.23,WALKING
23300,0.885,-0.263,-0.348,0.987,37.3,-44.5,-24.8,63.14,WALKING
23350,0.829,-0.325,-0.289,0.936,39.1,-54.3,-64.1,92.66,WALKING
23400,1.056,-0.366,-0.242,1.144,82.4,-63.3,-119.0,157.98,WALKING
23450,0.924,-0.427,-0.129,1.026,82.4,-58.4,-153.4,183.66,WALKING
23500,1.041,-0.562,-0.200,1.200,139.7,-53.6,-144.6,208.08,WALKING
23550,0.972,-0.473,-0.100,1.086,90.4,-45.4,-162.5,191.41,WALKING
23600,0.905,-0.517,-0.093,1.046,147.7,-70.4,-161.2,229.69,WALKING
23650,0.924,-0.667,0.001,1.140,193.3,-69.0,-154.2,256.72,WALKING
23700,0.854,-0.730,-0.160,1.135,153.0,-67.8,-144.2,220.91,WALKING
23750,0.830,-0.803,-0.184,1.169,74.2,-33.8,-128.8,152.44,WALKING
23800,0.950,-0.776,-0.273,1.257,58.4,-15.1,-102.6,119.02,WALKING
23850,0.912,-0.867,-0.341,1.304,91.7,-11.9,-67.3,114.37,WALKING
23900,0.877,-0.892,-0.529,1.358,38.3,-10.0,-27.3,48.09,WALKING
23950,0.536,-0.776,-0.464,1.051,29.4,-29.1,55.0,68.82,WALKING
24000,0.836,-0.707,-0.439,1.180,29.8,-34.6,100.8,110.66,WALKING
24050,0.910,-0.559,-0.379,1.133,-10.9,-33.9,88.4,95.30,WALKING
24100,0.859,-0.604,-0.347,1.106,-12.8,-38.8,115.3,122.32,WALKING
24150,0.905,-0.523,-0.355,1.104,-11.9,-26.8,133.4,136.58,WALKING
24200,0.894,-0.473,-0.362,1.074,-16.5,-17.5,132.2,134.37,WALKING
24250,0.869,-0.464,-0.371,1.053,-22.6,-11.4,120.6,123.23,WALKING
24300,0.707,-0.588,-0.329,0.977,29.5,10.4,98.7,103.54,WALKING
24350,0.770,-0.320,-0.392,0.921,-10.5,-9.5,73.9,75.24,WALKING
24400,0.872,-0.227,-0.490,1.026,21.9,0.2,29.4,36.66,WALKING
24450,0.934,-0.083,-0.348,1.000,29.9,-21.2,-56.7,67.52,WALKING
24500,0.856,-0.314,-0.483,1.032,61.8,-24.5,-128.4,144.59,WALKING
24550,0.911,-0.368,-0.575,1.138,39.3,-35.4,-104.1,116.77,WALKING
24600,1.181,-0.366,-0.112,1.241,43.6,-99.7,-123.6,164.68,WALKING
24650,0.984,-0.504,-0.035,1.106,134.6,-117.6,-162.2,241.36,WALKING
24700,0.866,-0.612,-0.078,1.063,182.8,-101.0,-138.9,250.82,WALKING
24750,0.739,-0.651,-0.062,0.987,101.6,-63.7,-117.0,167.54,WALKING
24800,0.692,-0.649,-0.192,0.968,82.5,-36.3,-96.7,132.19,WALKING
24850,0.860,-0.638,-0.308,1.114,57.4,-10.4,-95.2,111.65,WALKING
24900,0.987,-0.694,-0.322,1.249,82.0,-9.0,-119.2,144.96,WALKING
24950,1.240,-0.904,-0.483,1.609,70.3,-9.1,-137.8,154.96,WALKING
25000,0.613,-0.838,-0.384,1.107,79.6,-14.0,-46.7,93.34,WALKING
25050,0.372,-0.792,-0.456,0.987,29.4,-2.6,58.3,65.35,WALKING
25100,0.634,-0.721,-0.447,1.059,-36.5,5.3,73.9,82.59,WALKING
25150,0.859,-0.711,-0.361,1.172,-28.5,-21.7,63.1,72.56,WALKING
25200,0.925,-0.762,-0.355,1.250,22.9,-48.0,100.7,113.88,WALKING
25250,0.841,-0.721,-0.386,1.173,70.4,-50.0,143.9,167.82,WALKING
25300,0.782,-0.590,-0.369,1.047,2.5,-22.4,163.1,164.65,WALKING
25350,0.794,-0.386,-0.358,0.953,-66.2,-19.3,140.2,156.24,WALKING
25400,0.862,-0.158,-0.479,0.999,-40.3,-41.4,91.4,108.13,WALKING
25450,0.884,-0.249,-0.474,1.034,-39.2,1.5,12.7,41.23,WALKING
25500,1.004,-0.330,-0.454,1.150,-4.4,11.0,-60.2,61.35,WALKING
25550,0.828,-0.396,-0.353,0.983,35.2,7.2,-102.9,108.99,WALKING
25600,0.644,-0.528,-0.338,0.899,22.1,6.9,-69.0,72.78,WALKING
25650,0.874,-0.352,-0.272,0.981,0.5,-3.1,-82.6,82.66,WALKING
25700,0.782,-0.348,-0.186,0.876,94.7,-21.5,-134.0,165.49,WALKING
25750,0.640,-0.624,-0.279,0.936,92.6,1.1,-150.4,176.62,WALKING
25800,0.634,-0.851,-0.533,1.188,4.8,9.5,-147.7,148.08,WALKING
25850,0.632,-0.467,-0.524,0.945,-12.6,20.9,-99.6,102.55,WALKING
25900,0.899,-0.544,-0.384,1.119,-13.2,7.0,-81.1,82.46,WALKING
25950,1.018,-0.660,-0.374,1.270,1.3,-4.1,-54.1,54.27,WALKING
26000,1.266,-1.175,-0.501,1.798,-19.8,-3.7,-15.4,25.36,WALKING
26050,0.953,-0.659,-0.511,1.266,-90.5,-6.5,61.3,109.50,WALKING
26100,0.885,-0.941,-0.284,1.323,-73.9,-26.1,142.7,162.81,WALKING
26150,0.982,-0.588,-0.235,1.168,-197.5,16.1,146.1,246.19,WALKING
26200,0.819,-0.335,-0.179,0.903,-105.0,-10.6,133.3,170.02,WALKING
26250,0.767,-0.495,-0.297,0.960,46.1,-41.7,117.3,132.75,WALKING
26300,0.763,-0.512,-0.177,0.936,-71.4,-29.0,115.2,138.60,WALKING
26350,0.837,-0.366,-0.165,0.928,-34.5,-45.7,103.2,118.02,WALKING
26400,0.932,-0.412,-0.162,1.032,22.5,-56.4,70.0,92.67,WALKING
26450,1.084,-0.490,-0.162,1.201,44.5,-42.4,19.8,64.58,WALKING
26500,0.981,-0.424,-0.162,1.081,16.4,-10.7,-17.6,26.33,WALKING
26550,0.864,-0.372,-0.356,1.006,7.2,37.2,-60.8,71.64,WALKING
26600,0.457,-0.248,-0.367,0.636,-12.7,48.8,-61.5,79.53,WALKING
26650,0.732,-0.286,-0.396,0.880,-37.0,46.4,-67.8,90.10,WALKING
26700,0.810,-0.307,-0.365,0.940,-10.5,58.5,-101.9,117.97,WALKING
26750,0.730,-0.568,-0.452,1.029,23.5,52.6,-104.7,119.50,WALKING
26800,0.738,-0.807,-0.521,1.211,-7.2,36.8,-91.4,98.79,WALKING
26850,0.704,-0.593,-0.565,1.080,-34.2,26.6,-64.4,77.62,WALKING
26900,0.739,-0.626,-0.511,1.095,7.1,25.4,-39.8,47.75,WALKING
26950,0.819,-0.733,-0.439,1.184,15.8,14.5,-19.6,29.05,WALKING
27000,0.886,-0.736,-0.451,1.237,-39.0,5.1,16.6,42.69,WALKING
27050,1.109,-0.724,-0.385,1.379,-32.2,2.1,43.6,54.24,WALKING
27100,0.959,-0.808,-0.222,1.274,-24.7,-1.8,99.6,102.63,WALKING
27150,1.126,-0.624,-0.139,1.295,-98.3,3.3,116.7,152.62,WALKING
27200,0.915,-0.488,-0.203,1.057,-36.6,-26.8,126.5,134.39,WALKING
27250,0.767,-0.599,-0.210,0.996,-30.0,-15.6,148.6,152.40,WALKING
27300,0.796,-0.476,-0.253,0.961,-71.6,-11.9,153.1,169.43,WALKING
27350,0.893,-0.362,-0.404,1.045,-55.5,-13.7,128.9,141.01,WALKING
27400,0.955,-0.363,-0.274,1.058,-42.4,-18.7,90.7,101.85,WALKING
27450,0.972,-0.302,-0.226,1.043,11.6,-24.2,58.6,64.45,WALKING
27500,0.910,-0.252,-0.274,0.983,62.4,-25.7,9.3,68.12,WALKING
27550,0.882,-0.377,-0.312,1.009,4.0,-8.9,-40.9,42.05,WALKING
27600,0.972,-0.309,-0.352,1.079,25.3,-4.2,-103.8,106.92,WALKING
27650,0.615,-0.390,-0.365,0.815,104.0,-4.3,-93.3,139.78,WALKING
27700,0.975,-0.405,-0.337,1.108,-6.7,-10.8,-83.3,84.26,WALKING
27750,0.899,-0.281,-0.191,0.961,50.3,-18.8,-130.2,140.84,WALKING
27800,0.710,-0.572,-0.213,0.936,120.8,-17.9,-145.1,189.65,WALKING
27850,0.676,-0.562,-0.371,0.954,89.2,-26.3,-141.6,169.41,WALKING
27900,0.621,-0.662,-0.436,1.007,86.7,-8.0,-151.1,174.39,WALKING
27950,0.741,-0.854,-0.411,1.203,63.3,14.1,-142.5,156.56,WALKING
28000,1.016,-0.955,-0.544,1.497,-0.4,13.0,-111.8,112.55,WALKING
28050,1.417,-1.098,-0.592,1.888,10.0,-2.4,-38.1,39.46,WALKING
28100,0.910,-0.858,-0.499,1.347,21.1,-16.2,70.6,75.45,WALKING
28150,0.976,-0.744,-0.510,1.329,-27.5,-14.2,143.7,147.00,WALKING
28200,0.817,-0.571,-0.302,1.042,1.1,-33.8,158.5,162.07,WALKING
28250,0.813,-0.487,-0.353,1.011,-31.4,-24.6,159.9,164.80,WALKING
28300,0.833,-0.430,-0.289,0.981,-62.8,-42.4,161.2,178.12,WALKING
28350,0.868,-0.352,-0.315,0.988,-70.2,-45.4,153.5,174.79,WALKING
28400,0.913,-0.293,-0.311,1.008,-43.6,-56.0,121.2,140.45,WALKING
28450,1.012,-0.044,-0.274,1.049,4.2,-54.8,70.7,89.55,WALKING
28500,0.862,-0.212,-0.312,0.941,20.5,-24.0,20.2,37.47,WALKING
28550,0.795,-0.262,-0.314,0.894,46.6,-5.6,-35.8,59.03,WALKING
28600,0.884,-0.244,-0.234,0.946,53.9,4.5,-130.1,140.90,WALKING
28650,0.730,-0.499,-0.438,0.987,36.3,27.7,-171.5,177.47,WALKING
28700,0.921,-0.527,-0.492,1.170,149.8,-51.9,-160.4,225.53,WALKING
28750,0.864,-0.415,-0.212,0.982,12.3,-30.8,-170.8,173.99,WALKING
28800,1.000,-0.573,-0.357,1.207,140.4,-23.7,-185.3,233.69,WALKING
28850,0.802,-0.873,-0.296,1.222,83.8,-18.6,-170.8,191.16,WALKING
28900,0.771,-0.844,-0.566,1.276,-39.5,4.8,-140.8,146.31,WALKING
28950,0.772,-0.925,-0.439,1.282,-8.6,-8.1,-90.9,91.66,WALKING
29000,0.762,-0.924,-0.370,1.254,-7.4,-15.4,-40.5,43.96,WALKING
29050,0.994,-1.101,-0.357,1.526,-47.1,-8.8,11.2,49.21,WALKING
29100,0.870,-0.861,-0.221,1.244,-77.2,4.8,89.8,118.52,WALKING
29150,1.159,-0.735,-0.096,1.376,-94.4,25.4,135.1,166.76,WALKING
29200,1.117,-0.652,-0.071,1.295,-99.5,18.8,139.0,171.97,WALKING
29250,0.863,-0.602,0.055,1.054,-12.4,-0.7,167.5,167.96,WALKING
29300,0.842,-0.579,0.016,1.022,-18.4,23.0,183.1,185.45,WALKING
29350,0.924,-0.469,-0.035,1.037,-103.8,42.9,177.1,209.71,WALKING
29400,1.066,-0.396,-0.379,1.199,-148.6,-12.8,168.8,225.25,WALKING
29450,1.013,-0.380,-0.135,1.090,-113.6,8.9,109.9,158.31,WALKING
29500,1.026,-0.395,-0.195,1.117,-34.7,14.4,59.5,70.37,WALKING
29550,0.894,-0.283,-0.207,0.960,8.5,28.2,8.6,30.68,WALKING
29600,0.859,-0.202,-0.334,0.944,9.8,37.8,-59.2,70.92,WALKING
29650,0.475,-0.320,-0.332,0.662,23.4,40.7,-81.0,93.62,WALKING
29700,0.758,-0.488,-0.444,1.005,-27.5,47.1,-82.2,98.65,WALKING
29750,0.991,-0.338,-0.333,1.099,-38.5,53.2,-114.0,131.56,WALKING
29800,0.822,-0.514,-0.447,1.068,41.0,30.9,-108.3,119.85,WALKING
29850,0.721,-0.631,-0.445,1.056,7.5,29.0,-87.0,92.01,WALKING
29900,0.671,-0.599,-0.487,1.023,-10.5,24.0,-63.0,68.23,WALKING
29950,0.661,-0.673,-0.432,1.038,-21.0,4.3,-39.6,45.03,WALKING
Recording stopped

Samples dumped: 600
