
Recording started
time,accelX,accelY,accelZ,accelMagnitude,gyroX,gyroY,gyroZ,gyroMagnitude,activity
0,0.794,-0.470,-0.318,0.976,-1.2,3.2,-1.6,3.77,WALKING
50,0.797,-0.487,-0.314,0.985,-0.4,2.6,2.9,3.92,WALKING
100,0.808,-0.486,-0.322,0.996,1.3,-1.8,-0.7,2.33,WALKING
150,0.797,-0.488,-0.321,0.988,2.5,-3.8,-0.7,4.60,WALKING
200,0.788,-0.482,-0.320,0.978,2.8,-3.9,-1.6,5.06,WALKING
250,0.792,-0.491,-0.322,0.986,1.1,1.4,-3.9,4.29,WALKING
300,0.797,-0.505,-0.324,0.998,-0.7,2.5,1.8,3.16,WALKING
350,0.797,-0.497,-0.323,0.993,-0.9,1.8,2.9,3.53,WALKING
400,0.791,-0.493,-0.313,0.983,0.7,0.0,-1.2,1.39,WALKING
450,0.798,-0.474,-0.305,0.977,4.7,-6.5,5.9,9.96,WALKING
500,0.840,-0.454,-0.305,1.002,6.0,-10.4,5.1,13.04,WALKING
550,0.865,-0.412,-0.298,1.003,15.2,-16.3,-0.4,22.29,WALKING
600,0.873,-0.395,-0.295,1.003,31.7,-21.0,-2.3,38.09,WALKING
650,0.849,-0.394,-0.291,0.980,46.2,-23.1,-9.3,52.48,WALKING
700,0.834,-0.384,-0.310,0.969,39.6,-23.8,-15.4,48.70,WALKING
750,0.762,-0.375,-0.275,0.893,47.0,-23.8,-28.7,59.99,WALKING
800,0.883,-0.424,-0.317,1.030,48.3,-20.8,-58.8,78.89,WALKING
850,0.895,-0.476,-0.328,1.065,68.4,-23.5,-73.7,103.26,WALKING
900,0.843,-0.553,-0.308,1.054,72.1,-27.9,-61.5,98.79,WALKING
950,0.895,-0.447,-0.285,1.040,65.2,-22.9,-59.4,91.13,WALKING
1000,0.785,-0.474,-0.276,0.958,66.2,-13.5,-70.6,97.72,WALKING
1050,0.703,-0.532,-0.332,0.942,47.7,-6.4,-90.0,102.06,WALKING
1100,0.725,-0.615,-0.319,1.003,10.6,1.7,-109.9,110.42,WALKING
1150,0.827,-0.731,-0.374,1.165,-8.1,14.0,-100.8,102.09,WALKING
1200,0.945,-0.751,-0.400,1.272,-23.3,-7.5,-62.7,67.31,WALKING
1250,1.248,-0.558,-0.239,1.388,-87.4,9.5,-30.5,93.06,WALKING
1300,1.092,-0.264,-0.183,1.138,-32.6,18.4,-10.7,38.93,WALKING
1350,0.712,-0.228,-0.348,0.825,-95.3,31.0,13.7,101.15,WALKING
1400,0.649,-0.154,-0.318,0.739,-64.6,-3.8,19.3,67.53,WALKING
1450,0.765,-0.548,-0.338,1.000,-9.3,-27.2,44.7,53.15,WALKING
1500,1.033,-0.686,-0.518,1.344,38.7,-54.6,92.3,114.01,WALKING
1550,1.076,-0.723,-0.362,1.346,31.5,-56.7,150.2,163.61,WALKING
1600,1.104,-0.676,-0.322,1.334,-27.7,-53.2,186.8,196.19,WALKING
1650,1.157,-0.555,-0.254,1.308,-67.6,-64.6,196.0,217.16,WALKING
1700,1.134,-0.508,-0.317,1.282,-31.7,-63.5,185.5,198.61,WALKING
1750,1.062,-0.595,-0.422,1.288,-2.9,-51.1,192.1,198.80,WALKING
1800,0.930,-0.658,-0.426,1.216,-6.5,-51.2,199.5,206.07,WALKING
1850,0.838,-0.540,-0.484,1.108,-6.1,-43.3,183.6,188.74,WALKING
1900,0.695,-0.431,-0.422,0.920,11.9,-38.7,143.4,149.01,WALKING
1950,0.504,-0.329,-0.311,0.677,29.1,-22.3,86.5,93.95,WALKING
2000,0.462,-0.207,-0.179,0.537,39.8,10.2,-6.0,41.52,WALKING
2050,0.404,-0.241,-0.203,0.512,0.0,38.6,-66.7,77.06,WALKING
2100,0.519,-0.295,-0.144,0.614,-38.0,52.2,-100.0,119.03,WALKING
2150,0.710,-0.405,-0.199,0.841,-30.3,69.1,-152.6,170.23,WALKING
2200,0.962,-0.619,-0.298,1.182,5.1,88.6,-209.8,227.80,WALKING
2250,0.995,-0.652,-0.307,1.229,30.9,88.9,-228.6,247.22,WALKING
2300,1.155,-0.677,-0.410,1.400,65.3,76.2,-235.2,255.71,WALKING
2350,1.206,-0.755,-0.360,1.468,102.3,19.6,-212.5,236.66,WALKING
2400,1.309,-0.742,-0.275,1.530,92.2,-3.8,-160.9,185.48,WALKING
2450,1.244,-0.634,-0.151,1.404,122.0,-3.5,-126.7,175.92,WALKING
2500,1.068,-0.538,-0.272,1.226,64.9,14.2,-109.1,127.74,WALKING
2550,1.119,-0.523,-0.375,1.291,7.7,7.5,-99.5,100.08,WALKING
2600,1.123,-0.523,-0.212,1.257,17.3,-4.4,-69.7,71.95,WALKING
2650,0.488,-0.472,-0.557,0.878,5.8,11.9,3.7,13.75,WALKING
2700,0.582,-0.355,-0.404,0.792,-26.6,-16.4,30.1,43.39,WALKING
2750,0.829,-0.378,-0.470,1.025,20.6,-45.2,62.4,79.76,WALKING
2800,0.905,-0.499,-0.308,1.078,76.8,-55.0,92.3,132.07,WALKING
2850,1.026,-0.700,-0.338,1.287,14.9,-26.3,140.9,144.11,WALKING
2900,1.155,-0.598,-0.321,1.340,-37.3,-31.9,174.0,180.79,WALKING
2950,1.119,-0.595,-0.322,1.308,-18.2,-36.1,189.6,193.86,WALKING
3000,1.077,-0.549,-0.312,1.248,-23.1,-41.5,182.0,188.10,WALKING
3050,0.976,-0.563,-0.285,1.162,-16.3,-36.7,168.1,172.83,WALKING
3100,0.897,-0.659,-0.331,1.161,-27.0,-20.0,168.4,171.72,WALKING
3150,0.736,-0.744,-0.433,1.133,-6.1,-1.3,164.7,164.82,WALKING
3200,0.610,-0.826,-0.633,1.206,-40.3,2.8,161.4,166.38,WALKING
3250,0.595,-0.778,-0.702,1.205,-35.9,-7.9,141.5,146.20,WALKING
3300,0.367,-0.682,-0.604,0.982,5.6,-35.2,126.1,131.04,WALKING
3350,0.279,-0.510,-0.380,0.695,1.1,-25.9,118.5,121.30,WALKING
3400,0.337,-0.359,-0.174,0.522,18.1,-12.6,74.2,77.41,WALKING
3450,0.349,-0.301,-0.118,0.476,17.8,0.7,7.0,19.14,WALKING
3500,0.261,-0.342,-0.167,0.461,-28.6,23.5,-51.6,63.50,WALKING
3550,0.253,-0.502,-0.293,0.634,-7.1,40.6,-85.5,94.92,WALKING
3600,0.353,-0.582,-0.394,0.786,4.5,43.6,-110.7,119.06,WALKING
3650,0.527,-0.616,-0.285,0.859,41.7,39.2,-130.4,142.41,WALKING
3700,0.622,-0.692,-0.335,0.989,51.8,40.3,-157.9,171.00,WALKING
3750,0.867,-0.779,-0.215,1.185,37.0,37.8,-177.7,185.41,WALKING
3800,1.123,-0.844,-0.210,1.420,33.8,35.9,-186.4,192.81,WALKING
3850,1.366,-0.882,-0.299,1.653,-20.1,41.0,-208.5,213.44,WALKING
3900,1.199,-0.813,-0.340,1.488,46.2,53.9,-215.4,226.80,WALKING
3950,0.814,-0.964,-0.423,1.331,42.7,57.5,-147.7,164.15,WALKING
4000,1.029,-0.720,-0.562,1.376,1.8,50.4,-103.4,115.04,WALKING
4050,0.934,-0.560,-0.332,1.138,45.0,11.4,-90.1,101.36,WALKING
4100,0.663,-0.766,-0.365,1.077,159.6,-13.5,-53.6,168.90,WALKING
4150,0.606,-0.756,-0.436,1.062,45.0,-5.5,-12.1,46.92,WALKING
4200,0.653,-0.646,-0.435,1.016,12.4,-16.0,19.9,28.39,WALKING
4250,0.762,-0.608,-0.426,1.064,2.9,-32.5,46.2,56.56,WALKING
4300,0.889,-0.681,-0.375,1.181,-7.8,-35.3,72.0,80.57,WALKING
4350,1.058,-0.747,-0.367,1.346,-52.7,-30.8,99.7,116.90,WALKING
4400,1.095,-0.643,-0.272,1.299,-33.3,-33.9,125.2,133.91,WALKING
4450,1.174,-0.662,-0.307,1.382,-25.9,-22.1,123.4,128.01,WALKING
4500,0.977,-0.688,-0.261,1.223,-84.4,-13.0,125.7,151.96,WALKING
4550,1.022,-0.759,-0.271,1.302,-57.6,-13.9,154.0,165.01,WALKING
4600,1.126,-0.758,-0.280,1.386,-20.3,-12.3,172.9,174.52,WALKING
4650,1.059,-0.763,-0.321,1.344,-42.3,-19.1,180.7,186.57,WALKING
4700,0.874,-0.645,-0.326,1.134,-69.1,-38.0,184.4,200.55,WALKING
4750,0.589,-0.371,-0.275,0.748,-5.8,-47.2,158.4,165.38,WALKING
4800,0.385,-0.236,-0.263,0.523,-36.0,-36.9,116.9,127.76,WALKING
4850,0.301,-0.140,-0.197,0.386,-58.7,-22.3,59.0,86.16,WALKING
4900,0.305,-0.081,-0.175,0.361,-56.9,13.1,-12.5,59.71,WALKING
4950,0.515,-0.216,-0.234,0.606,-19.3,48.1,-90.4,104.20,WALKING
5000,0.718,-0.358,-0.222,0.832,24.0,65.4,-157.1,171.85,WALKING
5050,1.257,-0.628,-0.322,1.442,73.7,101.9,-232.7,264.51,WALKING
5100,1.139,-0.713,-0.383,1.397,118.1,95.4,-243.9,287.29,WALKING
5150,1.045,-0.822,-0.599,1.458,80.9,76.3,-192.6,222.40,WALKING
5200,1.448,-0.573,-0.159,1.565,122.0,-16.4,-166.8,207.30,WALKING
5250,1.164,-0.673,-0.225,1.363,266.8,-75.6,-130.7,306.56,WALKING
5300,0.801,-0.955,-0.284,1.278,134.8,-40.1,-99.4,172.22,WALKING
5350,0.653,-0.696,-0.264,0.990,36.0,0.0,-92.6,99.35,WALKING
5400,0.574,-0.717,-0.331,0.976,81.2,-7.5,-87.8,119.83,WALKING
5450,0.570,-0.804,-0.301,1.030,9.8,-1.4,-63.7,64.46,WALKING
5500,0.614,-0.832,-0.331,1.086,5.3,-4.2,-18.9,20.07,WALKING
5550,0.796,-0.850,-0.315,1.206,-22.3,-1.0,29.6,37.07,WALKING
5600,0.900,-0.732,-0.329,1.206,-28.0,-2.5,77.0,81.97,WALKING
5650,1.231,-0.804,-0.406,1.525,-31.7,-17.5,91.2,98.13,WALKING
5700,1.028,-0.794,-0.365,1.349,-9.1,-45.3,141.0,148.38,WALKING
5750,1.128,-0.828,-0.471,1.476,16.2,-39.8,229.5,233.49,WALKING
5800,1.300,-0.760,-0.455,1.573,0.1,-53.2,219.4,225.76,WALKING
5850,1.169,-0.667,-0.489,1.432,39.6,-56.7,211.8,222.81,WALKING
5900,0.944,-0.734,-0.501,1.296,27.6,-44.2,204.5,211.03,WALKING
5950,0.716,-0.497,-0.377,0.950,-23.1,-24.5,187.5,190.50,WALKING
6000,0.503,-0.307,-0.301,0.662,-103.0,-16.5,143.7,177.57,WALKING
6050,0.406,-0.187,-0.237,0.506,-123.6,-22.4,77.4,147.54,WALKING
6100,0.406,-0.135,-0.228,0.485,-86.4,-8.7,-5.1,86.99,WALKING
6150,0.455,-0.221,-0.276,0.576,-35.2,-3.7,-75.9,83.75,WALKING
6200,0.564,-0.353,-0.264,0.716,5.2,7.4,-131.8,132.11,WALKING
6250,0.924,-0.541,-0.235,1.096,67.9,36.7,-195.0,209.72,WALKING
6300,1.004,-0.628,-0.222,1.205,103.1,24.4,-238.3,260.79,WALKING
6350,0.979,-0.807,-0.290,1.301,121.3,29.1,-227.6,259.54,WALKING
6400,1.348,-0.813,-0.126,1.579,120.8,-8.5,-213.5,245.45,WALKING
6450,1.166,-0.769,-0.082,1.399,207.6,-73.0,-206.5,301.78,WALKING
6500,1.010,-0.946,-0.154,1.392,147.2,-62.5,-176.9,238.47,WALKING
6550,0.944,-0.750,-0.223,1.226,-3.8,-45.1,-167.7,173.70,WALKING
6600,0.880,-0.765,-0.284,1.200,138.2,-21.0,-140.7,198.33,WALKING
6650,0.815,-0.769,-0.037,1.121,295.4,-25.6,-101.9,313.53,WALKING
6700,0.765,-0.868,-0.281,1.191,120.9,-13.8,-70.0,140.38,WALKING
6750,0.748,-0.915,-0.428,1.257,52.8,-7.4,-40.8,67.14,WALKING
6800,0.813,-0.933,-0.444,1.315,-0.4,-16.1,6.4,17.33,WALKING
6850,0.803,-0.856,-0.497,1.275,19.3,-17.0,43.1,50.19,WALKING
6900,0.687,-0.770,-0.502,1.148,13.6,-20.0,100.1,102.98,WALKING
6950,0.875,-0.836,-0.463,1.296,131.6,-28.0,143.2,196.49,WALKING
7000,1.206,-0.858,-0.395,1.532,13.4,-1.1,162.6,163.15,WALKING
7050,1.294,-0.820,-0.310,1.563,-22.2,-28.8,189.2,192.66,WALKING
7100,1.078,-0.819,-0.321,1.391,-38.0,-43.2,215.4,222.95,WALKING
7150,0.868,-0.613,-0.415,1.141,-127.0,-70.7,227.5,269.97,WALKING
7200,0.626,-0.529,-0.342,0.888,-129.2,-24.4,196.5,236.43,WALKING
7250,0.552,-0.380,-0.349,0.756,-16.8,-36.2,150.9,156.09,WALKING
7300,0.475,-0.295,-0.270,0.621,22.8,-34.9,95.0,103.74,WALKING
7350,0.454,-0.264,-0.250,0.582,6.5,-11.2,29.6,32.31,WALKING
7400,0.440,-0.217,-0.264,0.557,20.2,-5.8,-31.5,37.87,WALKING
7450,0.566,-0.296,-0.229,0.679,28.6,-1.1,-109.2,112.89,WALKING
7500,0.723,-0.509,-0.261,0.922,-1.4,17.2,-190.2,190.98,WALKING
7550,0.620,-0.811,-0.346,1.078,-80.7,61.6,-195.0,219.85,WALKING
7600,0.793,-0.807,-0.425,1.209,-76.7,93.0,-165.6,204.83,WALKING
7650,1.013,-0.635,-0.359,1.248,13.1,87.4,-188.5,208.19,WALKING
7700,1.037,-0.641,-0.352,1.269,108.6,57.8,-200.7,235.40,WALKING
7750,1.013,-0.751,-0.353,1.309,149.0,20.7,-178.8,233.66,WALKING
7800,0.919,-0.835,-0.363,1.294,261.9,5.0,-129.5,292.21,WALKING
7850,0.800,-0.549,-0.837,1.281,26.2,14.0,-75.6,81.23,WALKING
7900,0.742,-0.843,-0.314,1.166,59.0,3.7,-58.8,83.38,WALKING
7950,0.728,-0.898,-0.411,1.227,-24.2,9.5,-31.1,40.54,WALKING
8000,0.857,-0.826,-0.508,1.294,-47.1,-1.3,3.9,47.28,WALKING
8050,0.977,-0.827,-0.382,1.336,4.3,-26.1,43.7,51.08,WALKING
8100,1.095,-0.813,-0.323,1.402,-16.9,-39.5,75.4,86.78,WALKING
8150,0.767,-0.711,-0.294,1.086,-74.6,-32.2,117.6,142.94,WALKING
8200,0.884,-0.725,-0.232,1.167,-66.7,-36.4,159.4,176.58,WALKING
8250,1.099,-0.787,-0.352,1.397,-64.1,-35.0,176.8,191.29,WALKING
8300,1.207,-0.783,-0.333,1.477,-33.3,-63.2,179.1,192.82,WALKING
8350,0.998,-0.790,-0.352,1.321,57.2,-83.1,197.6,221.86,WALKING
8400,0.758,-0.815,-0.381,1.176,62.9,-44.4,201.4,215.61,WALKING
8450,0.615,-0.573,-0.264,0.881,-28.9,-20.4,185.0,188.35,WALKING
8500,0.447,-0.296,-0.180,0.566,-80.8,-20.5,139.5,162.51,WALKING
8550,0.377,-0.200,-0.162,0.456,-71.8,-25.9,77.7,108.92,WALKING
8600,0.361,-0.187,-0.140,0.430,-47.6,-20.3,-2.1,51.79,WALKING
8650,0.394,-0.318,-0.207,0.547,-50.1,-3.8,-63.9,81.29,WALKING
8700,0.574,-0.477,-0.226,0.780,-29.4,17.9,-113.8,118.89,WALKING
8750,0.829,-0.560,-0.241,1.029,87.0,45.0,-202.4,224.85,WALKING
8800,0.550,-0.834,-0.273,1.036,134.4,71.3,-188.3,242.08,WALKING
8850,0.769,-0.875,-0.400,1.232,105.2,85.4,-160.3,209.90,WALKING
8900,1.210,-0.565,-0.213,1.352,165.0,-5.4,-197.7,257.56,WALKING
8950,1.148,-0.736,-0.200,1.378,142.5,-37.1,-205.0,252.40,WALKING
9000,1.053,-1.068,-0.273,1.524,45.2,-30.4,-168.0,176.61,WALKING
9050,0.938,-0.782,-0.271,1.251,-78.4,-4.2,-117.1,140.98,WALKING
9100,0.849,-0.747,-0.329,1.178,-32.6,24.1,-86.4,95.44,WALKING
9150,0.784,-0.759,-0.396,1.161,73.9,31.2,-54.5,96.98,WALKING
9200,0.688,-0.724,-0.737,1.241,14.4,11.4,-31.6,36.55,WALKING
9250,0.677,-0.722,-0.489,1.104,-67.3,-8.7,-8.5,68.39,WALKING
9300,1.049,-0.821,-0.570,1.449,68.6,-22.8,3.8,72.39,WALKING
9350,1.053,-0.780,-0.499,1.402,22.4,-46.3,41.0,65.78,WALKING
9400,0.810,-0.742,-0.359,1.156,71.4,-57.6,136.7,164.63,WALKING
9450,0.923,-0.740,-0.219,1.203,83.5,-30.6,174.5,195.85,WALKING
9500,1.045,-0.562,-0.267,1.216,-76.9,-10.4,145.4,164.81,WALKING
9550,1.030,-0.536,-0.268,1.192,-53.9,-37.5,102.4,121.64,WALKING
9600,1.060,-0.386,-0.169,1.141,10.0,-73.6,112.1,134.47,WALKING
9650,0.847,-0.829,-0.433,1.262,-52.7,-60.2,173.3,190.88,WALKING
9700,0.819,-0.821,-0.451,1.244,27.9,-57.8,195.0,205.29,WALKING
9750,0.692,-0.678,-0.422,1.057,10.5,-38.4,186.2,190.41,WALKING
9800,0.494,-0.365,-0.286,0.678,-10.8,-42.9,137.5,144.44,WALKING
9850,0.332,-0.262,-0.206,0.470,-18.3,-36.0,61.6,73.66,WALKING
9900,0.290,-0.190,-0.152,0.379,-57.8,0.0,-22.1,61.88,WALKING
9950,0.472,-0.173,-0.169,0.530,-34.7,46.9,-119.9,133.34,WALKING
10000,0.532,-0.289,-0.278,0.666,-29.6,72.3,-176.7,193.20,WALKING
10050,0.799,-0.383,-0.361,0.957,-26.6,57.6,-187.3,197.75,WALKING
10100,1.267,-0.398,-0.217,1.346,3.4,44.9,-237.3,241.53,WALKING
10150,1.348,-0.635,-0.254,1.512,156.0,23.8,-261.3,305.25,WALKING
10200,1.281,-0.790,-0.436,1.567,201.5,-1.2,-232.9,307.97,WALKING
10250,1.185,-0.858,-0.262,1.486,154.6,-20.3,-193.5,248.51,WALKING
10300,1.018,-0.759,-0.140,1.277,235.0,-50.4,-143.3,279.82,WALKING
10350,0.992,-0.868,-0.107,1.322,176.1,-33.0,-114.3,212.52,WALKING
10400,0.804,-0.891,-0.161,1.211,36.9,-8.8,-95.3,102.57,WALKING
10450,0.715,-0.968,-0.260,1.231,15.1,3.0,-74.9,76.47,WALKING
10500,0.679,-1.012,-0.336,1.264,-21.0,2.8,-28.9,35.83,WALKING
10550,0.943,-1.019,-0.421,1.451,-81.1,-0.8,25.7,85.08,WALKING
10600,0.899,-0.932,-0.359,1.344,-62.5,-0.5,91.4,110.73,WALKING
10650,0.857,-0.843,-0.296,1.238,-46.9,8.0,163.5,170.28,WALKING
10700,1.056,-0.721,-0.262,1.305,-56.6,13.7,185.4,194.33,WALKING
10750,1.207,-0.691,-0.168,1.401,-70.2,-6.5,172.8,186.63,WALKING
10800,1.291,-0.840,-0.093,1.543,-31.2,-58.8,189.0,200.38,WALKING
10850,1.059,-0.868,-0.141,1.377,49.2,-35.9,220.1,228.37,WALKING
10900,0.908,-0.818,-0.039,1.223,-19.8,4.9,215.6,216.56,WALKING
10950,0.806,-0.636,-0.142,1.036,-74.4,25.4,221.5,235.04,WALKING
11000,0.637,-0.481,-0.078,0.802,-67.2,-7.9,181.2,193.42,WALKING
11050,0.408,-0.279,-0.142,0.514,-79.4,6.3,114.0,139.07,WALKING
11100,0.289,-0.161,-0.088,0.342,-37.6,10.5,20.7,44.19,WALKING
11150,0.455,-0.148,-0.191,0.515,-60.0,51.3,-71.1,106.24,WALKING
11200,0.683,-0.223,-0.176,0.740,-37.4,98.8,-180.3,208.97,WALKING
11250,0.709,-0.486,-0.533,1.011,-16.4,134.9,-199.4,241.30,WALKING
11300,0.961,-0.564,-0.455,1.204,-54.6,111.8,-178.8,217.83,WALKING
11350,1.252,-0.457,-0.266,1.359,-4.3,96.6,-191.4,214.44,WALKING
11400,1.284,-0.663,-0.376,1.493,156.0,69.0,-162.6,235.66,WALKING
11450,1.108,-0.877,-0.299,1.444,136.6,45.4,-145.6,204.74,WALKING
11500,0.985,-0.771,-0.327,1.293,126.5,29.8,-98.4,163.01,WALKING
11550,0.882,-0.706,-0.440,1.212,-4.9,30.7,-80.4,86.20,WALKING
11600,0.757,-0.852,-0.566,1.273,74.3,0.0,-61.3,96.32,WALKING
11650,0.648,-0.898,-0.349,1.161,-2.9,9.9,-46.6,47.73,WALKING
11700,0.715,-0.887,-0.430,1.218,-76.7,1.8,-7.9,77.13,WALKING
11750,0.827,-0.861,-0.325,1.237,-63.9,-14.4,28.1,71.28,WALKING
11800,1.074,-0.822,-0.276,1.380,-73.7,-27.3,58.3,97.86,WALKING
11850,0.921,-0.812,-0.166,1.239,-74.1,-22.7,106.8,131.96,WALKING
11900,1.001,-0.766,-0.067,1.262,-67.4,-16.1,145.6,161.25,WALKING
11950,1.155,-0.756,-0.060,1.382,-73.3,-16.0,159.1,175.90,WALKING
12000,1.185,-0.785,-0.029,1.422,-70.2,-1.4,196.9,209.04,WALKING
12050,1.150,-0.846,-0.135,1.434,-29.0,-11.4,208.0,210.32,WALKING
12100,0.901,-0.830,-0.153,1.235,-102.4,4.4,212.4,235.84,WALKING
12150,0.740,-0.842,-0.315,1.164,-137.2,4.8,219.2,258.64,WALKING
12200,0.608,-0.653,-0.240,0.924,-44.3,-73.0,189.7,208.03,WALKING
12250,0.428,-0.419,-0.261,0.653,2.1,-69.7,151.0,166.32,WALKING
12300,0.334,-0.309,-0.185,0.491,-13.6,-44.3,84.6,96.46,WALKING
12350,0.345,-0.206,-0.223,0.460,-37.1,-11.1,17.7,42.58,WALKING
12400,0.497,-0.273,-0.195,0.600,-28.4,35.9,-70.3,83.89,WALKING
12450,0.525,-0.416,-0.386,0.773,19.0,86.6,-142.2,167.58,WALKING
12500,0.419,-0.604,-0.495,0.886,56.4,86.7,-121.8,159.79,WALKING
12550,0.722,-0.595,-0.396,1.016,39.9,79.5,-130.4,157.85,WALKING
12600,0.959,-0.551,-0.269,1.138,180.4,50.6,-179.7,259.61,WALKING
12650,0.927,-0.703,-0.062,1.165,232.6,-34.0,-206.0,312.56,WALKING
12700,0.990,-0.834,-0.179,1.307,49.5,-47.8,-201.8,213.21,WALKING
12750,0.974,-0.854,-0.061,1.297,-10.8,6.0,-183.7,184.11,WALKING
12800,1.023,-0.827,-0.252,1.339,-42.1,-13.7,-144.2,150.84,WALKING
12850,0.945,-0.832,-0.237,1.281,-60.4,-10.2,-93.9,112.11,WALKING
12900,0.831,-0.886,-0.271,1.245,53.7,6.3,-41.2,67.98,WALKING
12950,0.708,-0.820,-0.351,1.139,19.8,16.6,-8.5,27.20,WALKING
13000,0.686,-0.726,-0.388,1.072,12.1,-15.9,14.5,24.69,WALKING
13050,0.893,-0.832,-0.471,1.308,-9.9,-27.0,25.5,38.44,WALKING
13100,1.008,-0.738,-0.546,1.363,1.5,-30.4,51.4,59.74,WALKING
13150,0.876,-0.797,-0.423,1.258,39.3,-47.6,110.3,126.40,WALKING
13200,0.626,-0.694,0.559,1.089,153.3,37.0,118.0,196.96,WALKING
13250,1.045,-0.565,-0.517,1.296,-70.6,-55.5,133.8,161.14,WALKING
13300,1.073,-0.751,-0.390,1.367,-11.2,-54.5,129.2,140.67,WALKING
13350,0.983,-0.855,-0.365,1.353,82.2,-56.1,170.0,196.99,WALKING
13400,0.814,-1.062,-0.491,1.425,61.4,-29.7,182.0,194.36,WALKING
13450,0.660,-0.884,-0.351,1.158,-49.2,-49.2,196.9,208.83,WALKING
13500,0.505,-0.603,-0.282,0.836,-187.8,-108.1,199.9,294.81,WALKING
13550,0.359,-0.434,-0.305,0.641,-105.7,-80.9,124.4,182.19,WALKING
13600,0.203,-0.289,-0.179,0.396,-7.4,-60.7,59.8,85.53,WALKING
13650,0.183,-0.218,-0.128,0.312,-22.4,-25.4,-1.7,33.91,WALKING
13700,0.250,-0.234,-0.157,0.377,-2.8,16.4,-71.8,73.70,WALKING
13750,0.550,-0.348,-0.220,0.687,16.4,22.6,-161.2,163.60,WALKING
13800,0.564,-0.610,-0.251,0.868,25.9,44.3,-208.4,214.62,WALKING
13850,0.682,-0.793,-0.490,1.155,31.0,45.8,-185.4,193.47,WALKING
13900,0.908,-0.630,-0.307,1.147,11.3,7.2,-211.0,211.43,WALKING
13950,1.066,-0.607,-0.231,1.248,87.8,-6.3,-257.6,272.22,WALKING
14000,1.113,-0.886,-0.327,1.460,104.7,7.0,-255.5,276.21,WALKING
14050,1.091,-0.938,-0.339,1.478,74.4,11.6,-229.0,241.06,WALKING
14100,1.092,-0.832,-0.343,1.415,63.0,21.0,-180.9,192.70,WALKING
14150,0.985,-0.829,-0.363,1.338,129.7,-1.9,-124.6,179.86,WALKING
14200,0.838,-0.946,-0.368,1.316,141.1,-2.3,-76.0,160.28,WALKING
14250,0.734,-0.954,-0.438,1.281,83.8,-4.6,-44.1,94.81,WALKING
14300,0.649,-0.966,-0.456,1.250,34.4,-1.8,-10.3,35.95,WALKING
14350,0.784,-0.970,-0.486,1.339,11.9,-6.2,33.8,36.37,WALKING
14400,1.010,-0.908,-0.474,1.438,-5.9,-24.2,65.8,70.36,WALKING
14450,0.973,-0.844,-0.425,1.356,14.9,-32.5,122.5,127.61,WALKING
14500,1.006,-0.833,-0.423,1.373,32.9,-15.9,184.3,187.89,WALKING
14550,1.191,-0.788,-0.423,1.489,-19.8,-27.7,208.0,210.77,WALKING
14600,1.266,-0.819,-0.369,1.552,8.8,-52.6,214.0,220.55,WALKING
14650,0.873,-1.232,0.193,1.522,99.1,-27.4,226.2,248.47,WALKING
14700,0.789,-0.834,-0.206,1.166,-67.9,-54.7,223.7,240.09,WALKING
14750,0.621,-0.564,-0.279,0.884,35.0,-50.1,214.1,222.65,WALKING
14800,0.440,-0.422,-0.300,0.679,-80.1,-27.7,167.0,187.28,WALKING
14850,0.273,-0.290,-0.223,0.456,2.5,-20.7,113.4,115.30,WALKING
14900,0.198,-0.220,-0.216,0.366,-14.1,-18.9,40.0,46.43,WALKING
14950,0.206,-0.202,-0.131,0.317,-64.7,-8.5,-31.1,72.29,WALKING
15000,0.301,-0.319,-0.181,0.474,-91.0,23.5,-102.6,139.14,WALKING
15050,0.597,-0.416,-0.204,0.756,-88.2,62.7,-169.9,201.44,WALKING
15100,0.734,-0.681,-0.572,1.153,38.2,74.6,-218.4,233.93,WALKING
15150,0.708,-0.752,-0.357,1.093,74.6,63.3,-204.6,226.79,WALKING
15200,1.084,-0.738,-0.388,1.368,106.1,52.7,-215.4,245.83,WALKING
15250,1.223,-0.820,-0.207,1.487,206.6,-21.7,-227.2,307.85,WALKING
15300,1.072,-0.907,-0.190,1.417,177.1,-37.8,-202.2,271.44,WALKING
15350,0.997,-0.834,-0.176,1.312,115.5,-42.0,-172.6,211.88,WALKING
15400,0.948,-0.849,-0.217,1.291,65.0,-18.5,-150.1,164.61,WALKING
15450,0.851,-0.891,-0.250,1.257,27.6,-27.3,-119.9,126.03,WALKING
15500,0.714,-0.979,-0.282,1.244,54.3,-12.4,-76.2,94.39,WALKING
15550,0.728,-0.979,-0.396,1.283,26.0,-2.9,-39.3,47.21,WALKING
15600,0.714,-0.955,-0.374,1.250,5.3,-4.7,0.7,7.12,WALKING
15650,0.916,-0.975,-0.439,1.408,-11.3,-12.3,47.8,50.63,WALKING
15700,0.983,-0.889,-0.406,1.386,-44.9,-24.8,90.0,103.59,WALKING
15750,0.858,-0.787,-0.409,1.234,-16.3,-21.4,146.7,149.15,WALKING
15800,0.957,-0.762,-0.427,1.296,-2.2,-21.0,187.4,188.59,WALKING
15850,1.249,-0.738,-0.425,1.512,7.4,-34.0,184.2,187.46,WALKING
15900,1.302,-0.686,-0.332,1.509,47.8,-51.5,184.2,197.15,WALKING
15950,0.999,-0.864,-0.399,1.380,57.7,-48.3,201.7,215.28,WALKING
16000,0.745,-0.805,-0.399,1.167,-1.6,-4.5,205.1,205.16,WALKING
16050,0.561,-0.557,-0.379,0.877,-25.6,-11.8,186.6,188.72,WALKING
16100,0.396,-0.411,-0.287,0.639,-58.4,-20.3,149.7,161.97,WALKING
16150,0.302,-0.249,-0.176,0.429,-55.0,-36.9,83.8,106.81,WALKING
16200,0.267,-0.227,-0.130,0.374,-72.3,-23.5,9.8,76.65,WALKING
16250,0.308,-0.260,-0.162,0.434,-77.5,6.0,-61.8,99.31,WALKING
16300,0.393,-0.418,-0.316,0.655,-42.4,7.6,-112.7,120.65,WALKING
16350,0.701,-0.596,-0.189,0.939,48.7,23.6,-175.4,183.56,WALKING
16400,0.745,-0.813,-0.456,1.193,109.7,29.1,-211.1,239.68,WALKING
16450,0.496,-0.980,-0.250,1.126,138.0,9.3,-185.6,231.47,WALKING
16500,0.914,-0.849,-0.338,1.292,94.5,-10.8,-190.8,213.19,WALKING
16550,1.074,-0.748,-0.163,1.319,64.6,-50.1,-203.7,219.49,WALKING
16600,0.899,-0.903,-0.171,1.286,3.8,-43.8,-186.1,191.22,WALKING
16650,0.825,-0.838,-0.225,1.197,-33.3,-5.0,-148.4,152.17,WALKING
16700,0.850,-0.787,-0.329,1.204,-4.4,13.2,-119.3,120.11,WALKING
16750,0.836,-0.793,-0.403,1.221,40.6,-2.4,-99.8,107.77,WALKING
16800,0.775,-0.897,-0.480,1.279,85.8,-4.3,-67.3,109.13,WALKING
16850,0.772,-0.896,-0.485,1.278,65.2,0.0,-22.6,69.01,WALKING
16900,0.766,-0.816,-0.472,1.215,32.9,2.8,26.5,42.34,WALKING
16950,1.077,-0.821,-0.506,1.446,26.4,-4.7,45.7,52.99,WALKING
17000,0.900,-0.705,-0.421,1.218,36.8,-27.1,82.9,94.66,WALKING
17050,0.832,-0.783,-0.327,1.188,62.5,-17.8,143.7,157.71,WALKING
17100,1.027,-0.758,-0.452,1.354,-27.4,-10.7,156.4,159.14,WALKING
17150,1.029,-0.800,-0.235,1.324,-12.8,-48.3,164.2,171.63,WALKING
17200,0.852,-0.954,-0.263,1.306,88.1,-34.5,193.2,215.12,WALKING
17250,0.646,-0.869,-0.556,1.217,-80.2,-48.4,197.1,218.23,WALKING
17300,0.557,-0.738,-0.536,1.069,-7.4,-35.4,181.5,185.07,WALKING
17350,0.380,-0.700,-0.328,0.861,-41.7,-17.7,152.3,158.89,WALKING
17400,0.287,-0.583,-0.283,0.709,-32.8,-28.4,119.8,127.41,WALKING
17450,0.236,-0.543,-0.217,0.631,-21.7,-19.4,81.9,86.92,WALKING
17500,0.183,-0.478,-0.239,0.565,-1.8,-9.1,41.9,42.91,WALKING
17550,0.186,-0.418,-0.261,0.527,-23.6,7.4,5.6,25.36,WALKING
17600,0.223,-0.427,-0.245,0.540,-53.4,10.9,-35.0,64.77,WALKING
17650,0.449,-0.449,-0.250,0.682,-33.3,30.7,-87.7,98.70,WALKING
17700,0.506,-0.623,-0.286,0.852,16.8,51.1,-146.3,155.88,WALKING
17750,0.596,-0.795,-0.552,1.137,50.5,56.9,-157.1,174.55,WALKING
17800,0.721,-0.748,-0.385,1.108,60.4,21.7,-141.9,155.74,WALKING
17850,0.954,-0.734,-0.307,1.242,93.5,-8.8,-145.3,173.01,WALKING
17900,0.956,-0.789,-0.279,1.271,86.2,-16.7,-150.7,174.41,WALKING
17950,0.857,-0.795,-0.229,1.191,52.7,-9.4,-154.0,163.04,WALKING
18000,0.831,-0.779,-0.153,1.149,91.0,-0.3,-154.2,179.05,WALKING
18050,0.887,-0.794,-0.208,1.208,39.0,-32.9,-139.6,148.63,WALKING
18100,0.826,-0.831,-0.165,1.183,39.9,-35.7,-132.3,142.72,WALKING
18150,0.730,-0.880,-0.282,1.178,68.5,-15.9,-112.7,132.84,WALKING
18200,0.718,-0.881,-0.337,1.185,68.1,-1.5,-86.4,110.02,WALKING
18250,0.731,-0.921,-0.405,1.244,18.4,-8.4,-50.8,54.68,WALKING
18300,0.946,-0.993,-0.436,1.439,-11.4,-19.4,-10.3,24.75,WALKING
18350,1.077,-0.767,-0.496,1.412,-118.7,-40.1,31.1,129.09,WALKING
18400,0.765,-0.749,-0.344,1.125,23.3,-24.2,95.2,100.95,WALKING
18450,0.731,-0.729,-0.370,1.097,-36.4,-16.3,144.9,150.29,WALKING
18500,0.959,-0.662,-0.438,1.245,-38.9,-31.7,141.1,149.76,WALKING
18550,1.156,-0.682,-0.413,1.404,31.8,-64.2,133.0,151.07,WALKING
18600,1.071,-0.897,-0.433,1.463,65.5,-87.2,166.9,199.37,WALKING
18650,0.852,-0.925,-0.394,1.318,45.2,-50.4,202.5,213.52,WALKING
18700,0.790,-0.738,-0.383,1.147,6.3,-32.4,200.6,203.30,WALKING
18750,0.583,-0.540,-0.322,0.857,7.3,-18.9,169.7,170.91,WALKING
18800,0.443,-0.399,-0.281,0.659,-4.5,-22.6,124.8,126.91,WALKING
18850,0.324,-0.273,-0.220,0.477,-27.6,-24.1,67.2,76.54,WALKING
18900,0.325,-0.270,-0.220,0.476,-28.0,-20.4,1.1,34.66,WALKING
18950,0.363,-0.340,-0.256,0.559,-59.2,-9.1,-67.5,90.24,WALKING
19000,0.595,-0.464,-0.242,0.792,-74.6,4.8,-135.2,154.49,WALKING
19050,0.706,-0.576,-0.228,0.939,-25.0,28.0,-188.3,192.00,WALKING
19100,0.628,-0.665,-0.348,0.979,53.5,33.0,-216.7,225.63,WALKING
19150,0.808,-0.800,-0.406,1.207,76.6,14.7,-215.3,228.99,WALKING
19200,1.135,-0.772,-0.224,1.391,121.9,-36.5,-203.7,240.18,WALKING
19250,1.253,-0.805,-0.150,1.497,184.1,-75.3,-196.7,279.74,WALKING
19300,1.028,-0.834,-0.111,1.328,125.2,-73.6,-147.1,206.71,WALKING
19350,0.949,-0.746,-0.180,1.220,48.1,-53.1,-122.1,141.57,WALKING
19400,0.874,-0.668,-0.218,1.121,59.0,-49.4,-105.2,130.34,WALKING
19450,0.770,-0.663,-0.207,1.037,52.7,-37.1,-101.9,120.57,WALKING
19500,0.624,-0.691,-0.124,0.939,166.7,-37.9,-86.4,191.55,WALKING
19550,0.635,-0.729,-0.300,1.012,83.6,-22.8,-77.0,115.92,WALKING
19600,0.709,-0.750,-0.369,1.096,19.8,-9.3,-59.4,63.30,WALKING
19650,0.768,-0.766,-0.430,1.167,34.3,-0.9,-31.3,46.44,WALKING
19700,0.999,-0.822,-0.538,1.401,40.8,7.2,-8.5,42.29,WALKING
19750,0.894,-0.809,-0.527,1.316,51.7,0.3,49.4,71.51,WALKING
19800,0.698,-0.753,-0.500,1.142,155.4,-12.3,110.1,190.85,WALKING
19850,0.806,-0.769,-0.480,1.213,63.0,2.6,148.8,161.61,WALKING
19900,1.068,-0.814,-0.386,1.397,-42.2,-17.3,147.0,153.91,WALKING
19950,1.131,-0.899,-0.418,1.504,-16.8,-73.7,155.7,173.08,WALKING
20000,0.938,-0.834,-0.360,1.306,-68.8,-97.9,180.0,216.14,WALKING
20050,0.712,-0.780,-0.427,1.139,-61.6,-52.6,177.5,195.11,WALKING
20100,0.560,-0.623,-0.421,0.938,23.5,-45.3,169.1,176.63,WALKING
20150,0.348,-0.467,-0.374,0.692,-12.8,-35.6,142.7,147.63,WALKING
20200,0.262,-0.307,-0.227,0.463,-26.9,-25.9,84.7,92.57,WALKING
20250,0.305,-0.297,-0.224,0.481,-18.4,-4.7,13.4,23.24,WALKING
20300,0.449,-0.348,-0.142,0.586,12.8,2.2,-56.5,57.97,WALKING
20350,0.662,-0.434,-0.211,0.819,14.2,27.1,-138.1,141.45,WALKING
20400,0.576,-0.701,-0.409,0.995,-26.3,34.8,-157.7,163.62,WALKING
20450,0.591,-0.701,-0.366,0.987,-85.1,46.9,-131.8,163.75,WALKING
20500,0.794,-0.615,-0.344,1.062,-46.8,36.3,-134.6,147.05,WALKING
20550,1.025,-0.579,-0.411,1.247,90.5,22.5,-174.4,197.77,WALKING
20600,0.934,-0.731,-0.388,1.248,165.2,-5.3,-175.0,240.72,WALKING
20650,0.854,-0.762,-0.335,1.193,170.7,-11.4,-157.5,232.54,WALKING
20700,0.825,-0.653,-0.216,1.074,148.7,-11.9,-140.5,204.92,WALKING
20750,0.861,-0.728,-0.263,1.158,77.8,-17.9,-120.7,144.71,WALKING
20800,0.715,-0.828,-0.259,1.124,59.6,-27.8,-107.9,126.36,WALKING
20850,0.703,-0.923,-0.301,1.199,32.6,-13.6,-81.3,88.64,WALKING
20900,0.760,-0.902,-0.371,1.236,10.2,-8.0,-48.8,50.49,WALKING
20950,0.966,-1.042,-0.358,1.465,-0.7,-10.5,-8.0,13.22,WALKING
21000,1.134,-0.953,-0.353,1.523,-46.7,-11.6,33.7,58.75,WALKING
21050,0.827,-0.813,-0.295,1.197,-77.0,-10.6,109.6,134.36,WALKING
21100,0.772,-0.745,-0.301,1.114,-89.8,0.4,167.4,189.97,WALKING
21150,0.932,-0.637,-0.300,1.168,-91.4,-0.4,168.7,191.87,WALKING
21200,1.141,-0.639,-0.292,1.340,-48.6,-14.5,137.7,146.74,WALKING
21250,1.121,-0.812,-0.223,1.402,-11.7,-32.5,158.2,161.93,WALKING
21300,0.935,-0.734,-0.271,1.219,12.1,-26.1,184.7,186.93,WALKING
21350,0.780,-0.702,-0.274,1.085,-0.2,-15.8,194.8,195.44,WALKING
21400,0.585,-0.588,-0.287,0.878,-19.1,-23.0,178.0,180.49,WALKING
21450,0.366,-0.406,-0.223,0.590,-3.6,-26.3,132.0,134.64,WALKING
21500,0.306,-0.330,-0.198,0.492,8.4,-24.0,54.4,60.05,WALKING
21550,0.384,-0.281,-0.211,0.521,-22.5,-3.4,-3.5,23.02,WALKING
21600,0.537,-0.315,-0.205,0.655,-56.2,25.4,-84.2,104.37,WALKING
21650,0.832,-0.394,-0.241,0.952,-50.3,62.1,-174.1,191.57,WALKING
21700,0.690,-0.589,-0.394,0.989,49.9,71.8,-196.7,215.26,WALKING
21750,0.800,-0.714,-0.425,1.153,90.7,48.2,-167.3,196.31,WALKING
21800,1.126,-0.607,-0.246,1.303,150.0,-17.4,-180.6,235.41,WALKING
21850,1.154,-0.709,-0.056,1.356,266.8,-89.1,-179.6,333.73,WALKING
21900,1.003,-0.890,-0.019,1.341,119.7,-76.3,-156.5,211.29,WALKING
21950,0.909,-0.865,-0.060,1.256,-12.6,-50.1,-122.1,132.58,WALKING
22000,0.846,-0.792,-0.189,1.174,-56.7,-24.2,-102.6,119.70,WALKING
22050,0.730,-0.801,-0.267,1.116,64.4,-16.4,-72.6,98.42,WALKING
22100,0.651,-0.823,-0.302,1.092,12.3,-13.9,-45.4,49.05,WALKING
22150,0.614,-0.824,-0.401,1.103,-33.4,5.1,-19.9,39.21,WALKING
22200,0.674,-0.799,-0.440,1.134,-73.4,11.8,6.0,74.58,WALKING
22250,0.894,-0.830,-0.434,1.295,-58.6,9.3,27.4,65.35,WALKING
22300,1.028,-0.777,-0.375,1.342,-40.1,1.9,44.4,59.86,WALKING
22350,0.927,-0.813,-0.284,1.265,9.3,-3.0,94.8,95.30,WALKING
22400,0.901,-0.746,-0.222,1.191,57.7,0.0,150.9,161.56,WALKING
22450,1.069,-0.838,-0.238,1.379,-37.8,21.4,172.4,177.79,WALKING
22500,1.183,-0.785,-0.168,1.430,-63.9,-5.0,166.7,178.60,WALKING
22550,1.109,-0.637,-0.461,1.359,-32.2,-79.1,188.3,206.76,WALKING
22600,0.821,-0.912,-0.334,1.272,-65.9,-29.5,201.8,214.33,WALKING
22650,0.777,-0.617,-0.273,1.029,1.6,-19.6,194.0,194.99,WALKING
22700,0.615,-0.458,-0.162,0.784,-108.0,11.6,156.5,190.50,WALKING
22750,0.460,-0.353,-0.108,0.590,-42.0,3.7,115.2,122.67,WALKING
22800,0.376,-0.249,-0.142,0.473,-12.5,8.4,58.8,60.70,WALKING
22850,0.379,-0.241,-0.145,0.472,-19.6,6.2,-6.4,21.53,WALKING
22900,0.467,-0.284,-0.207,0.584,-52.1,23.1,-68.8,89.34,WALKING
22950,0.788,-0.349,-0.288,0.909,-64.1,49.2,-154.4,174.27,WALKING
23000,0.799,-0.550,-0.290,1.012,8.8,69.5,-202.3,214.09,WALKING
23050,0.761,-0.716,-0.416,1.125,46.8,98.7,-177.7,208.59,WALKING
23100,1.153,-0.641,-0.368,1.370,-21.1,116.1,-175.9,211.81,WALKING
23150,1.362,-0.630,-0.365,1.544,76.3,72.6,-178.8,207.51,WALKING
23200,1.080,-0.858,-0.325,1.417,236.4,0.2,-144.3,276.96,WALKING
23250,0.901,-0.865,-0.221,1.268,190.8,-5.8,-104.3,217.52,WALKING
23300,0.771,-0.883,-0.229,1.194,39.3,-6.1,-81.6,90.78,WALKING
23350,0.711,-0.854,-0.384,1.176,44.8,-2.9,-54.8,70.84,WALKING
23400,0.638,-0.900,-0.312,1.146,8.1,-10.9,-47.2,49.11,WALKING
23450,0.643,-0.888,-0.346,1.150,-45.2,-2.0,-17.6,48.55,WALKING
23500,0.740,-0.889,-0.310,1.198,-58.1,-9.2,19.4,61.94,WALKING
23550,1.059,-0.889,-0.282,1.411,-47.1,-31.8,47.7,74.20,WALKING
23600,1.082,-0.871,-0.173,1.400,-107.5,-33.6,89.3,143.73,WALKING
23650,0.897,-0.821,-0.168,1.228,-106.6,-11.4,126.5,165.82,WALKING
23700,1.014,-0.766,-0.133,1.278,-52.1,-14.7,169.7,178.13,WALKING
23750,1.183,-0.775,-0.080,1.417,-67.4,-10.2,172.2,185.20,WALKING
23800,1.181,-0.770,-0.082,1.412,-56.0,-7.0,175.7,184.54,WALKING
23850,1.044,-0.797,-0.076,1.316,-80.9,13.1,187.6,204.72,WALKING
23900,0.847,-0.750,-0.190,1.147,-142.1,16.3,199.3,245.31,WALKING
23950,0.728,-0.626,-0.202,0.981,-74.9,-27.0,192.3,208.13,WALKING
24000,0.532,-0.420,-0.191,0.704,-52.9,-30.7,159.6,170.92,WALKING
24050,0.427,-0.251,-0.155,0.519,-42.4,-19.8,99.4,109.86,WALKING
24100,0.417,-0.191,-0.191,0.497,-21.9,3.3,24.8,33.25,WALKING
24150,0.530,-0.233,-0.155,0.599,2.0,43.7,-61.5,75.47,WALKING
24200,0.746,-0.332,-0.330,0.881,70.3,88.6,-154.9,191.80,WALKING
24250,0.699,-0.586,-0.413,1.001,93.2,102.2,-184.3,230.43,WALKING
24300,0.726,-0.726,-0.397,1.101,97.2,85.2,-163.8,208.66,WALKING
24350,1.037,-0.685,-0.299,1.278,228.1,5.7,-170.3,284.72,WALKING
24400,1.175,-0.738,-0.076,1.390,118.9,-47.4,-174.4,216.33,WALKING
24450,0.957,-0.875,-0.036,1.297,-9.1,-38.6,-138.9,144.45,WALKING
24500,0.813,-0.834,-0.229,1.187,-26.1,-14.8,-90.5,95.34,WALKING
24550,0.785,-0.762,-0.195,1.111,-97.3,-8.0,-70.0,120.13,WALKING
24600,0.727,-0.776,-0.379,1.129,26.7,-5.6,-47.4,54.69,WALKING
24650,0.659,-0.815,-0.376,1.113,5.3,7.6,-30.6,31.97,WALKING
24700,0.665,-0.798,-0.379,1.106,-47.9,16.8,-7.3,51.28,WALKING
24750,0.756,-0.769,-0.394,1.148,-93.5,20.5,9.2,96.16,WALKING
24800,0.797,-0.761,-0.327,1.149,-78.5,13.4,33.6,86.43,WALKING
24850,1.024,-0.813,-0.303,1.342,-81.6,11.5,43.7,93.28,WALKING
24900,1.003,-0.908,-0.240,1.374,-1.1,6.2,78.1,78.35,WALKING
24950,0.900,-0.820,-0.145,1.226,-42.5,1.7,142.7,148.90,WALKING
25000,1.051,-0.875,-0.088,1.370,-17.7,5.4,167.7,168.72,WALKING
25050,1.158,-0.971,-0.021,1.511,-54.7,-6.3,174.8,183.27,WALKING
25100,1.087,-0.995,0.037,1.474,-53.1,-4.2,205.8,212.58,WALKING
25150,0.909,-0.931,0.002,1.301,-71.7,23.6,231.7,243.69,WALKING
25200,0.678,-0.712,-0.015,0.983,-93.8,29.6,230.1,250.24,WALKING
25250,0.491,-0.514,-0.045,0.712,-111.7,33.0,193.9,226.19,WALKING
25300,0.483,-0.331,-0.145,0.603,-88.6,28.2,131.9,161.38,WALKING
25350,0.437,-0.256,-0.158,0.531,-58.8,36.1,63.4,93.70,WALKING
25400,0.432,-0.194,-0.187,0.509,-39.8,54.1,-9.7,67.86,WALKING
25450,0.604,-0.244,-0.258,0.701,-38.9,80.9,-105.1,138.22,WALKING
25500,0.771,-0.298,-0.195,0.849,18.6,114.0,-178.2,212.36,WALKING
25550,0.750,-0.612,-0.528,1.103,54.9,134.4,-197.0,244.72,WALKING
25600,0.847,-0.749,-0.400,1.199,16.8,134.6,-183.3,228.03,WALKING
25650,1.233,-0.650,-0.422,1.456,75.6,108.8,-196.1,236.66,WALKING
25700,1.136,-0.992,-0.215,1.523,166.6,50.7,-178.9,249.66,WALKING
25750,1.170,-0.868,-0.170,1.467,-158.3,112.9,-115.8,226.31,WALKING
25800,1.026,-0.475,-0.495,1.234,-137.0,143.7,-67.5,209.70,WALKING
25850,0.813,-0.387,-0.636,1.102,-118.3,106.3,-48.6,166.30,WALKING
25900,0.792,-0.439,-0.558,1.064,-81.9,30.9,-42.8,97.44,WALKING
25950,0.813,-0.613,-0.543,1.154,-43.8,-18.1,-17.2,50.42,WALKING
26000,0.968,-0.601,-0.288,1.175,-3.7,-50.6,20.0,54.53,WALKING
26050,0.974,-0.630,-0.123,1.166,22.4,-61.6,62.5,90.57,WALKING
26100,1.174,-0.683,-0.005,1.358,-30.2,-70.5,89.7,118.02,WALKING
26150,1.094,-0.580,-0.030,1.239,-38.0,-72.7,113.6,140.12,WALKING
26200,0.967,-0.665,-0.002,1.174,21.0,-71.5,150.6,168.03,WALKING
26250,1.108,-0.782,-0.064,1.358,-110.1,-76.7,161.2,209.74,WALKING
26300,1.213,-0.854,-0.170,1.493,-43.6,-61.5,172.5,188.25,WALKING
26350,1.045,-0.851,-0.217,1.365,-32.8,-37.6,197.8,204.00,WALKING
26400,0.841,-0.667,-0.337,1.125,-60.5,-38.2,213.4,225.08,WALKING
26450,0.630,-0.459,-0.272,0.826,-46.9,-51.5,186.9,199.46,WALKING
26500,0.463,-0.352,-0.231,0.626,-48.6,-43.6,132.3,147.53,WALKING
26550,0.407,-0.308,-0.256,0.571,-29.6,-31.0,67.5,79.96,WALKING
26600,0.411,-0.291,-0.237,0.557,-7.2,-8.9,4.6,12.34,WALKING
26650,0.458,-0.367,-0.330,0.673,51.7,30.8,-58.3,83.79,WALKING
26700,0.501,-0.487,-0.178,0.721,125.6,42.8,-114.7,175.39,WALKING
26750,0.719,-0.612,-0.291,0.988,207.6,16.9,-172.2,270.25,WALKING
26800,0.700,-0.723,-0.212,1.028,143.5,-58.1,-188.5,243.93,WALKING
26850,0.796,-0.761,-0.135,1.109,33.6,-43.7,-186.2,194.19,WALKING
26900,0.996,-0.743,-0.104,1.247,73.2,-81.4,-177.5,208.54,WALKING
26950,1.010,-0.812,0.012,1.296,69.6,-57.7,-182.2,203.40,WALKING
27000,0.894,-0.884,-0.110,1.262,-15.0,-25.0,-156.5,159.19,WALKING
27050,0.879,-0.767,-0.272,1.198,-92.9,-12.0,-117.0,149.88,WALKING
27100,0.784,-0.752,-0.381,1.151,21.7,-6.1,-81.9,84.95,WALKING
27150,0.682,-0.836,-0.404,1.152,34.0,-9.3,-46.9,58.67,WALKING
27200,0.639,-0.833,-0.439,1.138,20.3,1.8,-13.3,24.34,WALKING
27250,0.728,-0.751,-0.460,1.143,-21.0,2.1,13.7,25.16,WALKING
27300,0.830,-0.754,-0.373,1.182,-15.6,-7.7,38.0,41.79,WALKING
27350,1.144,-0.772,-0.471,1.458,1.6,-8.3,46.8,47.56,WALKING
27400,0.872,-0.761,-0.340,1.206,45.0,-12.0,95.2,105.98,WALKING
27450,0.896,-0.743,-0.190,1.179,25.4,3.0,143.9,146.16,WALKING
27500,1.101,-0.717,-0.195,1.328,-33.7,22.0,150.0,155.31,WALKING
27550,1.127,-0.686,-0.135,1.326,-21.0,-12.8,156.3,158.22,WALKING
27600,0.948,-0.652,-0.463,1.240,20.7,-75.3,189.7,205.15,WALKING
27650,0.754,-0.740,-0.264,1.089,-112.5,-30.3,185.1,218.72,WALKING
27700,0.643,-0.551,-0.319,0.905,-14.3,3.1,171.0,171.62,WALKING
27750,0.419,-0.372,-0.167,0.585,-0.2,-0.4,130.5,130.50,WALKING
27800,0.352,-0.278,-0.170,0.480,-1.1,5.6,68.6,68.84,WALKING
27850,0.462,-0.274,-0.196,0.572,-35.0,27.7,-19.0,48.51,WALKING
27900,0.587,-0.276,-0.319,0.723,-26.7,34.3,-97.0,106.29,WALKING
27950,0.841,-0.444,-0.333,1.008,-2.4,22.2,-165.6,167.10,WALKING
28000,1.004,-0.568,-0.307,1.194,-15.9,27.2,-212.9,215.22,WALKING
28050,0.797,-0.729,-0.455,1.172,-23.5,37.4,-179.2,184.56,WALKING
28100,0.974,-0.810,-0.473,1.352,-42.6,30.3,-138.3,147.85,WALKING
28150,1.046,-0.710,-0.427,1.334,56.2,1.8,-128.4,140.17,WALKING
28200,0.818,-0.820,-0.353,1.211,196.0,-26.5,-105.1,223.97,WALKING
28250,0.655,-0.813,-0.192,1.062,203.2,4.2,-79.5,218.24,WALKING
28300,0.664,-0.664,-0.288,0.982,-21.2,21.9,-68.7,75.16,WALKING
28350,0.619,-0.704,-0.335,0.995,-19.8,13.5,-58.9,63.59,WALKING
28400,0.601,-0.806,-0.378,1.074,-10.9,0.0,-42.0,43.39,WALKING
28450,0.721,-0.903,-0.411,1.226,-16.5,-2.8,-22.8,28.28,WALKING
28500,0.812,-0.947,-0.354,1.297,-19.3,3.1,25.5,32.13,WALKING
28550,1.206,-1.025,-0.364,1.624,-71.5,1.8,61.8,94.52,WALKING
28600,0.928,-0.810,-0.214,1.250,-87.5,-12.8,110.3,141.37,WALKING
28650,0.825,-0.772,-0.110,1.135,-101.3,-6.4,173.7,201.18,WALKING
28700,0.997,-0.737,-0.094,1.243,-122.2,9.3,169.7,209.33,WALKING
28750,1.004,-0.772,-0.093,1.270,-85.1,6.5,149.8,172.41,WALKING
28800,0.916,-0.870,-0.089,1.266,-32.1,-1.7,155.7,158.98,WALKING
28850,0.769,-0.878,-0.089,1.171,-36.4,12.6,177.0,181.14,WALKING
28900,0.630,-0.854,-0.118,1.068,-54.9,24.6,190.8,200.06,WALKING
28950,0.506,-0.645,-0.112,0.827,-61.6,25.6,174.7,187.00,WALKING
29000,0.394,-0.445,-0.096,0.602,-43.6,27.7,128.2,138.22,WALKING
29050,0.378,-0.384,-0.147,0.559,-12.8,31.2,67.4,75.37,WALKING
29100,0.384,-0.335,-0.146,0.530,-23.2,42.0,-2.1,48.03,WALKING
29150,0.634,-0.490,-0.284,0.850,-27.5,75.8,-78.8,112.74,WALKING
29200,0.572,-0.680,-0.606,1.076,-16.9,77.3,-98.9,126.66,WALKING
29250,0.621,-0.579,-0.447,0.960,19.3,66.6,-79.3,105.34,WALKING
29300,0.818,-0.528,-0.446,1.071,55.5,72.1,-101.7,136.46,WALKING
29350,0.884,-0.608,-0.414,1.150,132.5,39.7,-149.5,203.67,WALKING
29400,0.813,-0.746,-0.395,1.172,90.5,33.8,-152.4,180.44,WALKING
29450,0.905,-0.726,-0.376,1.220,90.3,-4.6,-145.5,171.31,WALKING
29500,0.894,-0.792,-0.277,1.226,-13.5,4.6,-142.0,142.71,WALKING
29550,0.782,-0.843,-0.245,1.176,-45.6,10.3,-102.6,112.75,WALKING
29600,0.726,-0.854,-0.269,1.153,-70.3,19.9,-65.9,98.39,WALKING
29650,0.728,-0.853,-0.275,1.155,-68.5,22.1,-32.6,79.02,WALKING
29700,0.842,-0.831,-0.256,1.210,-53.4,7.2,7.1,54.35,WALKING
29750,1.038,-0.811,-0.156,1.326,-31.9,-8.8,50.5,60.38,WALKING
29800,0.931,-0.808,-0.188,1.247,-92.4,0.6,79.2,121.70,WALKING
29850,0.826,-0.737,-0.149,1.117,-65.5,16.1,108.9,128.10,WALKING
29900,0.885,-0.743,-0.110,1.161,-94.2,14.4,140.9,170.10,WALKING
29950,1.069,-0.790,-0.165,1.339,-82.8,18.9,145.7,168.65,WALKING
Recording stopped

Samples dumped: 600
