
Recording started
time,accelX,accelY,accelZ,accelMagnitude,gyroX,gyroY,gyroZ,gyroMagnitude,activity
0,0.913,-0.712,-0.014,1.158,-21.8,10.8,62.7,67.25,ARM_SWING
50,0.943,-0.675,-0.022,1.160,-37.1,31.0,76.2,90.24,ARM_SWING
100,0.950,-0.593,-0.028,1.120,-46.4,38.0,89.3,107.57,ARM_SWING
150,0.919,-0.561,-0.068,1.079,-40.8,32.4,90.8,104.69,ARM_SWING
200,0.864,-0.509,-0.101,1.008,-35.7,22.6,80.8,91.18,ARM_SWING
250,0.803,-0.454,-0.079,0.926,-31.0,28.2,61.5,74.42,ARM_SWING
300,0.747,-0.429,-0.068,0.864,-17.3,19.9,39.4,47.41,ARM_SWING
350,0.714,-0.462,-0.136,0.861,-13.5,12.3,8.4,20.10,ARM_SWING
400,0.745,-0.424,-0.095,0.862,-30.1,7.2,-24.4,39.41,ARM_SWING
450,0.756,-0.503,-0.082,0.912,4.9,-6.0,-40.3,41.04,ARM_SWING
500,0.794,-0.508,-0.094,0.947,9.1,0.7,-59.5,60.20,ARM_SWING
550,0.845,-0.552,-0.062,1.011,18.7,-11.9,-69.0,72.47,ARM_SWING
600,0.893,-0.577,-0.080,1.066,27.2,-15.4,-68.8,75.57,ARM_SWING
650,0.924,-0.596,-0.086,1.103,39.2,-24.7,-60.6,76.28,ARM_SWING
700,0.914,-0.629,-0.067,1.112,53.4,-29.2,-49.4,78.39,ARM_SWING
750,0.896,-0.606,-0.047,1.083,71.3,-29.4,-48.7,91.21,ARM_SWING
800,0.854,-0.640,-0.042,1.068,62.7,-25.3,-48.7,83.33,ARM_SWING
850,0.827,-0.661,-0.067,1.061,23.1,-18.5,-41.7,51.13,ARM_SWING
900,0.796,-0.640,-0.084,1.025,15.6,-22.5,-35.0,44.44,ARM_SWING
950,0.753,-0.665,-0.085,1.008,15.1,-23.5,-26.8,38.71,ARM_SWING
1000,0.749,-0.686,-0.084,1.019,8.5,-19.3,-14.0,25.31,ARM_SWING
1050,0.731,-0.710,-0.070,1.021,-0.8,-14.0,0.3,14.03,ARM_SWING
1100,0.754,-0.710,-0.059,1.037,-17.5,-8.1,14.4,24.07,ARM_SWING
1150,0.797,-0.674,-0.074,1.046,-29.7,-0.9,27.6,40.55,ARM_SWING
1200,0.852,-0.680,-0.065,1.092,-16.2,-5.9,42.4,45.77,ARM_SWING
1250,0.906,-0.709,-0.023,1.151,-7.9,5.6,66.5,67.20,ARM_SWING
1300,0.954,-0.650,-0.028,1.155,-23.8,19.6,81.4,87.04,ARM_SWING
1350,0.941,-0.622,-0.045,1.129,-32.0,28.3,90.3,99.89,ARM_SWING
1400,0.915,-0.552,-0.086,1.072,-33.1,25.1,92.3,101.22,ARM_SWING
1450,0.853,-0.512,-0.076,0.998,-38.5,33.0,82.6,96.92,ARM_SWING
1500,0.809,-0.510,-0.131,0.965,-32.7,23.7,66.7,77.97,ARM_SWING
1550,0.763,-0.471,-0.113,0.904,-21.8,14.7,45.5,52.55,ARM_SWING
1600,0.723,-0.448,-0.141,0.862,-8.4,3.1,22.1,23.84,ARM_SWING
1650,0.712,-0.479,-0.163,0.873,-9.5,-2.8,1.1,9.96,ARM_SWING
1700,0.732,-0.505,-0.178,0.907,6.6,-5.8,-26.1,27.54,ARM_SWING
1750,0.763,-0.525,-0.127,0.935,9.5,-7.0,-44.5,46.04,ARM_SWING
1800,0.807,-0.536,-0.091,0.973,15.8,-11.9,-57.2,60.52,ARM_SWING
1850,0.857,-0.554,-0.081,1.024,21.9,-18.0,-67.4,73.12,ARM_SWING
1900,0.887,-0.572,-0.077,1.058,25.7,-19.6,-69.5,76.65,ARM_SWING
1950,0.912,-0.556,-0.043,1.069,30.5,-20.9,-69.9,79.08,ARM_SWING
2000,0.870,-0.590,-0.022,1.051,44.8,-19.3,-72.2,87.13,ARM_SWING
2050,0.861,-0.624,-0.016,1.063,35.4,-13.6,-76.3,85.20,ARM_SWING
2100,0.855,-0.641,-0.045,1.070,25.7,-12.3,-66.9,72.71,ARM_SWING
2150,0.824,-0.694,-0.102,1.082,16.4,-5.6,-51.7,54.53,ARM_SWING
2200,0.815,-0.689,-0.206,1.087,-3.3,-3.3,-34.5,34.81,ARM_SWING
2250,0.786,-0.693,-0.197,1.066,47.3,-15.4,-11.1,50.97,ARM_SWING
2300,0.753,-0.714,-0.177,1.053,14.0,-19.1,13.0,27.01,ARM_SWING
2350,0.764,-0.674,-0.177,1.034,5.2,-23.2,26.6,35.68,ARM_SWING
2400,0.784,-0.691,-0.102,1.050,9.6,-25.9,36.3,45.61,ARM_SWING
2450,0.828,-0.681,-0.046,1.073,-13.3,-13.0,43.1,46.94,ARM_SWING
2500,0.867,-0.748,-0.089,1.149,-25.2,0.9,58.4,63.61,ARM_SWING
2550,0.906,-0.673,0.002,1.129,-43.7,23.6,68.4,84.53,ARM_SWING
2600,0.972,-0.665,-0.045,1.179,-39.4,28.7,87.2,99.90,ARM_SWING
2650,0.958,-0.630,-0.067,1.149,-34.7,30.2,107.2,116.65,ARM_SWING
2700,0.871,-0.542,-0.035,1.026,-25.4,30.2,110.7,117.52,ARM_SWING
2750,0.782,-0.501,-0.059,0.931,-17.6,26.5,92.4,97.72,ARM_SWING
2800,0.727,-0.440,-0.108,0.857,-15.0,18.5,66.8,70.92,ARM_SWING
2850,0.673,-0.476,-0.191,0.846,-23.5,33.0,32.1,51.69,ARM_SWING
2900,0.667,-0.467,-0.165,0.831,-10.5,22.4,-3.1,24.93,ARM_SWING
2950,0.699,-0.516,-0.177,0.887,0.9,10.2,-31.9,33.50,ARM_SWING
3000,0.743,-0.549,-0.183,0.942,2.8,0.4,-53.9,53.97,ARM_SWING
3050,0.776,-0.572,-0.177,0.980,18.7,-12.6,-69.1,72.69,ARM_SWING
3100,0.803,-0.573,-0.149,0.998,30.1,-23.7,-83.0,91.41,ARM_SWING
3150,0.847,-0.585,-0.141,1.039,38.2,-38.6,-97.0,111.17,ARM_SWING
3200,0.901,-0.639,-0.115,1.111,51.8,-47.1,-99.3,121.50,ARM_SWING
3250,0.958,-0.642,-0.072,1.155,47.5,-53.9,-89.1,114.46,ARM_SWING
3300,0.964,-0.664,-0.030,1.171,70.6,-53.5,-62.7,108.53,ARM_SWING
3350,0.903,-0.666,-0.027,1.122,58.4,-46.1,-33.6,81.64,ARM_SWING
3400,0.813,-0.632,-0.038,1.030,53.4,-29.7,-12.6,62.39,ARM_SWING
3450,0.734,-0.616,-0.069,0.961,44.2,-23.6,-5.8,50.44,ARM_SWING
3500,0.681,-0.610,-0.089,0.919,27.5,-19.4,-3.0,33.79,ARM_SWING
3550,0.680,-0.643,-0.089,0.940,6.8,-9.8,-12.6,17.35,ARM_SWING
3600,0.723,-0.667,-0.093,0.988,-12.8,-3.6,-7.9,15.47,ARM_SWING
3650,0.760,-0.685,-0.084,1.027,-26.5,10.9,2.5,28.76,ARM_SWING
3700,0.807,-0.689,-0.077,1.064,-36.4,17.5,16.5,43.63,ARM_SWING
3750,0.884,-0.687,-0.087,1.123,-43.1,25.8,36.0,61.80,ARM_SWING
3800,0.953,-0.651,-0.116,1.160,-30.1,26.8,65.0,76.48,ARM_SWING
3850,0.947,-0.604,-0.097,1.127,-39.1,32.6,80.3,95.08,ARM_SWING
3900,0.950,-0.581,-0.101,1.118,-36.7,32.4,93.2,105.28,ARM_SWING
3950,0.935,-0.584,-0.162,1.114,-24.0,24.5,100.1,105.81,ARM_SWING
4000,0.863,-0.546,-0.178,1.037,-6.9,7.5,98.4,98.93,ARM_SWING
4050,0.757,-0.543,-0.204,0.954,6.7,0.6,78.8,79.09,ARM_SWING
4100,0.690,-0.508,-0.136,0.868,-15.1,1.6,42.2,44.85,ARM_SWING
4150,0.649,-0.485,-0.128,0.820,-32.2,-2.4,14.9,35.56,ARM_SWING
4200,0.663,-0.515,-0.139,0.851,-9.7,-3.0,-13.5,16.89,ARM_SWING
4250,0.710,-0.519,-0.101,0.885,2.9,-14.0,-33.9,36.79,ARM_SWING
4300,0.737,-0.544,-0.122,0.924,3.7,-22.0,-51.3,55.94,ARM_SWING
4350,0.762,-0.530,-0.105,0.934,15.6,-24.7,-70.1,75.94,ARM_SWING
4400,0.824,-0.541,-0.083,0.989,28.4,-34.7,-85.5,96.54,ARM_SWING
4450,0.867,-0.569,-0.046,1.038,41.4,-34.0,-93.7,107.93,ARM_SWING
4500,0.955,-0.626,-0.033,1.142,44.3,-28.3,-89.1,103.45,ARM_SWING
4550,0.960,-0.648,-0.027,1.159,55.7,-25.9,-69.5,92.76,ARM_SWING
4600,0.903,-0.653,-0.037,1.115,47.8,-17.3,-52.9,73.37,ARM_SWING
4650,0.794,-0.641,-0.079,1.024,26.9,-2.5,-48.5,55.52,ARM_SWING
4700,0.736,-0.655,-0.123,0.993,14.8,4.0,-41.5,44.24,ARM_SWING
4750,0.739,-0.655,-0.143,0.998,13.1,-1.4,-36.8,39.09,ARM_SWING
4800,0.758,-0.692,-0.147,1.037,15.6,-10.0,-16.7,24.94,ARM_SWING
4850,0.779,-0.718,-0.127,1.067,3.0,-10.2,3.2,11.10,ARM_SWING
4900,0.824,-0.731,-0.108,1.107,-14.1,-0.7,27.5,30.91,ARM_SWING
4950,0.838,-0.712,-0.079,1.102,-17.5,10.3,56.7,60.23,ARM_SWING
5000,0.833,-0.693,-0.060,1.085,-20.0,7.2,68.9,72.10,ARM_SWING
5050,0.836,-0.635,-0.049,1.051,-37.1,14.2,76.5,86.20,ARM_SWING
5100,0.867,-0.587,-0.040,1.048,-31.9,18.4,74.0,82.66,ARM_SWING
5150,0.861,-0.561,-0.039,1.028,-52.5,20.3,65.2,86.14,ARM_SWING
5200,0.889,-0.529,-0.047,1.036,-23.4,11.8,59.7,65.20,ARM_SWING
5250,0.892,-0.559,-0.089,1.056,-13.0,12.3,57.0,59.74,ARM_SWING
5300,0.860,-0.546,-0.080,1.022,-25.2,26.1,49.4,61.29,ARM_SWING
5350,0.810,-0.487,-0.078,0.948,-23.5,24.6,36.6,49.97,ARM_SWING
5400,0.758,-0.464,-0.106,0.895,-18.1,18.1,20.6,32.86,ARM_SWING
5450,0.749,-0.463,-0.133,0.891,-15.4,18.9,-1.7,24.44,ARM_SWING
5500,0.755,-0.496,-0.167,0.919,-3.5,-0.6,-24.5,24.76,ARM_SWING
5550,0.771,-0.510,-0.149,0.936,14.6,-14.4,-40.8,45.66,ARM_SWING
5600,0.800,-0.538,-0.120,0.972,28.5,-26.0,-54.4,66.69,ARM_SWING
5650,0.846,-0.556,-0.098,1.017,34.0,-31.7,-62.7,78.05,ARM_SWING
5700,0.861,-0.594,-0.082,1.049,39.7,-28.9,-69.5,85.10,ARM_SWING
5750,0.885,-0.615,-0.079,1.081,39.1,-26.2,-69.7,84.10,ARM_SWING
5800,0.862,-0.625,-0.062,1.067,36.8,-25.9,-58.8,74.04,ARM_SWING
5850,0.826,-0.644,-0.077,1.050,37.9,-26.8,-50.6,68.67,ARM_SWING
5900,0.770,-0.667,-0.077,1.022,27.7,-25.1,-39.4,54.31,ARM_SWING
5950,0.742,-0.683,-0.084,1.012,12.6,-19.3,-30.2,37.99,ARM_SWING
6000,0.762,-0.691,-0.072,1.031,8.1,-17.4,-13.2,23.29,ARM_SWING
6050,0.787,-0.698,-0.067,1.054,6.9,-10.1,5.3,13.33,ARM_SWING
6100,0.811,-0.693,-0.063,1.069,-0.3,-0.6,21.1,21.11,ARM_SWING
6150,0.801,-0.660,-0.058,1.040,-12.3,12.1,32.8,37.06,ARM_SWING
6200,0.800,-0.630,-0.065,1.020,-28.8,23.3,39.0,53.79,ARM_SWING
6250,0.814,-0.618,-0.077,1.025,-32.6,24.5,41.5,58.18,ARM_SWING
6300,0.859,-0.648,-0.069,1.078,-34.2,24.7,52.7,67.51,ARM_SWING
6350,0.890,-0.717,-0.096,1.147,-26.9,26.0,67.6,77.26,ARM_SWING
6400,0.885,-0.694,-0.116,1.131,-18.4,23.8,91.2,96.03,ARM_SWING
6450,0.834,-0.662,-0.130,1.073,-8.6,12.1,96.2,97.34,ARM_SWING
6500,0.751,-0.586,-0.078,0.956,-13.3,7.1,82.4,83.77,ARM_SWING
6550,0.695,-0.580,-0.104,0.911,-17.2,10.1,56.4,59.82,ARM_SWING
6600,0.692,-0.488,-0.088,0.851,-16.3,6.5,26.3,31.62,ARM_SWING
6650,0.686,-0.467,-0.138,0.841,-5.4,-0.2,-3.1,6.23,ARM_SWING
6700,0.697,-0.496,-0.141,0.867,-8.3,-3.1,-36.1,37.17,ARM_SWING
6750,0.733,-0.498,-0.095,0.891,1.7,-5.1,-58.8,59.05,ARM_SWING
6800,0.783,-0.532,-0.066,0.949,5.1,-7.6,-73.3,73.87,ARM_SWING
6850,0.833,-0.553,-0.060,1.002,15.8,-15.4,-82.3,85.21,ARM_SWING
6900,0.884,-0.602,-0.075,1.072,21.8,-19.0,-83.6,88.46,ARM_SWING
6950,0.916,-0.608,-0.072,1.102,34.7,-23.6,-74.4,85.42,ARM_SWING
7000,0.903,-0.653,-0.068,1.116,47.6,-22.0,-63.7,82.51,ARM_SWING
7050,0.889,-0.663,-0.067,1.111,41.8,-21.2,-52.9,70.68,ARM_SWING
7100,0.840,-0.671,-0.074,1.078,39.9,-20.4,-40.0,60.07,ARM_SWING
7150,0.796,-0.671,-0.084,1.044,15.0,-4.2,-28.7,32.65,ARM_SWING
7200,0.762,-0.653,-0.095,1.008,3.5,-7.3,-22.7,24.10,ARM_SWING
7250,0.768,-0.665,-0.086,1.020,7.1,-8.8,-11.9,16.42,ARM_SWING
7300,0.791,-0.670,-0.061,1.038,-5.1,-9.5,2.2,11.00,ARM_SWING
7350,0.820,-0.660,-0.058,1.054,-9.1,-3.0,16.5,19.08,ARM_SWING
7400,0.801,-0.640,-0.045,1.026,-12.3,-0.1,30.4,32.79,ARM_SWING
7450,0.809,-0.629,-0.046,1.026,-25.0,6.5,37.1,45.21,ARM_SWING
7500,0.833,-0.607,-0.011,1.031,-29.4,17.2,41.5,53.69,ARM_SWING
7550,0.881,-0.616,-0.053,1.076,-31.6,17.9,53.9,64.99,ARM_SWING
7600,0.933,-0.676,-0.027,1.152,-31.4,18.4,70.2,79.07,ARM_SWING
7650,0.929,-0.607,-0.057,1.111,-17.9,28.2,88.6,94.69,ARM_SWING
7700,0.847,-0.579,-0.074,1.029,-3.7,22.1,89.3,92.07,ARM_SWING
7750,0.746,-0.521,-0.127,0.919,-10.9,15.8,69.7,72.29,ARM_SWING
7800,0.694,-0.470,-0.099,0.844,-16.1,13.2,41.5,46.43,ARM_SWING
7850,0.692,-0.454,-0.096,0.833,-20.3,9.9,6.7,23.56,ARM_SWING
7900,0.720,-0.489,-0.133,0.880,-6.2,-3.4,-15.8,17.31,ARM_SWING
7950,0.765,-0.499,-0.108,0.920,-2.2,-12.2,-39.6,41.50,ARM_SWING
8000,0.813,-0.515,-0.075,0.965,0.1,-14.9,-58.1,59.98,ARM_SWING
8050,0.861,-0.552,-0.077,1.026,12.4,-21.8,-67.4,71.91,ARM_SWING
8100,0.877,-0.581,-0.056,1.053,14.4,-25.6,-65.0,71.33,ARM_SWING
8150,0.910,-0.593,-0.066,1.088,26.7,-28.1,-55.5,67.70,ARM_SWING
8200,0.885,-0.607,-0.062,1.075,31.4,-24.8,-48.7,63.03,ARM_SWING
8250,0.873,-0.613,-0.068,1.069,33.6,-24.5,-43.0,59.82,ARM_SWING
8300,0.841,-0.618,-0.075,1.046,36.4,-23.0,-42.3,60.36,ARM_SWING
8350,0.790,-0.654,-0.081,1.029,29.1,-22.9,-30.8,48.16,ARM_SWING
8400,0.769,-0.634,-0.098,1.001,6.4,-10.2,-22.7,25.70,ARM_SWING
8450,0.772,-0.625,-0.114,1.000,11.9,-16.1,-14.4,24.66,ARM_SWING
8500,0.763,-0.637,-0.094,0.998,11.2,-10.1,-5.2,15.95,ARM_SWING
8550,0.764,-0.645,-0.076,1.003,4.2,-9.6,4.5,11.40,ARM_SWING
8600,0.771,-0.641,-0.072,1.005,-9.2,7.4,13.6,18.01,ARM_SWING
8650,0.769,-0.625,-0.075,0.994,-15.8,11.5,21.9,29.35,ARM_SWING
8700,0.803,-0.637,-0.083,1.028,-23.1,15.4,25.0,37.36,ARM_SWING
8750,0.856,-0.671,-0.090,1.091,-28.3,20.7,32.5,47.81,ARM_SWING
8800,0.890,-0.666,-0.107,1.117,-36.1,26.3,50.4,67.34,ARM_SWING
8850,0.913,-0.655,-0.061,1.125,-32.4,26.3,66.7,78.68,ARM_SWING
8900,0.894,-0.666,-0.087,1.118,-29.2,26.8,80.2,89.46,ARM_SWING
8950,0.840,-0.626,-0.113,1.054,-20.1,20.7,83.0,87.87,ARM_SWING
9000,0.771,-0.605,-0.056,0.982,-23.4,22.4,73.2,80.05,ARM_SWING
9050,0.737,-0.586,-0.091,0.946,-25.7,17.7,64.4,71.56,ARM_SWING
9100,0.696,-0.559,-0.037,0.893,-20.0,11.9,42.9,48.81,ARM_SWING
9150,0.706,-0.580,-0.090,0.918,-21.2,14.7,24.0,35.24,ARM_SWING
9200,0.691,-0.589,-0.050,0.909,-17.8,5.4,6.1,19.58,ARM_SWING
9250,0.708,-0.604,-0.112,0.937,-0.4,-5.3,-8.1,9.69,ARM_SWING
9300,0.713,-0.573,-0.102,0.920,11.9,-15.5,-23.6,30.64,ARM_SWING
9350,0.701,-0.576,-0.099,0.913,9.1,-12.3,-45.6,48.10,ARM_SWING
9400,0.730,-0.537,-0.113,0.913,18.5,-20.0,-60.9,66.72,ARM_SWING
9450,0.789,-0.539,-0.095,0.960,24.3,-28.6,-87.5,95.21,ARM_SWING
9500,0.861,-0.555,-0.098,1.029,33.2,-21.6,-98.2,105.89,ARM_SWING
9550,0.917,-0.610,-0.077,1.104,43.3,-40.3,-95.9,112.68,ARM_SWING
9600,0.934,-0.636,-0.075,1.132,36.2,-37.8,-80.8,96.27,ARM_SWING
9650,0.900,-0.655,-0.059,1.115,41.5,-30.9,-63.2,81.68,ARM_SWING
9700,0.866,-0.658,-0.046,1.089,36.6,-31.9,-41.5,63.87,ARM_SWING
9750,0.818,-0.655,-0.056,1.049,27.0,-18.6,-24.5,40.93,ARM_SWING
9800,0.781,-0.642,-0.077,1.014,17.7,-12.1,-17.6,27.74,ARM_SWING
9850,0.756,-0.631,-0.110,0.991,19.8,-14.0,0.0,24.25,ARM_SWING
9900,0.752,-0.633,-0.125,0.991,9.2,-6.5,10.4,15.33,ARM_SWING
9950,0.783,-0.624,-0.140,1.011,0.4,4.1,20.0,20.42,ARM_SWING
10000,0.798,-0.599,-0.141,1.008,-4.9,6.3,31.7,32.69,ARM_SWING
10050,0.816,-0.591,-0.152,1.019,-17.5,17.2,36.6,44.06,ARM_SWING
10100,0.843,-0.627,-0.132,1.059,-26.8,16.9,41.3,52.05,ARM_SWING
10150,0.885,-0.638,-0.165,1.103,-22.4,15.6,51.0,57.85,ARM_SWING
10200,0.902,-0.675,-0.156,1.137,-21.7,14.9,70.3,75.07,ARM_SWING
10250,0.847,-0.646,-0.162,1.077,-14.1,17.6,80.2,83.31,ARM_SWING
10300,0.820,-0.601,-0.141,1.026,-11.2,9.6,78.0,79.38,ARM_SWING
10350,0.778,-0.553,-0.130,0.963,-9.0,6.0,67.2,68.06,ARM_SWING
10400,0.747,-0.510,-0.105,0.911,-17.0,10.5,45.0,49.24,ARM_SWING
10450,0.724,-0.495,-0.124,0.886,-10.0,5.1,23.1,25.68,ARM_SWING
10500,0.699,-0.511,-0.129,0.875,-12.3,7.9,-1.3,14.68,ARM_SWING
10550,0.698,-0.541,-0.106,0.889,-6.1,-6.5,-16.6,18.84,ARM_SWING
10600,0.707,-0.573,-0.124,0.918,-3.1,-4.6,-33.1,33.56,ARM_SWING
10650,0.727,-0.564,-0.088,0.924,3.7,-2.5,-45.9,46.12,ARM_SWING
10700,0.762,-0.559,-0.104,0.951,4.8,-8.9,-55.7,56.61,ARM_SWING
10750,0.781,-0.565,-0.105,0.970,16.3,-10.2,-65.0,67.78,ARM_SWING
10800,0.829,-0.592,-0.101,1.024,12.8,-6.2,-69.9,71.33,ARM_SWING
10850,0.860,-0.604,-0.119,1.058,15.1,-5.9,-64.1,66.12,ARM_SWING
10900,0.885,-0.633,-0.160,1.100,42.0,-18.4,-57.4,73.47,ARM_SWING
10950,0.863,-0.661,-0.125,1.094,20.6,-17.9,-40.1,48.51,ARM_SWING
11000,0.854,-0.666,-0.131,1.091,18.4,-15.5,-26.4,35.72,ARM_SWING
11050,0.840,-0.651,-0.132,1.071,14.7,-10.7,-9.6,20.56,ARM_SWING
11100,0.794,-0.637,-0.117,1.025,13.5,-12.3,1.4,18.32,ARM_SWING
11150,0.769,-0.619,-0.110,0.993,5.9,-11.6,9.5,16.11,ARM_SWING
11200,0.769,-0.605,-0.095,0.983,-7.7,1.2,11.9,14.22,ARM_SWING
11250,0.788,-0.590,-0.103,0.990,-8.1,-0.7,16.7,18.57,ARM_SWING
11300,0.792,-0.610,-0.101,1.005,-4.9,1.6,20.0,20.65,ARM_SWING
11350,0.809,-0.632,-0.066,1.029,-17.0,8.2,25.1,31.40,ARM_SWING
11400,0.836,-0.645,-0.051,1.057,-13.9,13.1,37.9,42.44,ARM_SWING
11450,0.854,-0.634,-0.075,1.066,-16.7,19.6,47.7,54.21,ARM_SWING
11500,0.865,-0.642,-0.091,1.081,-9.1,15.6,61.1,63.71,ARM_SWING
11550,0.858,-0.670,-0.090,1.092,-10.0,20.7,73.7,77.20,ARM_SWING
11600,0.827,-0.653,-0.089,1.057,-9.7,22.9,79.6,83.39,ARM_SWING
11650,0.763,-0.649,-0.092,1.006,-19.6,24.9,71.8,78.48,ARM_SWING
11700,0.702,-0.569,-0.125,0.912,-11.6,17.3,56.2,59.94,ARM_SWING
11750,0.658,-0.539,-0.122,0.859,-10.1,11.5,32.4,35.83,ARM_SWING
11800,0.640,-0.525,-0.131,0.838,-9.9,4.0,3.2,11.15,ARM_SWING
11850,0.677,-0.501,-0.087,0.847,-3.7,-1.8,-23.4,23.76,ARM_SWING
11900,0.725,-0.535,-0.085,0.905,-5.4,-3.0,-49.2,49.59,ARM_SWING
11950,0.798,-0.516,-0.075,0.953,2.8,-9.1,-69.3,69.95,ARM_SWING
12000,0.854,-0.535,-0.022,1.008,18.3,-15.9,-85.1,88.49,ARM_SWING
12050,0.935,-0.585,-0.014,1.103,14.6,-12.9,-87.7,89.84,ARM_SWING
12100,0.956,-0.581,-0.039,1.119,23.1,-19.3,-75.1,80.91,ARM_SWING
12150,0.947,-0.600,-0.049,1.122,31.0,-13.6,-66.9,74.98,ARM_SWING
12200,0.894,-0.609,-0.053,1.083,44.8,-22.0,-50.4,70.93,ARM_SWING
12250,0.847,-0.622,-0.083,1.054,44.7,-25.3,-43.0,66.99,ARM_SWING
12300,0.791,-0.649,-0.088,1.027,27.5,-22.6,-36.2,50.77,ARM_SWING
12350,0.778,-0.662,-0.104,1.027,18.0,-18.7,-28.5,38.55,ARM_SWING
12400,0.782,-0.671,-0.102,1.035,15.4,-23.1,-16.1,32.09,ARM_SWING
12450,0.767,-0.679,-0.084,1.028,-2.6,-9.8,1.2,10.21,ARM_SWING
12500,0.775,-0.669,-0.077,1.027,-9.1,-10.2,17.4,22.13,ARM_SWING
12550,0.773,-0.646,-0.061,1.009,-20.7,4.2,26.2,33.65,ARM_SWING
12600,0.806,-0.638,-0.049,1.029,-28.2,3.9,38.9,48.20,ARM_SWING
12650,0.857,-0.623,-0.063,1.061,-31.5,13.1,46.4,57.59,ARM_SWING
12700,0.912,-0.606,-0.067,1.097,-18.1,17.0,63.3,68.00,ARM_SWING
12750,0.936,-0.591,-0.061,1.109,-29.6,21.8,65.1,74.76,ARM_SWING
12800,0.973,-0.634,-0.067,1.163,-31.2,18.7,82.8,90.44,ARM_SWING
12850,0.969,-0.648,-0.061,1.167,-15.6,20.7,103.2,106.41,ARM_SWING
12900,0.851,-0.562,-0.114,1.026,-11.5,23.5,104.3,107.53,ARM_SWING
12950,0.720,-0.477,-0.139,0.875,-15.3,17.1,81.2,84.38,ARM_SWING
13000,0.647,-0.444,-0.150,0.799,-14.0,11.0,43.4,46.91,ARM_SWING
13050,0.649,-0.419,-0.130,0.783,-6.3,2.8,5.7,8.95,ARM_SWING
13100,0.674,-0.473,-0.140,0.835,-3.0,-6.4,-24.1,25.12,ARM_SWING
13150,0.737,-0.483,-0.153,0.894,1.4,-15.4,-60.2,62.15,ARM_SWING
13200,0.813,-0.487,-0.141,0.958,14.0,-22.9,-78.9,83.34,ARM_SWING
13250,0.909,-0.540,-0.137,1.066,21.1,-24.2,-93.0,98.39,ARM_SWING
13300,0.965,-0.574,-0.120,1.129,36.3,-32.4,-85.1,98.03,ARM_SWING
13350,0.935,-0.604,-0.112,1.119,44.6,-29.6,-81.4,97.42,ARM_SWING
13400,0.891,-0.627,-0.120,1.096,43.9,-29.4,-72.5,89.71,ARM_SWING
13450,0.859,-0.634,-0.127,1.075,52.5,-38.7,-62.4,90.26,ARM_SWING
13500,0.793,-0.661,-0.086,1.036,43.5,-41.5,-55.9,82.09,ARM_SWING
13550,0.777,-0.704,-0.043,1.049,23.5,-27.5,-43.5,56.58,ARM_SWING
13600,0.767,-0.697,-0.045,1.037,-12.4,-10.7,-24.0,29.06,ARM_SWING
13650,0.760,-0.667,-0.101,1.016,-3.0,-17.0,-4.9,17.94,ARM_SWING
13700,0.748,-0.654,-0.132,1.002,5.0,-1.8,13.0,14.04,ARM_SWING
13750,0.764,-0.655,-0.139,1.016,2.8,2.9,25.6,25.92,ARM_SWING
13800,0.772,-0.658,-0.118,1.021,-6.2,11.2,37.3,39.44,ARM_SWING
13850,0.801,-0.650,-0.120,1.039,-25.4,22.4,45.9,57.04,ARM_SWING
13900,0.855,-0.676,-0.139,1.099,-38.6,22.2,57.2,72.49,ARM_SWING
13950,0.915,-0.680,-0.121,1.146,-39.5,36.1,66.1,85.05,ARM_SWING
14000,0.947,-0.643,-0.104,1.149,-35.0,30.7,84.5,96.48,ARM_SWING
14050,0.929,-0.616,-0.108,1.120,-31.0,28.0,95.0,103.78,ARM_SWING
14100,0.874,-0.552,-0.132,1.042,-29.1,29.9,89.6,98.84,ARM_SWING
14150,0.782,-0.493,-0.081,0.928,-24.3,22.9,73.0,80.27,ARM_SWING
14200,0.712,-0.481,-0.079,0.863,-23.0,24.7,47.7,58.43,ARM_SWING
14250,0.690,-0.469,-0.074,0.838,-14.7,14.9,21.7,30.15,ARM_SWING
14300,0.673,-0.488,-0.064,0.834,-13.0,6.7,-4.4,15.27,ARM_SWING
14350,0.730,-0.506,-0.135,0.898,2.1,0.4,-29.8,29.88,ARM_SWING
14400,0.745,-0.516,-0.087,0.910,20.2,-11.9,-51.4,56.49,ARM_SWING
14450,0.796,-0.529,-0.081,0.959,27.1,-22.4,-63.2,72.32,ARM_SWING
14500,0.886,-0.570,-0.074,1.056,27.6,-27.0,-73.0,82.58,ARM_SWING
14550,0.917,-0.612,-0.105,1.107,23.4,-21.0,-76.1,82.34,ARM_SWING
14600,0.932,-0.600,-0.089,1.112,21.3,-23.4,-64.0,71.40,ARM_SWING
14650,0.902,-0.599,-0.101,1.087,26.1,-16.6,-62.1,69.38,ARM_SWING
14700,0.853,-0.589,-0.110,1.042,40.4,-31.0,-54.4,74.52,ARM_SWING
14750,0.813,-0.607,-0.096,1.019,38.6,-35.7,-49.4,72.14,ARM_SWING
14800,0.783,-0.637,-0.090,1.013,38.8,-36.5,-45.2,69.86,ARM_SWING
14850,0.764,-0.665,-0.085,1.016,32.6,-30.6,-37.8,58.55,ARM_SWING
14900,0.768,-0.692,-0.082,1.037,20.3,-21.4,-28.2,40.81,ARM_SWING
14950,0.774,-0.710,-0.083,1.054,3.5,-13.7,-8.0,16.25,ARM_SWING
15000,0.788,-0.697,-0.098,1.057,-12.1,0.7,15.4,19.60,ARM_SWING
15050,0.781,-0.664,-0.108,1.031,-10.7,3.5,34.0,35.82,ARM_SWING
15100,0.786,-0.636,-0.104,1.016,-10.5,12.1,42.4,45.33,ARM_SWING
15150,0.804,-0.650,-0.052,1.035,-13.5,21.9,50.9,57.03,ARM_SWING
15200,0.882,-0.676,-0.089,1.115,-15.1,22.1,65.3,70.57,ARM_SWING
15250,0.922,-0.666,-0.118,1.143,-9.1,20.0,82.9,85.76,ARM_SWING
15300,0.942,-0.663,-0.107,1.157,-18.6,24.2,96.6,101.31,ARM_SWING
15350,0.894,-0.595,-0.115,1.080,-17.4,22.3,103.3,107.10,ARM_SWING
15400,0.813,-0.553,-0.122,0.991,-14.3,24.6,89.6,94.01,ARM_SWING
15450,0.741,-0.510,-0.148,0.912,-13.7,16.5,66.3,69.68,ARM_SWING
15500,0.685,-0.482,-0.130,0.848,-14.7,12.9,37.8,42.56,ARM_SWING
15550,0.667,-0.485,-0.090,0.830,-14.0,4.5,2.5,14.92,ARM_SWING
15600,0.696,-0.472,-0.093,0.846,-4.2,-4.4,-26.7,27.38,ARM_SWING
15650,0.738,-0.497,-0.114,0.897,4.4,-15.0,-55.6,57.76,ARM_SWING
15700,0.783,-0.507,-0.078,0.936,8.4,-20.8,-77.9,81.07,ARM_SWING
15750,0.833,-0.553,-0.057,1.001,3.0,-17.2,-93.0,94.62,ARM_SWING
15800,0.926,-0.592,-0.072,1.101,-1.5,-12.9,-98.2,99.06,ARM_SWING
15850,0.960,-0.614,-0.103,1.144,12.3,-12.9,-82.8,84.70,ARM_SWING
15900,0.962,-0.639,-0.124,1.162,32.9,-17.2,-61.2,71.58,ARM_SWING
15950,0.887,-0.633,-0.121,1.096,57.3,-28.1,-46.2,78.79,ARM_SWING
16000,0.829,-0.637,-0.126,1.053,60.6,-32.6,-34.9,77.16,ARM_SWING
16050,0.766,-0.649,-0.144,1.014,42.2,-29.6,-29.6,59.44,ARM_SWING
16100,0.723,-0.651,-0.133,0.982,21.1,-29.5,-24.7,43.88,ARM_SWING
16150,0.722,-0.672,-0.111,0.993,18.7,-22.7,-22.3,36.91,ARM_SWING
16200,0.748,-0.695,-0.087,1.025,8.5,-12.3,-11.9,19.11,ARM_SWING
16250,0.774,-0.707,-0.064,1.050,-6.7,-0.9,6.5,9.38,ARM_SWING
16300,0.785,-0.691,-0.056,1.047,-17.7,5.5,22.3,29.00,ARM_SWING
16350,0.793,-0.668,-0.089,1.041,-13.9,11.6,35.8,40.12,ARM_SWING
16400,0.833,-0.644,-0.120,1.060,2.2,4.9,46.9,47.21,ARM_SWING
16450,0.865,-0.712,-0.067,1.122,29.0,10.9,64.9,71.92,ARM_SWING
16500,0.909,-0.720,-0.063,1.161,8.2,1.9,84.7,85.12,ARM_SWING
16550,0.929,-0.678,-0.125,1.157,-9.8,25.9,94.6,98.57,ARM_SWING
16600,0.907,-0.613,-0.119,1.101,-24.7,35.7,101.2,110.12,ARM_SWING
16650,0.833,-0.564,-0.104,1.011,-32.7,36.4,92.8,104.91,ARM_SWING
16700,0.743,-0.477,-0.103,0.889,-31.7,30.6,71.2,83.73,ARM_SWING
16750,0.669,-0.432,-0.072,0.800,-28.4,22.5,34.4,49.96,ARM_SWING
16800,0.650,-0.408,-0.054,0.769,-20.9,18.0,-1.2,27.61,ARM_SWING
16850,0.700,-0.463,-0.160,0.854,-31.5,9.5,-36.6,49.21,ARM_SWING
16900,0.763,-0.482,-0.060,0.904,-23.0,14.7,-62.3,68.02,ARM_SWING
16950,0.836,-0.515,-0.113,0.988,-9.0,4.3,-76.7,77.35,ARM_SWING
17000,0.878,-0.540,-0.125,1.038,6.5,15.8,-86.7,88.37,ARM_SWING
17050,0.899,-0.593,-0.142,1.086,17.8,-9.2,-86.9,89.18,ARM_SWING
17100,0.905,-0.631,-0.172,1.117,27.0,-16.1,-82.2,88.01,ARM_SWING
17150,0.901,-0.647,-0.138,1.118,42.7,-20.6,-72.5,86.63,ARM_SWING
17200,0.883,-0.675,-0.146,1.121,48.3,-27.6,-62.0,83.30,ARM_SWING
17250,0.832,-0.697,-0.131,1.093,28.7,-22.3,-44.7,57.61,ARM_SWING
17300,0.775,-0.699,-0.120,1.051,12.0,-18.9,-34.0,40.71,ARM_SWING
17350,0.758,-0.691,-0.119,1.033,3.4,-15.4,-20.0,25.47,ARM_SWING
17400,0.748,-0.687,-0.094,1.020,-1.9,-10.0,-7.3,12.53,ARM_SWING
17450,0.766,-0.686,-0.074,1.031,-11.2,-12.1,13.6,21.37,ARM_SWING
17500,0.782,-0.656,-0.095,1.025,-5.6,-3.2,29.9,30.59,ARM_SWING
17550,0.803,-0.649,-0.110,1.038,5.6,-2.1,40.3,40.74,ARM_SWING
17600,0.821,-0.661,-0.047,1.055,12.1,5.1,50.6,52.28,ARM_SWING
17650,0.892,-0.673,-0.090,1.121,-8.6,14.3,66.0,68.08,ARM_SWING
17700,0.940,-0.707,-0.099,1.180,-21.9,27.7,89.2,95.94,ARM_SWING
17750,0.925,-0.659,-0.098,1.140,-33.6,37.3,100.5,112.34,ARM_SWING
17800,0.860,-0.603,-0.125,1.058,-35.7,32.4,98.0,109.22,ARM_SWING
17850,0.778,-0.536,-0.088,0.949,-25.8,26.1,85.8,93.32,ARM_SWING
17900,0.711,-0.526,-0.081,0.888,-20.5,24.1,63.2,70.68,ARM_SWING
17950,0.688,-0.491,-0.094,0.850,-27.9,22.2,30.8,47.12,ARM_SWING
18000,0.684,-0.461,-0.094,0.830,-18.0,16.5,5.2,24.97,ARM_SWING
18050,0.702,-0.467,-0.097,0.849,-9.8,10.1,-25.5,29.13,ARM_SWING
18100,0.735,-0.466,-0.145,0.882,-1.1,1.6,-59.8,59.83,ARM_SWING
18150,0.795,-0.479,-0.127,0.937,4.0,-7.0,-77.7,78.12,ARM_SWING
18200,0.847,-0.513,-0.103,0.996,17.5,-10.9,-94.1,96.33,ARM_SWING
18250,0.912,-0.585,-0.150,1.094,25.4,-17.0,-99.6,104.18,ARM_SWING
18300,0.946,-0.631,-0.139,1.146,31.9,-22.3,-92.1,99.99,ARM_SWING
18350,0.938,-0.659,-0.133,1.154,45.9,-24.2,-80.7,95.94,ARM_SWING
18400,0.897,-0.681,-0.123,1.133,41.8,-29.3,-61.1,79.62,ARM_SWING
18450,0.830,-0.694,-0.109,1.087,39.6,-28.6,-43.4,65.34,ARM_SWING
18500,0.787,-0.690,-0.099,1.051,16.8,-21.4,-32.4,42.31,ARM_SWING
18550,0.757,-0.684,-0.102,1.025,14.2,-17.9,-15.0,27.33,ARM_SWING
18600,0.749,-0.693,-0.081,1.024,-0.9,-8.8,1.4,8.96,ARM_SWING
18650,0.784,-0.670,-0.083,1.035,0.8,-6.0,15.1,16.27,ARM_SWING
18700,0.809,-0.657,-0.067,1.044,-6.1,2.6,34.2,34.84,ARM_SWING
18750,0.806,-0.628,-0.053,1.023,-17.5,12.0,46.6,51.20,ARM_SWING
18800,0.824,-0.617,-0.076,1.032,-29.4,17.8,53.9,63.93,ARM_SWING
18850,0.873,-0.591,-0.076,1.057,-34.4,30.3,55.1,71.68,ARM_SWING
18900,0.913,-0.576,-0.104,1.085,-22.4,22.5,66.3,73.51,ARM_SWING
18950,0.913,-0.597,-0.118,1.097,-3.2,26.9,72.7,77.58,ARM_SWING
19000,0.895,-0.614,-0.111,1.091,2.3,21.7,79.7,82.63,ARM_SWING
19050,0.821,-0.539,-0.118,0.989,-8.2,17.3,72.9,75.37,ARM_SWING
19100,0.780,-0.470,-0.139,0.921,-8.4,11.4,53.8,55.63,ARM_SWING
19150,0.733,-0.453,-0.129,0.871,-14.0,7.7,19.1,24.90,ARM_SWING
19200,0.726,-0.452,-0.146,0.868,-8.4,-6.5,-9.9,14.52,ARM_SWING
19250,0.752,-0.461,-0.137,0.893,-2.0,-12.1,-20.2,23.63,ARM_SWING
19300,0.780,-0.504,-0.093,0.933,-2.2,-15.7,-57.1,59.26,ARM_SWING
19350,0.816,-0.522,-0.074,0.972,6.4,-18.2,-76.1,78.51,ARM_SWING
19400,0.871,-0.564,-0.069,1.040,8.1,-19.7,-83.8,86.46,ARM_SWING
19450,0.901,-0.583,-0.055,1.075,19.6,-23.8,-75.0,81.09,ARM_SWING
19500,0.907,-0.623,-0.067,1.102,32.1,-21.5,-60.6,71.87,ARM_SWING
19550,0.879,-0.622,-0.055,1.078,39.4,-15.7,-45.9,62.50,ARM_SWING
19600,0.857,-0.617,-0.077,1.059,44.8,-21.0,-29.0,57.35,ARM_SWING
19650,0.795,-0.615,-0.084,1.009,33.7,-11.6,-24.7,43.36,ARM_SWING
19700,0.780,-0.630,-0.113,1.009,14.5,-5.6,-24.7,29.18,ARM_SWING
19750,0.775,-0.632,-0.149,1.011,5.8,-0.7,-17.9,18.83,ARM_SWING
19800,0.779,-0.648,-0.150,1.024,1.3,-9.2,-4.1,10.16,ARM_SWING
19850,0.791,-0.653,-0.135,1.035,-1.8,-6.7,4.7,8.38,ARM_SWING
19900,0.804,-0.645,-0.117,1.037,-8.6,-0.8,17.0,19.07,ARM_SWING
19950,0.784,-0.626,-0.099,1.008,-20.5,10.2,23.1,32.53,ARM_SWING
20000,0.800,-0.617,-0.081,1.014,-29.4,9.6,30.1,43.16,ARM_SWING
20050,0.852,-0.608,-0.075,1.049,-27.1,12.6,37.6,48.03,ARM_SWING
20100,0.872,-0.609,-0.068,1.066,-37.4,19.2,45.1,61.66,ARM_SWING
20150,0.907,-0.568,-0.105,1.075,-26.6,15.2,53.9,62.00,ARM_SWING
20200,0.907,-0.559,-0.103,1.070,-12.7,10.3,58.5,60.74,ARM_SWING
20250,0.891,-0.558,-0.098,1.056,-9.6,9.0,64.7,66.02,ARM_SWING
20300,0.860,-0.512,-0.069,1.003,-16.5,13.5,61.3,64.90,ARM_SWING
20350,0.802,-0.472,-0.113,0.937,-13.7,12.1,49.2,52.49,ARM_SWING
20400,0.759,-0.447,-0.123,0.889,-15.1,9.5,23.2,29.27,ARM_SWING
20450,0.753,-0.464,-0.156,0.898,-2.0,-1.1,-0.6,2.36,ARM_SWING
20500,0.772,-0.472,-0.157,0.918,10.1,-14.1,-19.8,26.32,ARM_SWING
20550,0.807,-0.501,-0.135,0.959,15.9,-16.5,-40.8,46.79,ARM_SWING
20600,0.842,-0.490,-0.103,0.980,26.8,-24.5,-54.3,65.32,ARM_SWING
20650,0.846,-0.531,-0.077,1.002,32.9,-27.0,-63.6,76.53,ARM_SWING
20700,0.846,-0.556,-0.057,1.014,34.9,-28.7,-68.3,81.89,ARM_SWING
20750,0.843,-0.589,-0.041,1.029,37.5,-27.7,-69.4,83.61,ARM_SWING
20800,0.853,-0.635,-0.052,1.065,36.0,-21.3,-67.2,79.16,ARM_SWING
20850,0.837,-0.665,-0.065,1.071,35.1,-17.7,-52.9,65.91,ARM_SWING
20900,0.820,-0.683,-0.083,1.070,26.7,-14.1,-35.7,46.76,ARM_SWING
20950,0.802,-0.691,-0.113,1.065,20.3,-11.4,-18.4,29.68,ARM_SWING
21000,0.775,-0.686,-0.125,1.043,10.4,-6.9,-2.9,12.81,ARM_SWING
21050,0.777,-0.673,-0.126,1.036,2.1,-4.6,9.7,10.94,ARM_SWING
21100,0.795,-0.656,-0.117,1.037,-5.5,-1.6,21.7,22.44,ARM_SWING
21150,0.801,-0.644,-0.093,1.032,-14.2,4.6,30.3,33.78,ARM_SWING
21200,0.808,-0.632,-0.080,1.029,-29.6,12.2,34.7,47.21,ARM_SWING
21250,0.821,-0.639,0.009,1.040,-46.9,23.2,43.4,67.98,ARM_SWING
21300,0.886,-0.639,-0.069,1.095,-44.7,25.6,54.5,74.99,ARM_SWING
21350,0.887,-0.593,-0.048,1.068,-41.7,28.7,64.6,82.07,ARM_SWING
21400,0.857,-0.591,-0.061,1.043,-38.0,28.7,68.7,83.59,ARM_SWING
21450,0.821,-0.551,-0.045,0.990,-37.0,28.7,66.7,81.50,ARM_SWING
21500,0.785,-0.515,-0.081,0.942,-32.6,26.5,52.7,67.40,ARM_SWING
21550,0.752,-0.481,-0.054,0.894,-29.4,23.6,33.5,50.43,ARM_SWING
21600,0.751,-0.489,-0.092,0.901,-26.0,21.5,12.1,35.84,ARM_SWING
21650,0.770,-0.484,-0.086,0.914,-16.0,13.8,-5.8,21.91,ARM_SWING
21700,0.800,-0.498,-0.125,0.951,-7.9,5.0,-18.5,20.73,ARM_SWING
21750,0.810,-0.502,-0.122,0.961,5.1,-3.0,-30.1,30.68,ARM_SWING
21800,0.826,-0.518,-0.140,0.985,16.7,-13.0,-40.9,46.05,ARM_SWING
21850,0.831,-0.534,-0.129,0.996,28.0,-22.9,-48.0,60.10,ARM_SWING
21900,0.831,-0.561,-0.124,1.010,32.8,-28.0,-53.7,68.87,ARM_SWING
21950,0.837,-0.581,-0.110,1.025,32.9,-30.1,-56.2,71.74,ARM_SWING
22000,0.860,-0.609,-0.111,1.060,40.2,-33.4,-51.9,73.66,ARM_SWING
22050,0.853,-0.629,-0.081,1.063,47.9,-35.4,-39.2,71.30,ARM_SWING
22100,0.831,-0.671,-0.068,1.070,43.2,-29.3,-25.6,58.14,ARM_SWING
22150,0.800,-0.622,-0.069,1.016,26.5,-20.5,-15.8,37.04,ARM_SWING
22200,0.783,-0.614,-0.088,0.999,22.1,-15.7,-10.1,28.93,ARM_SWING
22250,0.771,-0.634,-0.077,1.001,17.0,-9.6,-5.7,20.34,ARM_SWING
22300,0.776,-0.632,-0.082,1.004,5.1,-2.0,-0.9,5.55,ARM_SWING
22350,0.795,-0.622,-0.131,1.018,-2.1,10.3,5.6,11.91,ARM_SWING
22400,0.808,-0.581,-0.108,1.001,-13.5,13.9,13.4,23.56,ARM_SWING
22450,0.819,-0.596,-0.154,1.025,-18.3,14.7,20.9,31.43,ARM_SWING
22500,0.815,-0.617,-0.113,1.028,-26.1,19.4,24.6,40.78,ARM_SWING
22550,0.834,-0.632,-0.101,1.051,-30.1,19.3,30.9,47.26,ARM_SWING
22600,0.849,-0.605,-0.087,1.046,-29.4,20.0,39.6,53.22,ARM_SWING
22650,0.833,-0.598,-0.096,1.030,-24.5,17.2,45.9,54.80,ARM_SWING
22700,0.812,-0.595,-0.090,1.011,-17.9,11.2,47.2,51.71,ARM_SWING
22750,0.812,-0.557,-0.066,0.987,-16.0,11.2,42.6,46.86,ARM_SWING
22800,0.796,-0.559,-0.075,0.976,-11.6,2.8,35.7,37.64,ARM_SWING
22850,0.790,-0.534,-0.083,0.957,-8.7,1.0,26.1,27.53,ARM_SWING
22900,0.765,-0.507,-0.051,0.919,-6.5,-0.8,14.2,15.64,ARM_SWING
22950,0.773,-0.510,-0.093,0.931,-3.8,-3.9,0.0,5.45,ARM_SWING
23000,0.783,-0.519,-0.103,0.945,2.5,-6.3,-14.9,16.37,ARM_SWING
23050,0.801,-0.528,-0.112,0.966,10.0,-10.9,-25.1,29.13,ARM_SWING
23100,0.827,-0.521,-0.108,0.983,16.5,-15.7,-36.8,43.28,ARM_SWING
23150,0.829,-0.528,-0.088,0.987,27.4,-20.7,-44.8,56.45,ARM_SWING
23200,0.843,-0.538,-0.095,1.005,35.6,-23.6,-48.0,64.25,ARM_SWING
23250,0.822,-0.579,-0.092,1.010,39.6,-25.3,-49.2,68.04,ARM_SWING
23300,0.823,-0.582,-0.094,1.012,40.9,-24.6,-52.2,70.73,ARM_SWING
23350,0.800,-0.621,-0.092,1.017,35.6,-22.4,-53.9,68.37,ARM_SWING
23400,0.793,-0.629,-0.100,1.017,30.1,-21.4,-50.1,62.24,ARM_SWING
23450,0.791,-0.664,-0.106,1.038,8.7,-15.8,-40.5,44.33,ARM_SWING
23500,0.801,-0.711,-0.093,1.075,-1.1,-9.8,-25.1,26.97,ARM_SWING
23550,0.818,-0.698,-0.087,1.079,-7.0,-3.8,-5.2,9.51,ARM_SWING
23600,0.822,-0.683,-0.082,1.072,-8.4,1.8,20.3,22.04,ARM_SWING
23650,0.818,-0.643,-0.076,1.043,-15.4,7.9,37.2,41.03,ARM_SWING
23700,0.826,-0.617,-0.074,1.034,-21.3,11.4,46.9,52.76,ARM_SWING
23750,0.860,-0.599,-0.081,1.051,-22.1,18.4,53.9,61.09,ARM_SWING
23800,0.889,-0.595,-0.055,1.071,-29.5,23.4,57.0,68.31,ARM_SWING
23850,0.905,-0.585,-0.115,1.084,-27.0,19.8,65.3,73.38,ARM_SWING
23900,0.883,-0.575,-0.072,1.056,-20.7,18.2,71.5,76.63,ARM_SWING
23950,0.837,-0.565,-0.056,1.011,-22.1,20.3,67.3,73.69,ARM_SWING
24000,0.784,-0.545,-0.062,0.957,-22.6,21.4,54.4,62.67,ARM_SWING
24050,0.729,-0.526,-0.050,0.900,-17.1,18.3,38.7,46.10,ARM_SWING
24100,0.691,-0.530,-0.067,0.873,-20.7,16.1,16.3,30.88,ARM_SWING
24150,0.675,-0.519,-0.118,0.860,-8.8,6.2,-3.4,11.29,ARM_SWING
24200,0.706,-0.545,-0.109,0.899,-4.5,-1.3,-25.2,25.63,ARM_SWING
24250,0.758,-0.588,-0.122,0.967,2.3,-8.4,-39.8,40.74,ARM_SWING
24300,0.779,-0.580,-0.101,0.976,11.6,-14.0,-49.8,53.02,ARM_SWING
24350,0.808,-0.582,-0.094,1.000,15.4,-17.9,-58.1,62.72,ARM_SWING
24400,0.849,-0.581,-0.097,1.033,22.5,-21.7,-61.6,69.08,ARM_SWING
24450,0.898,-0.572,-0.076,1.067,53.6,-27.5,-55.7,82.05,ARM_SWING
24500,0.915,-0.572,-0.052,1.080,63.4,-34.3,-43.2,84.04,ARM_SWING
24550,0.868,-0.596,-0.036,1.054,65.1,-29.8,-33.8,79.17,ARM_SWING
24600,0.787,-0.603,-0.042,0.992,40.6,-18.2,-32.9,55.34,ARM_SWING
24650,0.772,-0.576,-0.077,0.966,15.6,-14.2,-35.1,40.95,ARM_SWING
24700,0.749,-0.620,-0.085,0.976,14.3,-14.4,-34.5,40.03,ARM_SWING
24750,0.742,-0.647,-0.089,0.988,3.2,-12.6,-29.1,31.87,ARM_SWING
24800,0.780,-0.674,-0.102,1.036,-4.4,-8.7,-19.2,21.53,ARM_SWING
24850,0.850,-0.669,-0.105,1.087,-6.3,-8.4,1.8,10.65,ARM_SWING
24900,0.863,-0.671,-0.090,1.097,1.1,-2.8,24.8,24.98,ARM_SWING
24950,0.837,-0.643,-0.088,1.059,-11.6,6.1,41.3,43.33,ARM_SWING
25000,0.820,-0.592,-0.097,1.016,-24.9,11.4,47.3,54.66,ARM_SWING
25050,0.840,-0.571,-0.111,1.022,-18.0,8.4,48.7,52.60,ARM_SWING
25100,0.862,-0.598,-0.083,1.052,-16.9,8.8,51.9,55.29,ARM_SWING
25150,0.880,-0.586,-0.039,1.058,-10.2,8.3,57.7,59.18,ARM_SWING
25200,0.852,-0.563,-0.058,1.023,-9.9,12.6,60.6,62.68,ARM_SWING
25250,0.804,-0.523,-0.080,0.962,-11.6,15.8,51.7,55.29,ARM_SWING
25300,0.778,-0.478,-0.086,0.917,-12.1,14.9,33.9,38.96,ARM_SWING
25350,0.767,-0.475,-0.099,0.908,-10.6,11.1,13.0,20.11,ARM_SWING
25400,0.784,-0.482,-0.112,0.927,-7.4,3.6,-6.2,10.30,ARM_SWING
25450,0.799,-0.529,-0.149,0.970,-0.5,0.6,-19.9,19.92,ARM_SWING
25500,0.801,-0.532,-0.136,0.971,1.1,-2.7,-33.1,33.23,ARM_SWING
25550,0.824,-0.512,-0.105,0.976,0.4,-6.1,-47.4,47.79,ARM_SWING
25600,0.826,-0.517,-0.126,0.983,9.6,-11.8,-55.0,57.06,ARM_SWING
25650,0.843,-0.564,-0.110,1.020,19.4,-15.6,-59.5,64.50,ARM_SWING
25700,0.844,-0.587,-0.106,1.034,22.1,-16.8,-60.4,66.47,ARM_SWING
25750,0.832,-0.606,-0.092,1.033,21.4,-19.3,-56.6,63.51,ARM_SWING
25800,0.831,-0.630,-0.091,1.047,22.3,-21.0,-48.4,57.28,ARM_SWING
25850,0.816,-0.659,-0.069,1.051,18.6,-19.6,-34.0,43.43,ARM_SWING
25900,0.816,-0.665,-0.064,1.055,10.8,-13.0,-16.7,23.76,ARM_SWING
25950,0.808,-0.664,-0.063,1.048,4.5,-7.0,1.6,8.47,ARM_SWING
26000,0.805,-0.634,-0.076,1.028,0.0,-2.7,17.1,17.31,ARM_SWING
26050,0.803,-0.610,-0.063,1.010,-0.4,1.4,28.9,28.94,ARM_SWING
26100,0.785,-0.601,-0.059,0.990,-5.7,7.1,32.9,34.14,ARM_SWING
26150,0.815,-0.617,-0.082,1.025,-11.1,9.7,34.7,37.70,ARM_SWING
26200,0.872,-0.626,-0.083,1.077,-20.4,16.4,40.7,48.39,ARM_SWING
26250,0.920,-0.623,-0.079,1.114,-26.1,21.4,51.1,61.24,ARM_SWING
26300,0.939,-0.578,-0.085,1.106,-20.1,20.7,64.3,70.48,ARM_SWING
26350,0.897,-0.542,-0.110,1.054,-22.8,19.3,70.0,76.11,ARM_SWING
26400,0.842,-0.527,-0.096,0.998,-19.3,16.4,62.5,67.44,ARM_SWING
26450,0.791,-0.560,-0.103,0.975,-8.5,11.4,53.9,55.74,ARM_SWING
26500,0.728,-0.537,-0.112,0.912,-12.1,8.0,38.2,40.86,ARM_SWING
26550,0.678,-0.520,-0.087,0.859,-9.6,3.9,13.0,16.62,ARM_SWING
26600,0.669,-0.512,-0.077,0.846,-2.0,-3.7,-12.3,13.00,ARM_SWING
26650,0.711,-0.509,-0.073,0.877,8.1,-10.6,-34.5,36.99,ARM_SWING
26700,0.874,-0.529,-0.079,1.025,7.0,-13.1,-54.7,56.68,ARM_SWING
26750,0.810,-0.536,-0.091,0.976,12.1,-16.5,-70.6,73.51,ARM_SWING
26800,0.865,-0.574,-0.097,1.043,14.9,-18.5,-76.5,80.10,ARM_SWING
26850,0.903,-0.605,-0.088,1.090,18.6,-20.0,-70.7,75.79,ARM_SWING
26900,0.921,-0.637,-0.085,1.123,29.4,-21.7,-57.0,67.71,ARM_SWING
26950,0.879,-0.647,-0.076,1.094,34.4,-20.3,-38.0,55.13,ARM_SWING
27000,0.828,-0.628,-0.081,1.042,39.3,-16.5,-20.8,47.43,ARM_SWING
27050,0.784,-0.616,-0.100,1.002,20.7,-12.7,-13.6,27.83,ARM_SWING
27100,0.757,-0.607,-0.101,0.976,9.3,-11.6,-13.0,19.75,ARM_SWING
27150,0.755,-0.621,-0.092,0.982,5.1,-10.5,-10.0,15.37,ARM_SWING
27200,0.779,-0.639,-0.081,1.011,-2.5,-6.6,-3.6,7.92,ARM_SWING
27250,0.804,-0.642,-0.074,1.032,-11.0,-1.4,7.9,13.62,ARM_SWING
27300,0.810,-0.634,-0.069,1.031,-16.5,4.9,18.8,25.49,ARM_SWING
27350,0.805,-0.615,-0.044,1.014,-18.4,11.0,27.8,35.11,ARM_SWING
27400,0.847,-0.638,-0.070,1.063,-15.2,14.4,40.3,45.41,ARM_SWING
27450,0.872,-0.663,-0.087,1.099,-15.1,14.9,56.8,60.63,ARM_SWING
27500,0.914,-0.710,-0.006,1.157,-16.7,16.3,74.2,77.78,ARM_SWING
27550,0.898,-0.679,-0.057,1.127,-16.9,19.9,90.2,93.90,ARM_SWING
27600,0.839,-0.647,-0.078,1.062,-13.7,18.1,96.1,98.74,ARM_SWING
27650,0.753,-0.576,-0.113,0.955,-13.5,12.0,86.8,88.66,ARM_SWING
27700,0.646,-0.521,-0.108,0.837,-15.6,11.6,59.8,62.88,ARM_SWING
27750,0.601,-0.479,-0.101,0.775,-17.9,10.1,21.1,29.46,ARM_SWING
27800,0.617,-0.483,-0.086,0.788,-8.7,17.1,-12.7,23.01,ARM_SWING
27850,0.686,-0.532,-0.134,0.878,-2.5,-5.6,-42.7,43.14,ARM_SWING
27900,0.736,-0.609,-0.090,0.960,0.2,-8.7,-59.7,60.33,ARM_SWING
27950,0.769,-0.602,-0.093,0.981,7.0,-10.5,-71.0,72.11,ARM_SWING
28000,0.805,-0.615,-0.080,1.016,11.8,-14.0,-77.5,79.63,ARM_SWING
28050,0.843,-0.642,-0.077,1.062,10.9,-16.8,-77.7,80.24,ARM_SWING
28100,0.897,-0.670,-0.090,1.123,19.6,-18.1,-65.4,70.63,ARM_SWING
28150,0.875,-0.681,-0.084,1.112,27.3,-14.9,-47.1,56.44,ARM_SWING
28200,0.833,-0.644,-0.081,1.056,23.4,-14.7,-31.5,41.90,ARM_SWING
28250,0.782,-0.628,-0.088,1.007,29.5,-15.4,-24.3,41.21,ARM_SWING
28300,0.760,-0.640,-0.094,0.998,16.1,-11.9,-22.4,30.04,ARM_SWING
28350,0.763,-0.641,-0.111,1.003,4.3,-6.5,-20.6,22.02,ARM_SWING
28400,0.792,-0.647,-0.119,1.030,2.8,-6.4,-10.3,12.45,ARM_SWING
28450,0.814,-0.645,-0.118,1.045,-1.3,-4.0,2.2,4.75,ARM_SWING
28500,0.818,-0.630,-0.113,1.039,-11.2,2.5,12.6,17.04,ARM_SWING
28550,0.789,-0.584,-0.051,0.983,-19.6,6.1,24.2,31.73,ARM_SWING
28600,0.819,-0.605,-0.098,1.023,-11.4,6.0,31.6,34.13,ARM_SWING
28650,0.829,-0.617,-0.087,1.037,-11.1,7.0,38.8,40.96,ARM_SWING
28700,0.842,-0.600,-0.088,1.038,-9.0,8.8,44.3,46.05,ARM_SWING
28750,0.836,-0.602,-0.073,1.033,-14.7,11.5,48.5,51.97,ARM_SWING
28800,0.832,-0.588,-0.073,1.021,-14.1,9.3,51.1,53.82,ARM_SWING
28850,0.809,-0.593,-0.065,1.005,-11.6,10.6,51.3,53.65,ARM_SWING
28900,0.777,-0.552,-0.076,0.956,-13.6,12.0,41.5,45.29,ARM_SWING
28950,0.746,-0.530,-0.117,0.923,-8.3,7.7,28.4,30.57,ARM_SWING
29000,0.741,-0.513,-0.111,0.908,-12.1,5.4,6.8,14.89,ARM_SWING
29050,0.756,-0.513,-0.141,0.924,-0.7,-5.6,-10.6,12.01,ARM_SWING
29100,0.783,-0.526,-0.136,0.953,7.0,-12.4,-28.1,31.50,ARM_SWING
29150,0.823,-0.519,-0.128,0.981,12.6,-20.7,-44.1,50.32,ARM_SWING
29200,0.846,-0.545,-0.133,1.015,24.1,-28.6,-53.5,65.28,ARM_SWING
29250,0.863,-0.550,-0.107,1.029,27.8,-31.7,-57.6,71.38,ARM_SWING
29300,0.874,-0.562,-0.104,1.044,38.8,-35.8,-56.4,77.25,ARM_SWING
29350,0.842,-0.590,-0.098,1.033,43.7,-35.2,-52.4,76.78,ARM_SWING
29400,0.812,-0.604,-0.088,1.016,36.9,-29.8,-49.2,68.34,ARM_SWING
29450,0.787,-0.622,-0.079,1.006,31.3,-26.5,-48.6,63.59,ARM_SWING
29500,0.783,-0.650,-0.086,1.021,11.7,-18.2,-42.8,47.96,ARM_SWING
29550,0.791,-0.665,-0.103,1.039,8.5,-13.7,-27.7,32.05,ARM_SWING
29600,0.808,-0.678,-0.104,1.060,5.7,-9.3,-9.3,14.33,ARM_SWING
29650,0.815,-0.664,-0.104,1.056,0.6,-2.2,12.1,12.31,ARM_SWING
29700,0.811,-0.632,-0.104,1.033,-4.9,5.0,28.0,28.86,ARM_SWING
29750,0.788,-0.604,-0.096,0.997,-12.4,12.3,36.3,40.28,ARM_SWING
29800,0.788,-0.610,-0.095,1.001,-22.5,17.5,38.0,47.50,ARM_SWING
29850,0.854,-0.638,-0.080,1.069,-28.4,20.5,44.9,56.95,ARM_SWING
29900,0.996,-0.641,-0.048,1.185,-21.7,22.4,61.9,69.31,ARM_SWING
29950,0.909,-0.647,-0.123,1.123,-11.9,21.6,77.2,81.04,ARM_SWING
Recording stopped

Samples dumped: 600
