
Recording started
time,accelX,accelY,accelZ,accelMagnitude,gyroX,gyroY,gyroZ,gyroMagnitude,activity
0,0.599,-0.581,-0.338,0.900,2.8,-30.0,27.7,40.93,ARM_SWING
50,0.606,-0.573,-0.345,0.903,0.4,-15.9,8.7,18.13,ARM_SWING
100,0.586,-0.543,-0.319,0.860,-1.0,-6.3,-4.9,8.04,ARM_SWING
150,0.605,-0.499,-0.328,0.850,-2.1,0.8,-24.9,25.00,ARM_SWING
200,0.623,-0.526,-0.349,0.887,5.3,6.6,-41.6,42.45,ARM_SWING
250,0.668,-0.545,-0.344,0.928,3.8,22.3,-57.8,62.07,ARM_SWING
300,0.728,-0.571,-0.345,0.987,-3.2,32.2,-66.3,73.78,ARM_SWING
350,0.789,-0.551,-0.377,1.034,-12.8,43.3,-70.4,83.64,ARM_SWING
400,0.821,-0.547,-0.386,1.059,-9.0,35.1,-74.8,83.11,ARM_SWING
450,0.871,-0.540,-0.367,1.089,8.6,18.2,-68.8,71.68,ARM_SWING
500,0.871,-0.544,-0.347,1.084,21.4,13.1,-61.9,66.79,ARM_SWING
550,0.849,-0.517,-0.301,1.039,32.9,6.5,-52.6,62.38,ARM_SWING
600,0.830,-0.494,-0.303,1.012,34.4,3.7,-48.8,59.82,ARM_SWING
650,0.829,-0.475,-0.292,0.999,31.0,-1.8,-40.8,51.27,ARM_SWING
700,0.827,-0.462,-0.286,0.990,30.4,-5.2,-34.4,46.20,ARM_SWING
750,0.797,-0.456,-0.314,0.970,22.0,1.1,-28.4,35.94,ARM_SWING
800,0.840,-0.445,-0.360,1.016,5.8,4.4,-20.5,21.75,ARM_SWING
850,0.898,-0.409,-0.319,1.037,15.4,-7.5,-14.1,22.19,ARM_SWING
900,0.890,-0.398,-0.300,1.020,17.0,-16.5,-0.6,23.70,ARM_SWING
950,0.842,-0.349,-0.302,0.960,20.0,-16.7,4.4,26.42,ARM_SWING
1000,0.797,-0.423,-0.349,0.967,20.5,-16.4,7.0,27.17,ARM_SWING
1050,0.703,-0.524,-0.353,0.945,16.5,-23.2,14.0,31.73,ARM_SWING
1100,0.790,-0.609,-0.418,1.082,4.1,-22.6,28.9,36.92,ARM_SWING
1150,0.843,-0.627,-0.404,1.126,-10.8,-25.7,51.0,58.12,ARM_SWING
1200,0.843,-0.591,-0.359,1.090,-19.2,-23.8,62.5,69.58,ARM_SWING
1250,0.817,-0.602,-0.318,1.063,-39.3,-13.3,71.9,83.01,ARM_SWING
1300,0.833,-0.562,-0.331,1.058,-35.7,-18.9,75.8,85.89,ARM_SWING
1350,0.799,-0.542,-0.355,1.029,-22.1,-25.3,72.3,79.72,ARM_SWING
1400,0.788,-0.551,-0.448,1.061,-16.3,-35.2,70.8,80.73,ARM_SWING
1450,0.796,-0.569,-0.389,1.053,-18.1,-30.0,64.0,72.96,ARM_SWING
1500,0.745,-0.583,-0.431,1.040,-10.4,-25.8,69.3,74.67,ARM_SWING
1550,0.700,-0.602,-0.465,1.034,-5.4,-22.4,71.4,75.03,ARM_SWING
1600,0.645,-0.616,-0.448,0.998,-10.0,-3.5,70.2,70.99,ARM_SWING
1650,0.590,-0.638,-0.417,0.964,-3.4,-24.9,72.5,76.73,ARM_SWING
1700,0.549,-0.654,-0.354,0.924,-0.5,-11.9,66.0,67.07,ARM_SWING
1750,0.492,-0.629,-0.394,0.890,-7.7,-8.1,57.6,58.67,ARM_SWING
1800,0.489,-0.581,-0.365,0.843,-11.2,3.1,40.8,42.42,ARM_SWING
1850,0.438,-0.563,-0.320,0.782,-15.4,15.1,23.3,31.75,ARM_SWING
1900,0.442,-0.552,-0.422,0.823,0.8,20.1,1.1,20.15,ARM_SWING
1950,0.424,-0.582,-0.468,0.859,1.3,17.6,-20.0,26.67,ARM_SWING
2000,0.449,-0.637,-0.457,0.903,19.6,16.3,-41.3,48.53,ARM_SWING
2050,0.493,-0.722,-0.476,0.995,12.2,23.0,-50.5,56.82,ARM_SWING
2100,0.539,-0.707,-0.517,1.028,10.8,20.0,-50.9,55.74,ARM_SWING
2150,0.525,-0.697,-0.700,1.119,10.2,18.9,-59.0,62.79,ARM_SWING
2200,0.582,-0.701,-0.502,1.040,-8.1,12.8,-62.3,64.12,ARM_SWING
2250,0.603,-0.665,-0.466,1.011,2.5,14.4,-64.4,66.04,ARM_SWING
2300,0.668,-0.570,-0.438,0.981,19.9,11.5,-72.5,76.06,ARM_SWING
2350,0.721,-0.549,-0.366,0.977,24.6,7.6,-87.0,90.73,ARM_SWING
2400,0.769,-0.578,-0.334,1.018,26.4,6.5,-90.7,94.69,ARM_SWING
2450,0.789,-0.591,-0.345,1.044,30.3,7.7,-85.6,91.13,ARM_SWING
2500,0.826,-0.606,-0.380,1.093,34.8,7.3,-78.8,86.45,ARM_SWING
2550,0.829,-0.584,-0.345,1.071,29.1,5.0,-72.1,77.91,ARM_SWING
2600,0.835,-0.532,-0.333,1.045,34.0,3.2,-52.1,62.29,ARM_SWING
2650,0.851,-0.489,-0.285,1.022,20.1,-1.0,-32.9,38.57,ARM_SWING
2700,0.854,-0.435,-0.272,0.996,6.4,-4.0,-13.6,15.55,ARM_SWING
2750,0.861,-0.421,-0.281,0.999,14.4,-5.9,-7.3,17.19,ARM_SWING
2800,0.819,-0.402,-0.283,0.955,1.4,-5.4,-5.1,7.56,ARM_SWING
2850,0.805,-0.445,-0.330,0.977,-5.3,3.5,1.6,6.55,ARM_SWING
2900,0.814,-0.508,-0.390,1.036,-11.4,1.1,10.1,15.27,ARM_SWING
2950,0.838,-0.528,-0.402,1.069,-6.0,-9.3,24.0,26.43,ARM_SWING
3000,0.848,-0.534,-0.405,1.081,-0.4,-17.1,41.3,44.70,ARM_SWING
3050,0.833,-0.531,-0.386,1.061,-5.1,-20.2,53.7,57.60,ARM_SWING
3100,0.813,-0.503,-0.355,1.020,-18.0,-20.7,54.3,60.84,ARM_SWING
3150,0.854,-0.526,-0.360,1.066,-8.6,-28.6,58.9,66.04,ARM_SWING
3200,0.805,-0.527,-0.316,1.013,-8.7,-29.6,62.2,69.43,ARM_SWING
3250,0.736,-0.508,-0.333,0.954,-11.1,-23.1,60.3,65.52,ARM_SWING
3300,0.725,-0.533,-0.364,0.971,-1.2,-26.5,49.8,56.42,ARM_SWING
3350,0.719,-0.515,-0.255,0.920,28.8,-37.0,44.8,64.85,ARM_SWING
3400,0.718,-0.662,-0.435,1.069,22.1,-41.3,50.8,69.10,ARM_SWING
3450,0.711,-0.698,-0.429,1.085,28.4,-41.5,58.4,77.07,ARM_SWING
3500,0.650,-0.657,-0.475,1.039,24.0,-33.7,65.5,77.47,ARM_SWING
3550,0.573,-0.651,-0.419,0.963,3.8,-19.3,56.8,60.11,ARM_SWING
3600,0.529,-0.582,-0.387,0.877,-7.9,-18.8,44.0,48.50,ARM_SWING
3650,0.510,-0.574,-0.340,0.840,-4.4,-7.7,21.7,23.44,ARM_SWING
3700,0.514,-0.556,-0.292,0.812,-8.3,-0.5,1.9,8.53,ARM_SWING
3750,0.526,-0.542,-0.327,0.823,-10.5,9.8,-14.1,20.13,ARM_SWING
3800,0.523,-0.552,-0.311,0.822,-13.2,19.1,-32.4,39.86,ARM_SWING
3850,0.569,-0.621,-0.333,0.906,-8.6,30.8,-44.5,54.80,ARM_SWING
3900,0.621,-0.600,-0.399,0.951,-1.0,40.6,-53.9,67.49,ARM_SWING
3950,0.668,-0.608,-0.417,0.995,4.1,45.2,-68.8,82.42,ARM_SWING
4000,0.752,-0.622,-0.511,1.102,-1.7,33.3,-78.9,85.66,ARM_SWING
4050,0.796,-0.649,-0.430,1.113,13.4,18.4,-84.2,87.22,ARM_SWING
4100,0.775,-0.682,-0.422,1.115,17.3,21.4,-74.2,79.14,ARM_SWING
4150,0.785,-0.645,-0.416,1.098,8.8,19.1,-59.2,62.82,ARM_SWING
4200,0.777,-0.619,-0.363,1.058,-1.8,17.3,-49.9,52.84,ARM_SWING
4250,0.802,-0.584,-0.345,1.050,-1.4,6.4,-37.1,37.67,ARM_SWING
4300,0.799,-0.565,-0.327,1.032,5.3,-0.6,-24.8,25.37,ARM_SWING
4350,0.801,-0.544,-0.298,1.013,5.3,1.1,-20.7,21.40,ARM_SWING
4400,0.777,-0.511,-0.290,0.974,-6.7,-7.7,-12.1,15.83,ARM_SWING
4450,0.762,-0.440,-0.296,0.928,3.9,-4.8,-10.9,12.53,ARM_SWING
4500,0.785,-0.470,-0.316,0.968,10.6,-1.4,-8.8,13.85,ARM_SWING
4550,0.845,-0.475,-0.335,1.026,7.9,-2.5,-2.5,8.66,ARM_SWING
4600,0.851,-0.495,-0.336,1.040,12.3,-7.2,8.6,16.65,ARM_SWING
4650,0.805,-0.511,-0.361,1.020,0.4,-0.4,17.0,17.01,ARM_SWING
4700,0.774,-0.504,-0.376,0.997,1.7,-5.0,28.1,28.59,ARM_SWING
4750,0.769,-0.526,-0.379,1.006,4.6,-15.4,27.7,32.03,ARM_SWING
4800,0.806,-0.556,-0.365,1.045,7.7,-25.7,32.0,41.76,ARM_SWING
4850,0.823,-0.566,-0.338,1.054,9.9,-30.4,37.8,49.51,ARM_SWING
4900,0.828,-0.600,-0.340,1.078,3.3,-29.4,48.5,56.81,ARM_SWING
4950,0.749,-0.605,-0.367,1.030,-6.2,-20.5,58.0,61.83,ARM_SWING
5000,0.721,-0.627,-0.373,1.026,-12.6,-33.3,56.1,66.44,ARM_SWING
5050,0.728,-0.687,-0.393,1.075,-15.9,-36.4,61.1,72.88,ARM_SWING
5100,0.716,-0.720,-0.394,1.089,6.0,-37.1,68.6,78.22,ARM_SWING
5150,0.708,-0.708,-0.421,1.086,5.5,-40.5,79.0,88.95,ARM_SWING
5200,0.626,-0.687,-0.410,1.016,8.2,-27.4,82.0,86.84,ARM_SWING
5250,0.571,-0.635,-0.386,0.937,-12.8,-17.5,76.7,79.71,ARM_SWING
5300,0.516,-0.589,-0.414,0.886,-5.2,-13.1,62.7,64.26,ARM_SWING
5350,0.451,-0.612,-0.367,0.844,-9.3,-7.3,41.7,43.34,ARM_SWING
5400,0.415,-0.567,-0.382,0.800,-2.9,-11.3,23.3,26.06,ARM_SWING
5450,0.388,-0.602,-0.376,0.809,-6.3,5.1,-1.9,8.33,ARM_SWING
5500,0.394,-0.597,-0.371,0.806,-1.6,6.3,-22.1,23.04,ARM_SWING
5550,0.426,-0.620,-0.370,0.838,-0.2,16.3,-43.9,46.83,ARM_SWING
5600,0.477,-0.607,-0.382,0.861,-0.8,24.9,-61.3,66.17,ARM_SWING
5650,0.545,-0.651,-0.390,0.934,-1.3,30.3,-77.1,82.85,ARM_SWING
5700,0.610,-0.734,-0.348,1.016,-8.3,53.9,-87.2,102.85,ARM_SWING
5750,0.677,-0.670,-0.436,1.048,-28.0,45.0,-85.1,100.25,ARM_SWING
5800,0.711,-0.601,-0.403,1.014,-5.9,31.0,-89.2,94.62,ARM_SWING
5850,0.784,-0.545,-0.416,1.042,20.3,29.9,-93.9,100.61,ARM_SWING
5900,0.862,-0.610,-0.414,1.134,23.4,20.9,-87.8,93.24,ARM_SWING
5950,0.894,-0.587,-0.414,1.147,2.3,31.2,-70.9,77.50,ARM_SWING
6000,0.880,-0.545,-0.413,1.114,-4.9,20.8,-52.7,56.87,ARM_SWING
6050,0.848,-0.434,-0.381,1.026,-37.7,21.9,-49.2,65.74,ARM_SWING
6100,0.869,-0.395,-0.363,1.021,-10.5,8.3,-48.7,50.51,ARM_SWING
6150,0.856,-0.449,-0.360,1.031,0.4,4.4,-42.5,42.73,ARM_SWING
6200,0.850,-0.463,-0.355,1.031,-1.1,4.2,-22.5,22.92,ARM_SWING
6250,0.842,-0.468,-0.358,1.028,-0.4,-0.1,-7.2,7.21,ARM_SWING
6300,0.847,-0.433,-0.350,1.014,3.2,-8.9,9.9,13.69,ARM_SWING
6350,0.871,-0.420,-0.345,1.027,6.0,-11.6,18.7,22.81,ARM_SWING
6400,0.861,-0.385,-0.326,0.998,7.6,-16.3,34.4,38.82,ARM_SWING
6450,0.807,-0.403,-0.328,0.960,14.2,-14.9,37.8,43.04,ARM_SWING
6500,0.900,-0.361,-0.366,1.036,0.9,-24.2,37.5,44.64,ARM_SWING
6550,0.850,-0.424,-0.312,1.000,36.1,-37.8,37.5,64.33,ARM_SWING
6600,0.852,-0.523,-0.342,1.057,23.0,-24.7,50.0,60.32,ARM_SWING
6650,0.858,-0.572,-0.352,1.090,9.3,-22.5,58.0,62.90,ARM_SWING
6700,0.844,-0.591,-0.412,1.110,10.5,-29.6,69.7,76.45,ARM_SWING
6750,0.808,-0.628,-0.425,1.108,15.9,-33.8,78.4,86.84,ARM_SWING
6800,0.770,-0.626,-0.423,1.079,19.5,-23.6,86.8,92.04,ARM_SWING
6850,0.731,-0.712,-0.463,1.121,-2.8,-32.9,93.8,99.44,ARM_SWING
6900,0.705,-0.641,-0.409,1.037,17.0,-43.6,99.3,109.77,ARM_SWING
6950,0.585,-0.783,-0.426,1.066,20.0,-31.4,97.6,104.46,ARM_SWING
7000,0.503,-0.647,-0.351,0.892,-25.6,-24.8,88.2,95.13,ARM_SWING
7050,0.433,-0.558,-0.346,0.786,0.9,-25.4,63.4,68.30,ARM_SWING
7100,0.409,-0.582,-0.346,0.791,-23.9,-9.5,34.5,43.03,ARM_SWING
7150,0.400,-0.522,-0.357,0.748,-35.1,-1.1,5.5,35.55,ARM_SWING
7200,0.413,-0.524,-0.347,0.752,-32.3,12.3,-24.5,42.37,ARM_SWING
7250,0.444,-0.578,-0.383,0.823,-14.3,22.1,-51.8,58.10,ARM_SWING
7300,0.497,-0.604,-0.409,0.883,-6.9,25.4,-66.3,71.33,ARM_SWING
7350,0.532,-0.586,-0.415,0.894,11.6,36.5,-83.7,92.05,ARM_SWING
7400,0.599,-0.627,-0.340,0.931,17.2,47.3,-104.0,115.54,ARM_SWING
7450,0.728,-0.687,-0.467,1.105,12.0,43.3,-102.3,111.73,ARM_SWING
7500,0.809,-0.754,-0.446,1.192,14.0,42.1,-98.3,107.85,ARM_SWING
7550,0.844,-0.690,-0.416,1.167,25.4,29.0,-75.6,84.86,ARM_SWING
7600,0.821,-0.631,-0.369,1.099,26.6,16.5,-66.7,73.68,ARM_SWING
7650,0.824,-0.583,-0.365,1.073,18.3,17.9,-62.2,67.26,ARM_SWING
7700,0.812,-0.547,-0.385,1.052,20.3,6.8,-53.0,57.16,ARM_SWING
7750,0.811,-0.535,-0.371,1.040,36.4,-8.1,-45.7,58.98,ARM_SWING
7800,0.817,-0.554,-0.331,1.041,40.8,-15.1,-36.1,56.53,ARM_SWING
7850,0.832,-0.570,-0.311,1.055,33.1,-18.4,-24.7,45.21,ARM_SWING
7900,0.772,-0.574,-0.316,1.013,15.9,-12.8,-9.6,22.56,ARM_SWING
7950,0.713,-0.546,-0.329,0.956,-10.3,-2.3,-1.3,10.63,ARM_SWING
8000,0.724,-0.536,-0.356,0.969,-10.7,-1.6,1.6,10.94,ARM_SWING
8050,0.764,-0.539,-0.358,1.001,-1.9,-8.4,7.1,11.16,ARM_SWING
8100,0.789,-0.569,-0.345,1.032,2.4,-15.0,20.4,25.43,ARM_SWING
8150,0.817,-0.571,-0.329,1.050,-0.4,-17.2,37.3,41.08,ARM_SWING
8200,0.792,-0.585,-0.312,1.033,-18.4,-4.2,49.2,52.70,ARM_SWING
8250,0.825,-0.551,-0.316,1.041,-34.6,-1.4,56.4,66.18,ARM_SWING
8300,0.777,-0.583,-0.319,1.022,-37.7,-0.7,55.7,67.26,ARM_SWING
8350,0.849,-0.608,-0.337,1.097,-41.1,-16.8,60.2,74.80,ARM_SWING
8400,0.829,-0.650,-0.364,1.115,-13.6,-24.4,76.0,80.97,ARM_SWING
8450,0.804,-0.670,-0.376,1.112,3.5,-43.2,86.5,96.75,ARM_SWING
8500,0.815,-0.741,-0.416,1.177,1.6,-43.6,102.5,111.40,ARM_SWING
8550,0.733,-0.707,-0.475,1.124,23.8,-48.9,113.8,126.13,ARM_SWING
8600,0.621,-0.718,-0.382,1.023,0.0,-26.8,113.9,117.01,ARM_SWING
8650,0.545,-0.670,-0.487,0.992,3.5,-29.9,111.3,115.30,ARM_SWING
8700,0.393,-0.610,-0.357,0.809,10.5,-19.9,89.5,92.28,ARM_SWING
8750,0.334,-0.517,-0.405,0.737,-5.5,-9.2,54.4,55.45,ARM_SWING
8800,0.289,-0.502,-0.349,0.676,-0.4,-10.2,19.3,21.83,ARM_SWING
8850,0.272,-0.558,-0.354,0.715,-9.8,4.3,-18.2,21.11,ARM_SWING
8900,0.325,-0.639,-0.387,0.815,-6.6,14.1,-54.6,56.78,ARM_SWING
8950,0.411,-0.745,-0.420,0.949,4.2,17.2,-63.0,65.44,ARM_SWING
9000,0.431,-0.741,-0.401,0.946,3.9,27.5,-73.4,78.48,ARM_SWING
9050,0.484,-0.751,-0.552,1.050,-22.2,35.7,-86.4,96.08,ARM_SWING
9100,0.529,-0.742,-0.386,0.990,-10.5,32.9,-92.4,98.64,ARM_SWING
9150,0.634,-0.790,-0.442,1.105,-1.8,42.2,-84.0,94.02,ARM_SWING
9200,0.659,-0.683,-0.403,1.031,2.4,35.9,-80.9,88.54,ARM_SWING
9250,0.703,-0.629,-0.387,1.020,15.4,24.3,-91.0,95.44,ARM_SWING
9300,0.764,-0.647,-0.358,1.063,21.8,16.8,-90.8,94.88,ARM_SWING
9350,0.817,-0.629,-0.354,1.090,18.2,24.7,-84.7,90.09,ARM_SWING
9400,0.837,-0.615,-0.367,1.102,8.9,21.4,-72.0,75.64,ARM_SWING
9450,0.850,-0.598,-0.365,1.102,5.3,15.1,-62.1,64.13,ARM_SWING
9500,0.830,-0.572,-0.361,1.071,-2.7,8.5,-45.8,46.66,ARM_SWING
9550,0.806,-0.549,-0.363,1.041,-3.0,5.2,-30.3,30.89,ARM_SWING
9600,0.779,-0.530,-0.353,1.006,-9.5,5.2,-12.3,16.39,ARM_SWING
9650,0.790,-0.546,-0.344,1.020,-5.8,-3.7,-2.7,7.39,ARM_SWING
9700,0.814,-0.566,-0.327,1.044,-0.9,-13.0,16.1,20.71,ARM_SWING
9750,0.828,-0.549,-0.322,1.044,-9.7,-8.4,34.9,37.18,ARM_SWING
9800,0.842,-0.505,-0.327,1.035,-5.3,-12.3,42.6,44.66,ARM_SWING
9850,0.847,-0.520,-0.341,1.051,7.9,-27.5,49.2,56.91,ARM_SWING
9900,0.853,-0.538,-0.343,1.065,10.3,-31.0,59.4,67.79,ARM_SWING
9950,0.883,-0.527,-0.360,1.090,23.5,-41.7,65.9,81.45,ARM_SWING
10000,0.844,-0.648,-0.355,1.122,41.3,-47.3,80.2,101.86,ARM_SWING
10050,0.765,-0.685,-0.358,1.087,3.9,-30.3,91.0,95.99,ARM_SWING
10100,0.703,-0.692,-0.357,1.049,-3.4,-29.1,94.3,98.75,ARM_SWING
10150,0.638,-0.786,-0.382,1.082,-4.3,-27.3,99.8,103.56,ARM_SWING
10200,0.597,-0.715,-0.363,1.000,-6.8,-19.1,98.7,100.76,ARM_SWING
10250,0.536,-0.633,-0.366,0.907,-10.7,-8.7,85.0,86.11,ARM_SWING
10300,0.485,-0.574,-0.376,0.840,-6.6,-8.6,61.7,62.65,ARM_SWING
10350,0.426,-0.584,-0.382,0.818,-7.7,-6.1,19.2,21.57,ARM_SWING
10400,0.417,-0.606,-0.364,0.821,-6.3,2.5,8.1,10.56,ARM_SWING
10450,0.407,-0.601,-0.369,0.814,-3.3,-5.3,-15.8,16.99,ARM_SWING
10500,0.422,-0.635,-0.382,0.853,-7.6,6.7,-42.3,43.50,ARM_SWING
10550,0.456,-0.682,-0.400,0.913,-10.2,12.5,-49.6,52.16,ARM_SWING
10600,0.485,-0.680,-0.373,0.915,2.5,21.5,-60.6,64.35,ARM_SWING
10650,0.540,-0.694,-0.388,0.961,-1.7,30.5,-73.1,79.23,ARM_SWING
10700,0.604,-0.651,-0.404,0.976,1.1,30.8,-82.1,87.69,ARM_SWING
10750,0.661,-0.685,-0.405,1.034,11.9,20.8,-85.8,89.08,ARM_SWING
10800,0.690,-0.682,-0.366,1.037,13.6,23.5,-82.1,86.47,ARM_SWING
10850,0.753,-0.635,-0.361,1.049,13.6,33.6,-81.3,89.01,ARM_SWING
10900,0.810,-0.605,-0.344,1.068,7.9,23.0,-80.7,84.28,ARM_SWING
10950,0.842,-0.596,-0.352,1.090,1.8,26.0,-67.7,72.54,ARM_SWING
11000,0.852,-0.575,-0.339,1.082,-6.3,21.2,-55.9,60.12,ARM_SWING
11050,0.843,-0.512,-0.341,1.044,-7.9,19.0,-42.7,47.40,ARM_SWING
11100,0.819,-0.518,-0.333,1.025,-6.0,8.3,-37.7,39.07,ARM_SWING
11150,0.805,-0.508,-0.334,1.009,-10.9,-1.2,-22.4,24.94,ARM_SWING
11200,0.811,-0.530,-0.345,1.028,-5.3,0.0,-11.3,12.48,ARM_SWING
11250,0.814,-0.558,-0.333,1.042,3.5,-11.6,7.4,14.20,ARM_SWING
11300,0.840,-0.535,-0.325,1.048,7.9,-17.0,25.2,31.41,ARM_SWING
11350,0.815,-0.520,-0.322,1.019,15.2,-20.8,37.8,45.74,ARM_SWING
11400,0.816,-0.525,-0.312,1.019,9.1,-25.1,47.0,54.05,ARM_SWING
11450,0.783,-0.534,-0.258,0.982,4.8,-21.2,48.6,53.24,ARM_SWING
11500,0.823,-0.575,-0.281,1.043,-5.9,-9.9,54.5,55.71,ARM_SWING
11550,0.848,-0.584,-0.314,1.076,-16.0,-1.1,62.1,64.14,ARM_SWING
11600,0.860,-0.549,-0.312,1.067,-5.5,-13.9,69.0,70.60,ARM_SWING
11650,0.810,-0.582,-0.334,1.052,0.9,-12.7,67.4,68.59,ARM_SWING
11700,0.766,-0.650,-0.338,1.060,-11.2,-17.2,75.6,78.34,ARM_SWING
11750,0.774,-0.745,-0.393,1.144,-21.5,-20.5,84.1,89.19,ARM_SWING
11800,0.675,-0.782,-0.406,1.110,-13.8,-29.3,96.4,101.70,ARM_SWING
11850,0.560,-0.762,-0.436,1.041,-11.6,-31.2,106.3,111.39,ARM_SWING
11900,0.430,-0.589,-0.372,0.819,0.2,-22.0,85.4,88.19,ARM_SWING
11950,0.391,-0.627,-0.391,0.836,-9.1,-15.1,59.9,62.44,ARM_SWING
12000,0.366,-0.557,-0.349,0.752,-7.8,-12.4,30.7,34.02,ARM_SWING
12050,0.369,-0.520,-0.355,0.730,-2.2,-8.7,-1.6,9.12,ARM_SWING
12100,0.415,-0.551,-0.356,0.776,6.3,-6.8,-31.7,33.03,ARM_SWING
12150,0.461,-0.595,-0.364,0.836,1.8,10.5,-63.0,63.89,ARM_SWING
12200,0.515,-0.652,-0.367,0.908,10.6,11.9,-73.9,75.60,ARM_SWING
12250,0.550,-0.630,-0.343,0.904,16.1,18.5,-88.3,91.64,ARM_SWING
12300,0.587,-0.662,-0.318,0.940,0.3,32.8,-106.4,111.34,ARM_SWING
12350,0.742,-0.662,-0.374,1.062,-0.7,42.7,-111.4,119.31,ARM_SWING
12400,0.827,-0.639,-0.336,1.098,4.1,39.6,-110.6,117.55,ARM_SWING
12450,0.886,-0.632,-0.359,1.146,7.6,44.3,-103.3,112.65,ARM_SWING
12500,0.948,-0.631,-0.361,1.195,14.6,26.8,-87.7,92.86,ARM_SWING
12550,0.918,-0.557,-0.347,1.128,20.1,25.4,-71.6,78.59,ARM_SWING
12600,0.891,-0.525,-0.321,1.083,17.5,9.9,-54.4,58.00,ARM_SWING
12650,0.889,-0.434,-0.339,1.046,4.0,6.6,-48.8,49.41,ARM_SWING
12700,0.864,-0.488,-0.323,1.044,3.5,7.7,-35.4,36.40,ARM_SWING
12750,0.847,-0.452,-0.300,1.006,2.3,0.0,-24.1,24.21,ARM_SWING
12800,0.823,-0.470,-0.306,0.996,6.7,-8.7,-5.8,12.42,ARM_SWING
12850,0.837,-0.492,-0.316,1.021,16.6,-19.4,9.3,27.17,ARM_SWING
12900,0.829,-0.522,-0.303,1.025,15.8,-22.4,27.2,38.62,ARM_SWING
12950,0.877,-0.500,-0.304,1.054,10.8,-23.3,42.7,49.83,ARM_SWING
13000,0.844,-0.509,-0.302,1.031,16.1,-29.5,56.9,66.08,ARM_SWING
13050,0.738,-0.512,-0.259,0.935,1.5,-21.0,60.8,64.34,ARM_SWING
13100,0.839,-0.511,-0.285,1.023,0.4,-13.4,56.8,58.36,ARM_SWING
13150,0.878,-0.554,-0.318,1.086,-8.3,-32.7,60.4,69.18,ARM_SWING
13200,0.917,-0.603,-0.356,1.154,-9.0,-22.5,73.5,77.39,ARM_SWING
13250,0.863,-0.626,-0.331,1.116,-15.2,-22.4,84.2,88.44,ARM_SWING
13300,0.822,-0.647,-0.340,1.100,-1.0,-25.3,94.2,97.54,ARM_SWING
13350,0.739,-0.682,-0.388,1.078,-5.1,-30.5,97.7,102.48,ARM_SWING
13400,0.648,-0.731,-0.393,1.053,-10.4,-32.5,101.2,106.80,ARM_SWING
13450,0.536,-0.670,-0.381,0.939,8.4,-37.4,95.4,102.81,ARM_SWING
13500,0.458,-0.635,-0.377,0.869,2.8,-24.9,76.7,80.69,ARM_SWING
13550,0.392,-0.747,-0.349,0.913,-2.3,-13.8,53.1,54.91,ARM_SWING
13600,0.379,-0.637,-0.360,0.824,-4.4,-9.8,32.2,33.94,ARM_SWING
13650,0.349,-0.621,-0.346,0.792,-3.7,1.6,3.9,5.61,ARM_SWING
13700,0.354,-0.601,-0.368,0.789,-8.1,2.0,-19.7,21.39,ARM_SWING
13750,0.408,-0.656,-0.400,0.870,1.2,11.2,-45.7,47.07,ARM_SWING
13800,0.448,-0.695,-0.381,0.910,5.8,15.6,-58.5,60.82,ARM_SWING
13850,0.488,-0.662,-0.383,0.907,2.9,24.7,-71.8,75.99,ARM_SWING
13900,0.570,-0.727,-0.406,1.009,1.8,31.0,-82.8,88.43,ARM_SWING
13950,0.641,-0.753,-0.399,1.066,-3.2,31.0,-85.1,90.63,ARM_SWING
14000,0.663,-0.729,-0.371,1.053,6.8,24.5,-76.0,80.14,ARM_SWING
14050,0.676,-0.649,-0.336,0.996,16.7,15.5,-80.7,83.85,ARM_SWING
14100,0.720,-0.582,-0.344,0.988,5.1,19.7,-87.3,89.64,ARM_SWING
14150,0.790,-0.564,-0.332,1.026,23.4,17.4,-88.2,92.90,ARM_SWING
14200,0.871,-0.583,-0.344,1.103,25.9,18.6,-81.4,87.42,ARM_SWING
14250,0.879,-0.621,-0.345,1.130,14.2,14.9,-63.8,67.04,ARM_SWING
14300,0.882,-0.598,-0.351,1.122,-11.7,6.4,-41.6,43.69,ARM_SWING
14350,0.838,-0.584,-0.337,1.076,-73.3,9.3,-15.2,75.43,ARM_SWING
14400,0.812,-0.405,-0.337,0.968,-32.2,6.5,-14.1,35.75,ARM_SWING
14450,0.804,-0.458,-0.319,0.979,-11.4,-0.5,-3.3,11.88,ARM_SWING
14500,0.823,-0.462,-0.336,1.002,-1.6,-8.2,12.1,14.70,ARM_SWING
14550,0.831,-0.450,-0.329,1.001,16.0,-7.5,19.0,25.95,ARM_SWING
14600,0.823,-0.488,-0.346,1.017,20.4,-20.0,30.6,41.86,ARM_SWING
14650,0.819,-0.494,-0.339,1.015,20.7,-15.8,35.7,44.19,ARM_SWING
14700,0.821,-0.560,-0.292,1.036,7.2,-20.3,44.8,49.71,ARM_SWING
14750,0.863,-0.566,-0.325,1.082,-17.5,-8.5,62.8,65.74,ARM_SWING
14800,0.841,-0.550,-0.342,1.061,-17.9,-15.1,76.9,80.39,ARM_SWING
14850,0.802,-0.552,-0.349,1.034,-16.7,-20.8,73.9,78.57,ARM_SWING
14900,0.782,-0.619,-0.387,1.070,-5.0,-26.0,72.8,77.47,ARM_SWING
14950,0.761,-0.681,-0.406,1.099,10.0,-37.4,80.9,89.69,ARM_SWING
15000,0.672,-0.683,-0.410,1.042,2.5,-37.1,88.2,95.72,ARM_SWING
15050,0.628,-0.704,-0.419,1.032,-0.4,-42.2,85.6,95.44,ARM_SWING
15100,0.567,-0.711,-0.378,0.985,3.7,-31.9,81.4,87.51,ARM_SWING
15150,0.488,-0.716,-0.422,0.964,9.5,-26.8,68.3,73.98,ARM_SWING
15200,0.426,-0.693,-0.371,0.894,-5.8,-16.2,52.1,54.87,ARM_SWING
15250,0.378,-0.675,-0.357,0.852,-3.4,-20.8,37.5,43.02,ARM_SWING
15300,0.327,-0.657,-0.331,0.805,6.3,-13.1,17.1,22.44,ARM_SWING
15350,0.309,-0.644,-0.329,0.786,-2.8,-4.4,-7.0,8.73,ARM_SWING
15400,0.360,-0.604,-0.376,0.797,-0.7,6.4,-30.5,31.17,ARM_SWING
15450,0.404,-0.644,-0.392,0.855,-1.5,13.6,-58.8,60.37,ARM_SWING
15500,0.447,-0.679,-0.392,0.903,2.6,16.2,-70.3,72.19,ARM_SWING
15550,0.508,-0.722,-0.401,0.970,-2.3,18.2,-83.3,85.30,ARM_SWING
15600,0.584,-0.771,-0.398,1.046,-6.6,21.7,-80.0,83.15,ARM_SWING
15650,0.616,-0.708,-0.368,1.008,8.4,24.4,-81.5,85.49,ARM_SWING
15700,0.666,-0.622,-0.365,0.982,1.8,30.5,-91.5,96.47,ARM_SWING
15750,0.744,-0.661,-0.369,1.061,15.5,28.2,-97.6,102.77,ARM_SWING
15800,0.815,-0.672,-0.323,1.105,11.9,23.5,-86.8,90.71,ARM_SWING
15850,0.829,-0.649,-0.332,1.104,11.9,27.5,-75.3,81.04,ARM_SWING
15900,0.845,-0.614,-0.337,1.098,6.0,26.6,-60.9,66.73,ARM_SWING
15950,0.832,-0.579,-0.322,1.064,3.7,14.4,-45.6,47.96,ARM_SWING
16000,0.798,-0.548,-0.319,1.019,-1.6,8.2,-31.9,32.98,ARM_SWING
16050,0.786,-0.526,-0.321,0.999,-2.3,4.7,-19.4,20.09,ARM_SWING
16100,0.814,-0.528,-0.314,1.020,2.2,2.0,-8.1,8.63,ARM_SWING
16150,0.840,-0.543,-0.327,1.052,4.9,-9.9,5.6,12.38,ARM_SWING
16200,0.841,-0.524,-0.323,1.042,3.2,-12.3,20.6,24.21,ARM_SWING
16250,0.821,-0.508,-0.294,1.009,5.6,-19.3,29.8,35.94,ARM_SWING
16300,0.839,-0.537,-0.286,1.036,3.8,-20.3,34.3,40.04,ARM_SWING
16350,0.823,-0.566,-0.306,1.045,0.1,-23.5,45.5,51.21,ARM_SWING
16400,0.856,-0.539,-0.356,1.072,0.6,-31.5,55.2,63.56,ARM_SWING
16450,0.794,-0.619,-0.360,1.069,9.5,-31.2,66.8,74.34,ARM_SWING
16500,0.761,-0.665,-0.335,1.065,-12.2,-24.7,75.3,80.18,ARM_SWING
16550,0.741,-0.684,-0.344,1.065,-12.6,-31.6,80.5,87.39,ARM_SWING
16600,0.743,-0.718,-0.357,1.093,-15.1,-30.3,87.5,93.82,ARM_SWING
16650,0.691,-0.697,-0.390,1.056,-14.0,-32.3,96.6,102.81,ARM_SWING
16700,0.625,-0.703,-0.340,1.000,-14.5,-20.1,88.4,91.81,ARM_SWING
16750,0.569,-0.642,-0.413,0.952,-0.7,-22.8,80.2,83.38,ARM_SWING
16800,0.448,-0.606,-0.373,0.841,-3.2,-16.1,64.1,66.17,ARM_SWING
16850,0.374,-0.492,-0.352,0.711,0.3,-7.9,30.1,31.12,ARM_SWING
16900,0.376,-0.455,-0.397,0.711,-3.9,10.1,-4.3,11.65,ARM_SWING
16950,0.419,-0.559,-0.390,0.800,-4.9,12.5,-35.9,38.33,ARM_SWING
17000,0.469,-0.632,-0.405,0.885,0.2,19.7,-58.4,61.63,ARM_SWING
17050,0.494,-0.582,-0.376,0.851,14.9,20.6,-76.0,80.14,ARM_SWING
17100,0.620,-0.659,-0.403,0.990,14.4,26.9,-93.3,98.16,ARM_SWING
17150,0.683,-0.655,-0.379,1.019,19.1,23.9,-90.8,95.82,ARM_SWING
17200,0.755,-0.680,-0.354,1.076,11.2,26.9,-99.1,103.30,ARM_SWING
17250,0.823,-0.748,-0.360,1.169,12.5,26.0,-82.7,87.59,ARM_SWING
17300,0.806,-0.680,-0.356,1.113,12.8,21.4,-65.3,69.90,ARM_SWING
17350,0.794,-0.621,-0.363,1.071,14.9,13.7,-54.8,58.42,ARM_SWING
17400,0.823,-0.606,-0.335,1.076,20.0,8.5,-43.9,48.98,ARM_SWING
17450,0.861,-0.607,-0.294,1.094,13.7,-15.9,-26.3,33.65,ARM_SWING
17500,0.818,-0.453,-0.275,0.975,11.2,0.2,-20.9,23.71,ARM_SWING
17550,0.793,-0.410,-0.271,0.933,11.5,5.7,-36.7,38.88,ARM_SWING
17600,0.810,-0.410,-0.271,0.947,10.1,8.9,-41.8,43.91,ARM_SWING
17650,0.807,-0.459,-0.278,0.969,5.4,11.2,-37.5,39.51,ARM_SWING
17700,0.827,-0.470,-0.288,0.994,-10.5,16.5,-33.8,39.05,ARM_SWING
17750,0.864,-0.505,-0.327,1.053,-13.8,7.7,-26.5,30.85,ARM_SWING
17800,0.868,-0.504,-0.325,1.055,-7.5,-2.3,-6.2,10.00,ARM_SWING
17850,0.840,-0.491,-0.300,1.018,-4.6,-8.3,11.4,14.83,ARM_SWING
17900,0.806,-0.476,-0.269,0.974,-4.7,-9.5,19.8,22.46,ARM_SWING
17950,0.731,-0.530,-0.237,0.934,-21.9,1.6,22.5,31.44,ARM_SWING
18000,0.900,-0.553,-0.329,1.106,-44.2,5.8,51.3,67.96,ARM_SWING
18050,0.944,-0.518,-0.305,1.119,-28.9,-20.2,59.0,68.73,ARM_SWING
18100,0.895,-0.520,-0.284,1.073,-16.6,-21.8,66.3,71.74,ARM_SWING
18150,0.913,-0.490,-0.274,1.072,-12.3,-28.2,71.8,78.11,ARM_SWING
18200,0.851,-0.551,-0.280,1.052,1.6,-34.7,77.3,84.75,ARM_SWING
18250,0.819,-0.562,-0.239,1.022,-14.0,-28.2,80.6,86.53,ARM_SWING
18300,0.851,-0.641,-0.313,1.110,-28.2,-29.2,93.0,101.47,ARM_SWING
18350,0.811,-0.630,-0.370,1.092,0.4,-33.6,95.3,101.05,ARM_SWING
18400,0.677,-0.630,-0.380,1.000,10.2,-32.4,100.3,105.90,ARM_SWING
18450,0.553,-0.505,-0.362,0.832,5.2,-20.0,78.4,81.08,ARM_SWING
18500,0.475,-0.451,-0.363,0.749,-3.0,-9.1,39.8,40.94,ARM_SWING
18550,0.482,-0.435,-0.371,0.748,-3.9,-3.4,5.1,7.26,ARM_SWING
18600,0.500,-0.455,-0.312,0.745,-7.4,8.1,-36.8,38.40,ARM_SWING
18650,0.589,-0.596,-0.372,0.917,-4.2,14.3,-62.0,63.77,ARM_SWING
18700,0.634,-0.638,-0.364,0.970,11.3,19.1,-75.3,78.50,ARM_SWING
18750,0.667,-0.620,-0.348,0.975,17.8,18.9,-81.2,85.25,ARM_SWING
18800,0.710,-0.618,-0.341,1.001,12.6,5.1,-89.6,90.63,ARM_SWING
18850,0.746,-0.649,-0.317,1.038,17.5,22.5,-100.1,104.08,ARM_SWING
18900,0.796,-0.633,-0.296,1.059,17.1,21.2,-91.0,94.99,ARM_SWING
18950,0.842,-0.610,-0.302,1.083,15.3,27.7,-88.6,94.08,ARM_SWING
19000,0.894,-0.594,-0.262,1.105,16.5,16.6,-81.2,84.51,ARM_SWING
19050,0.885,-0.589,-0.241,1.090,24.7,9.3,-63.4,68.67,ARM_SWING
19100,0.887,-0.487,-0.227,1.037,30.3,7.4,-45.0,54.75,ARM_SWING
19150,0.849,-0.456,-0.246,0.995,17.8,9.9,-44.5,48.94,ARM_SWING
19200,0.848,-0.438,-0.287,0.997,11.5,10.1,-37.5,40.50,ARM_SWING
19250,0.861,-0.464,-0.333,1.033,-0.9,11.2,-33.8,35.62,ARM_SWING
19300,0.854,-0.477,-0.339,1.035,-2.1,-0.4,-16.1,16.24,ARM_SWING
19350,0.866,-0.498,-0.354,1.060,-1.8,-9.6,3.9,10.52,ARM_SWING
19400,0.849,-0.473,-0.339,1.029,0.9,-11.8,22.7,25.60,ARM_SWING
19450,0.852,-0.467,-0.291,1.014,-0.9,-24.1,38.1,45.09,ARM_SWING
19500,0.844,-0.484,-0.199,0.993,-7.9,-19.1,43.8,48.43,ARM_SWING
19550,0.892,-0.461,-0.223,1.029,-15.0,-12.4,47.4,51.24,ARM_SWING
19600,0.853,-0.469,-0.207,0.995,-8.9,-21.0,59.9,64.10,ARM_SWING
19650,0.829,-0.507,-0.242,1.001,-21.9,-6.9,60.0,64.24,ARM_SWING
19700,0.859,-0.517,-0.300,1.047,-23.8,-18.2,58.3,65.55,ARM_SWING
19750,0.830,-0.537,-0.341,1.046,3.5,-26.6,66.4,71.62,ARM_SWING
19800,0.838,-0.576,-0.325,1.068,12.2,-33.1,64.6,73.60,ARM_SWING
19850,0.822,-0.660,-0.487,1.161,10.7,-34.5,76.3,84.42,ARM_SWING
19900,0.779,-0.628,-0.340,1.057,-17.7,-25.9,80.3,86.21,ARM_SWING
19950,0.740,-0.643,-0.385,1.053,-4.9,-5.0,81.4,81.70,ARM_SWING
20000,0.653,-0.617,-0.381,0.976,-7.3,-22.4,82.3,85.61,ARM_SWING
20050,0.582,-0.574,-0.342,0.886,-5.8,-13.2,65.0,66.58,ARM_SWING
20100,0.520,-0.499,-0.338,0.796,-13.1,-3.6,38.2,40.54,ARM_SWING
20150,0.503,-0.471,-0.307,0.754,-6.3,2.1,2.0,6.94,ARM_SWING
20200,0.549,-0.434,-0.310,0.765,-11.9,13.4,-32.9,37.46,ARM_SWING
20250,0.615,-0.505,-0.340,0.865,-2.5,18.4,-63.7,66.35,ARM_SWING
20300,0.693,-0.562,-0.332,0.952,5.1,26.1,-82.3,86.49,ARM_SWING
20350,0.741,-0.590,-0.323,1.001,7.8,31.3,-93.4,98.81,ARM_SWING
20400,0.794,-0.553,-0.340,1.026,19.5,30.8,-105.0,111.15,ARM_SWING
20450,0.841,-0.571,-0.342,1.073,24.0,23.7,-114.1,118.98,ARM_SWING
20500,0.927,-0.582,-0.286,1.131,38.6,17.9,-114.1,121.78,ARM_SWING
20550,0.948,-0.620,-0.278,1.166,20.7,21.5,-95.4,99.96,ARM_SWING
20600,0.955,-0.537,-0.262,1.127,-15.5,26.6,-76.4,82.37,ARM_SWING
20650,0.930,-0.440,-0.238,1.056,-5.0,21.0,-59.9,63.67,ARM_SWING
20700,0.893,-0.435,-0.254,1.025,-1.1,18.0,-50.1,53.25,ARM_SWING
20750,0.872,-0.361,-0.259,0.979,-6.6,7.9,-37.9,39.27,ARM_SWING
20800,0.892,-0.375,-0.261,1.002,-5.6,9.5,-30.5,32.43,ARM_SWING
20850,0.889,-0.298,-0.264,0.974,-7.4,6.1,-19.3,21.55,ARM_SWING
20900,0.897,-0.335,-0.258,0.992,-4.2,2.9,-12.2,13.22,ARM_SWING
20950,0.917,-0.246,-0.281,0.990,-12.7,-0.7,-6.7,14.38,ARM_SWING
21000,0.913,-0.335,-0.267,1.009,22.7,-6.2,5.1,24.08,ARM_SWING
21050,0.908,-0.324,-0.298,1.009,20.4,-17.7,19.7,33.43,ARM_SWING
21100,0.924,-0.346,-0.289,1.028,24.5,-28.2,29.8,47.79,ARM_SWING
21150,0.919,-0.404,-0.257,1.036,30.9,-29.3,46.3,62.90,ARM_SWING
21200,0.888,-0.395,-0.227,0.998,19.5,-22.4,54.3,61.89,ARM_SWING
21250,0.903,-0.435,-0.221,1.026,0.0,-15.7,59.4,61.44,ARM_SWING
21300,0.872,-0.428,-0.248,1.003,0.0,-18.2,62.6,65.19,ARM_SWING
21350,0.891,-0.423,-0.256,1.019,2.2,-21.6,59.5,63.34,ARM_SWING
21400,0.805,-0.453,-0.264,0.961,-10.4,-18.2,55.3,59.14,ARM_SWING
21450,0.763,-0.496,-0.320,0.965,-7.0,-11.0,45.2,47.04,ARM_SWING
21500,0.828,-0.590,-0.329,1.069,-2.5,-18.9,43.1,47.13,ARM_SWING
21550,0.819,-0.614,-0.328,1.075,-0.2,-21.5,52.3,56.55,ARM_SWING
21600,0.814,-0.631,-0.316,1.077,-1.1,-23.1,57.6,62.07,ARM_SWING
21650,0.749,-0.715,-0.348,1.092,27.7,-23.5,69.3,78.24,ARM_SWING
21700,0.764,-0.681,-0.334,1.077,-7.2,-24.7,70.5,75.05,ARM_SWING
21750,0.727,-0.709,-0.375,1.083,-7.3,-25.6,79.4,83.74,ARM_SWING
21800,0.626,-0.646,-0.362,0.970,-9.1,-27.6,77.3,82.58,ARM_SWING
21850,0.533,-0.560,-0.339,0.844,-7.0,-18.5,54.2,57.70,ARM_SWING
21900,0.504,-0.540,-0.295,0.795,-5.3,-10.4,27.7,30.06,ARM_SWING
21950,0.498,-0.505,-0.273,0.760,-12.6,5.4,-3.2,14.08,ARM_SWING
22000,0.574,-0.515,-0.316,0.833,-9.8,14.4,-35.2,39.27,ARM_SWING
22050,0.621,-0.597,-0.335,0.924,-5.5,18.1,-54.4,57.60,ARM_SWING
22100,0.653,-0.610,-0.340,0.956,0.8,25.9,-66.2,71.09,ARM_SWING
22150,0.677,-0.595,-0.329,0.959,7.7,31.2,-77.9,84.27,ARM_SWING
22200,0.730,-0.599,-0.346,1.006,3.8,34.3,-88.8,95.27,ARM_SWING
22250,0.804,-0.648,-0.359,1.093,4.4,31.0,-87.6,93.03,ARM_SWING
22300,0.829,-0.611,-0.344,1.086,10.0,26.8,-80.1,85.05,ARM_SWING
22350,0.849,-0.609,-0.336,1.098,7.3,22.0,-71.0,74.69,ARM_SWING
22400,0.865,-0.588,-0.337,1.099,-0.5,19.0,-58.9,61.89,ARM_SWING
22450,0.844,-0.521,-0.299,1.036,3.7,16.9,-46.2,49.33,ARM_SWING
22500,0.800,-0.495,-0.281,0.982,2.5,15.3,-37.7,40.76,ARM_SWING
22550,0.819,-0.455,-0.289,0.980,-6.0,17.1,-36.1,40.39,ARM_SWING
22600,0.868,-0.410,-0.285,1.001,3.9,8.7,-35.2,36.47,ARM_SWING
22650,0.857,-0.431,-0.283,1.000,10.5,2.4,-30.9,32.72,ARM_SWING
22700,0.862,-0.443,-0.296,1.013,4.9,2.6,-19.7,20.47,ARM_SWING
22750,0.864,-0.437,-0.301,1.014,3.6,-1.0,-7.9,8.74,ARM_SWING
22800,0.881,-0.439,-0.277,1.023,-1.3,-6.0,5.3,8.11,ARM_SWING
22850,0.874,-0.427,-0.291,1.015,3.7,-11.6,20.4,23.76,ARM_SWING
22900,0.874,-0.412,-0.270,1.003,1.1,-14.8,28.9,32.49,ARM_SWING
22950,0.881,-0.448,-0.262,1.023,-7.2,-12.6,39.6,42.18,ARM_SWING
23000,0.900,-0.425,-0.256,1.028,-14.5,-12.3,47.5,51.16,ARM_SWING
23050,0.855,-0.441,-0.263,0.997,-15.6,-13.7,47.7,52.02,ARM_SWING
23100,0.853,-0.435,-0.297,1.003,-8.3,-18.2,43.2,47.61,ARM_SWING
23150,0.817,-0.492,-0.296,0.999,5.7,-25.4,41.2,48.73,ARM_SWING
23200,0.799,-0.552,-0.306,1.018,0.7,-24.2,42.2,48.65,ARM_SWING
23250,0.821,-0.597,-0.321,1.065,3.0,-28.6,46.0,54.25,ARM_SWING
23300,0.831,-0.593,-0.326,1.072,13.9,-32.6,54.1,64.67,ARM_SWING
23350,0.788,-0.616,-0.348,1.059,6.7,-26.8,62.0,67.88,ARM_SWING
23400,0.729,-0.623,-0.378,1.031,-20.1,-23.8,61.6,69.03,ARM_SWING
23450,0.695,-0.585,-0.378,0.984,-10.8,-16.8,55.2,58.70,ARM_SWING
23500,0.674,-0.565,-0.378,0.957,-7.4,-23.1,44.1,50.33,ARM_SWING
23550,0.644,-0.588,-0.382,0.952,9.7,-22.2,34.9,42.48,ARM_SWING
23600,0.652,-0.570,-0.376,0.944,-6.5,-14.0,25.9,30.15,ARM_SWING
23650,0.631,-0.547,-0.361,0.910,-3.5,-11.5,15.0,19.22,ARM_SWING
23700,0.623,-0.527,-0.357,0.891,-3.1,-8.1,0.4,8.68,ARM_SWING
23750,0.618,-0.513,-0.306,0.859,-0.8,1.0,-14.6,14.66,ARM_SWING
23800,0.628,-0.573,-0.313,0.906,-4.1,12.8,-26.3,29.54,ARM_SWING
23850,0.650,-0.595,-0.332,0.942,-2.6,24.7,-37.9,45.31,ARM_SWING
23900,0.675,-0.609,-0.332,0.968,3.3,27.5,-41.8,50.14,ARM_SWING
23950,0.697,-0.614,-0.347,0.992,0.0,30.3,-47.9,56.68,ARM_SWING
24000,0.727,-0.608,-0.361,1.014,2.1,32.2,-59.8,67.95,ARM_SWING
24050,0.752,-0.592,-0.363,1.024,12.3,26.8,-57.5,64.62,ARM_SWING
24100,0.774,-0.609,-0.361,1.049,19.1,22.6,-57.0,64.22,ARM_SWING
24150,0.800,-0.596,-0.356,1.059,8.3,20.6,-54.6,58.94,ARM_SWING
24200,0.835,-0.590,-0.342,1.078,4.4,20.7,-46.4,51.00,ARM_SWING
24250,0.860,-0.546,-0.314,1.066,6.3,14.3,-40.2,43.13,ARM_SWING
24300,0.834,-0.525,-0.290,1.027,10.6,11.1,-32.6,36.03,ARM_SWING
24350,0.863,-0.494,-0.248,1.025,1.7,3.1,-30.0,30.21,ARM_SWING
24400,0.870,-0.473,-0.230,1.017,8.1,3.4,-23.9,25.46,ARM_SWING
24450,0.895,-0.453,-0.225,1.028,10.6,0.8,-18.6,21.42,ARM_SWING
24500,0.863,-0.463,-0.205,1.001,4.6,1.8,-11.0,12.06,ARM_SWING
24550,0.809,-0.461,-0.207,0.954,-6.0,6.5,-5.1,10.21,ARM_SWING
24600,0.786,-0.421,-0.235,0.922,-5.7,5.7,-4.1,9.04,ARM_SWING
24650,0.767,-0.450,-0.272,0.930,6.2,-2.4,-4.7,8.14,ARM_SWING
24700,0.767,-0.467,-0.281,0.941,13.4,-9.7,-0.9,16.57,ARM_SWING
24750,0.841,-0.494,-0.277,1.014,11.2,-13.9,6.8,19.10,ARM_SWING
24800,0.825,-0.496,-0.284,1.004,12.8,-17.4,16.7,27.30,ARM_SWING
24850,0.865,-0.488,-0.290,1.035,13.7,-25.2,22.7,36.58,ARM_SWING
24900,0.844,-0.503,-0.283,1.022,16.4,-26.5,32.5,45.03,ARM_SWING
24950,0.854,-0.479,-0.259,1.013,7.0,-23.1,34.6,42.19,ARM_SWING
25000,0.823,-0.487,-0.252,0.989,1.4,-17.5,33.4,37.73,ARM_SWING
25050,0.821,-0.500,-0.246,0.992,-14.9,-7.7,31.7,35.86,ARM_SWING
25100,0.789,-0.508,-0.249,0.971,-18.4,-7.3,29.4,35.44,ARM_SWING
25150,0.796,-0.547,-0.280,1.006,-8.5,-12.1,25.1,29.13,ARM_SWING
25200,0.817,-0.581,-0.254,1.034,2.1,-17.9,24.5,30.41,ARM_SWING
25250,0.816,-0.621,-0.280,1.063,10.6,-14.6,34.1,38.58,ARM_SWING
25300,0.793,-0.602,-0.306,1.042,5.9,-9.5,43.7,45.11,ARM_SWING
25350,0.789,-0.564,-0.373,1.039,-3.7,-14.0,42.9,45.28,ARM_SWING
25400,0.743,-0.622,-0.396,1.047,0.6,-16.9,39.9,43.34,ARM_SWING
25450,0.762,-0.673,-0.368,1.081,-0.9,-20.0,48.5,52.47,ARM_SWING
25500,0.730,-0.657,-0.375,1.051,-12.8,-19.6,57.4,61.99,ARM_SWING
25550,0.638,-0.565,-0.314,0.908,-16.8,-18.3,47.2,53.34,ARM_SWING
25600,0.583,-0.524,-0.293,0.837,-7.3,-10.9,24.6,27.88,ARM_SWING
25650,0.586,-0.488,-0.267,0.808,-9.3,0.0,-2.1,9.53,ARM_SWING
25700,0.640,-0.452,-0.257,0.825,-7.9,8.8,-26.7,29.20,ARM_SWING
25750,0.696,-0.481,-0.271,0.888,-10.0,21.2,-48.2,53.60,ARM_SWING
25800,0.754,-0.518,-0.292,0.960,2.1,23.3,-63.2,67.39,ARM_SWING
25850,0.780,-0.549,-0.287,0.996,7.8,29.7,-70.6,76.99,ARM_SWING
25900,0.872,-0.539,-0.279,1.062,7.4,35.4,-77.7,85.70,ARM_SWING
25950,0.857,-0.563,-0.323,1.075,13.5,29.6,-77.1,83.68,ARM_SWING
26000,0.873,-0.577,-0.341,1.101,10.7,24.5,-72.1,76.90,ARM_SWING
26050,0.889,-0.585,-0.331,1.114,17.6,14.6,-62.3,66.36,ARM_SWING
26100,0.851,-0.573,-0.333,1.079,14.9,11.9,-51.6,55.01,ARM_SWING
26150,0.859,-0.544,-0.300,1.060,-17.5,10.4,-44.0,48.48,ARM_SWING
26200,0.892,-0.455,-0.272,1.038,4.1,5.6,-40.5,41.09,ARM_SWING
26250,0.868,-0.433,-0.244,1.000,11.4,2.2,-33.3,35.27,ARM_SWING
26300,0.831,-0.398,-0.230,0.950,-5.6,9.1,-24.2,26.45,ARM_SWING
26350,0.823,-0.376,-0.236,0.935,-0.2,5.4,-19.2,19.95,ARM_SWING
26400,0.810,-0.442,-0.261,0.959,-2.5,1.4,-12.5,12.82,ARM_SWING
26450,0.860,-0.484,-0.267,1.022,-6.7,-8.6,5.3,12.12,ARM_SWING
26500,0.892,-0.501,-0.287,1.063,8.8,-12.6,25.9,30.12,ARM_SWING
26550,0.864,-0.478,-0.273,1.024,2.2,-16.9,41.0,44.40,ARM_SWING
26600,0.891,-0.457,-0.275,1.038,-0.7,-20.5,50.0,54.04,ARM_SWING
26650,0.844,-0.492,-0.274,1.015,7.9,-25.9,56.7,62.83,ARM_SWING
26700,0.893,-0.463,-0.252,1.037,8.1,-27.2,52.0,59.24,ARM_SWING
26750,0.852,-0.518,-0.213,1.020,27.7,-33.3,48.4,64.95,ARM_SWING
26800,0.808,-0.567,-0.289,1.029,17.9,-28.5,59.9,68.71,ARM_SWING
26850,0.832,-0.588,-0.339,1.074,11.4,-27.2,62.5,69.11,ARM_SWING
26900,0.852,-0.623,-0.344,1.110,10.9,-29.1,65.8,72.77,ARM_SWING
26950,0.823,-0.652,-0.364,1.111,-10.2,-31.0,76.5,83.17,ARM_SWING
27000,0.783,-0.609,-0.392,1.067,-17.8,-22.0,80.1,84.95,ARM_SWING
27050,0.719,-0.624,-0.370,1.021,-17.1,-20.5,77.7,82.16,ARM_SWING
27100,0.653,-0.602,-0.331,0.948,-9.0,-20.4,69.2,72.70,ARM_SWING
27150,0.580,-0.579,-0.276,0.865,-14.0,-15.3,49.1,53.30,ARM_SWING
27200,0.549,-0.566,-0.287,0.839,-15.0,-7.7,27.6,32.34,ARM_SWING
27250,0.519,-0.545,-0.284,0.804,-5.2,2.4,3.5,6.71,ARM_SWING
27300,0.552,-0.562,-0.279,0.836,-4.2,8.2,-21.4,23.30,ARM_SWING
27350,0.577,-0.599,-0.318,0.890,-3.7,16.8,-39.6,43.18,ARM_SWING
27400,0.622,-0.625,-0.351,0.949,6.1,22.1,-52.0,56.83,ARM_SWING
27450,0.649,-0.645,-0.365,0.985,7.4,21.6,-59.9,64.10,ARM_SWING
27500,0.697,-0.681,-0.386,1.048,12.5,19.0,-64.8,68.68,ARM_SWING
27550,0.691,-0.702,-0.381,1.056,9.3,18.6,-63.7,67.01,ARM_SWING
27600,0.735,-0.671,-0.359,1.058,6.2,24.5,-60.2,65.29,ARM_SWING
27650,0.746,-0.607,-0.327,1.016,-2.9,27.3,-57.5,63.72,ARM_SWING
27700,0.766,-0.561,-0.290,0.993,-9.2,28.6,-60.4,67.46,ARM_SWING
27750,0.804,-0.533,-0.292,1.008,-7.9,26.8,-65.1,70.84,ARM_SWING
27800,0.833,-0.543,-0.312,1.042,-0.1,20.4,-61.7,64.99,ARM_SWING
27850,0.849,-0.539,-0.286,1.046,9.8,12.6,-52.0,54.39,ARM_SWING
27900,0.860,-0.548,-0.291,1.060,7.1,6.4,-41.0,42.10,ARM_SWING
27950,0.852,-0.517,-0.281,1.035,4.8,2.6,-29.7,30.20,ARM_SWING
28000,0.831,-0.504,-0.290,1.014,-0.8,0.2,-17.8,17.82,ARM_SWING
28050,0.796,-0.488,-0.291,0.978,-2.7,0.2,-7.3,7.79,ARM_SWING
28100,0.816,-0.481,-0.303,0.994,-8.5,0.7,0.2,8.53,ARM_SWING
28150,0.851,-0.467,-0.310,1.019,4.2,-12.2,11.7,17.42,ARM_SWING
28200,0.812,-0.527,-0.311,1.017,6.5,-18.8,25.0,31.95,ARM_SWING
28250,0.858,-0.522,-0.326,1.056,-2.9,-21.2,35.7,41.62,ARM_SWING
28300,0.918,-0.576,-0.344,1.137,17.9,-39.4,51.5,67.27,ARM_SWING
28350,0.858,-0.588,-0.305,1.084,19.8,-43.1,68.6,83.40,ARM_SWING
28400,0.815,-0.601,-0.295,1.055,5.8,-36.4,74.6,83.21,ARM_SWING
28450,0.816,-0.611,-0.293,1.061,-4.8,-29.9,78.2,83.86,ARM_SWING
28500,0.795,-0.630,-0.299,1.058,-11.9,-21.8,78.3,82.14,ARM_SWING
28550,0.821,-0.656,-0.322,1.099,-14.5,-24.0,80.7,85.43,ARM_SWING
28600,0.745,-0.671,-0.360,1.065,-13.0,-22.3,87.7,91.42,ARM_SWING
28650,0.682,-0.612,-0.322,0.971,-4.4,-17.5,82.6,84.55,ARM_SWING
28700,0.603,-0.571,-0.338,0.897,-2.1,-7.4,68.4,68.83,ARM_SWING
28750,0.549,-0.509,-0.346,0.825,-10.2,0.6,44.6,45.76,ARM_SWING
28800,0.524,-0.479,-0.342,0.788,-11.2,8.5,15.5,20.93,ARM_SWING
28850,0.519,-0.480,-0.324,0.778,-9.2,14.9,-16.1,23.79,ARM_SWING
28900,0.573,-0.516,-0.335,0.841,-5.3,20.0,-46.6,50.99,ARM_SWING
28950,0.631,-0.571,-0.353,0.921,4.1,26.8,-64.7,70.15,ARM_SWING
29000,0.674,-0.602,-0.304,0.953,6.0,42.2,-80.8,91.35,ARM_SWING
29050,0.737,-0.599,-0.353,1.013,-7.4,38.0,-92.4,100.18,ARM_SWING
29100,0.785,-0.614,-0.360,1.060,3.4,34.9,-98.8,104.84,ARM_SWING
29150,0.834,-0.641,-0.320,1.099,14.7,33.0,-93.8,100.52,ARM_SWING
29200,0.884,-0.600,-0.325,1.117,1.6,30.7,-81.8,87.39,ARM_SWING
29250,0.892,-0.540,-0.290,1.082,3.6,26.3,-71.8,76.55,ARM_SWING
29300,0.901,-0.537,-0.289,1.088,7.8,23.7,-63.0,67.76,ARM_SWING
29350,0.880,-0.506,-0.297,1.058,7.6,21.7,-49.0,54.13,ARM_SWING
29400,0.852,-0.475,-0.298,1.020,-1.4,14.2,-37.5,40.12,ARM_SWING
29450,0.840,-0.487,-0.272,1.008,-45.7,8.6,-25.4,52.99,ARM_SWING
29500,0.854,-0.374,-0.280,0.973,-23.3,-0.8,-20.8,31.24,ARM_SWING
29550,0.868,-0.414,-0.289,1.004,-7.2,-4.4,-14.0,16.35,ARM_SWING
29600,0.870,-0.417,-0.306,1.012,3.6,-7.4,-2.8,8.69,ARM_SWING
29650,0.896,-0.439,-0.326,1.050,9.1,-12.1,12.6,19.70,ARM_SWING
29700,0.884,-0.454,-0.322,1.045,-5.1,-21.2,28.2,35.65,ARM_SWING
29750,0.895,-0.391,-0.314,1.026,3.2,-29.1,39.6,49.25,ARM_SWING
29800,0.864,-0.428,-0.296,1.009,13.5,-34.3,47.2,59.89,ARM_SWING
29850,0.827,-0.447,-0.304,0.988,5.1,-25.4,54.8,60.62,ARM_SWING
29900,0.870,-0.478,-0.352,1.053,25.3,-31.9,57.5,70.46,ARM_SWING
29950,0.819,-0.545,-0.352,1.045,21.2,-30.0,64.6,74.31,ARM_SWING
Recording stopped

Samples dumped: 600
