
Recording started
time,accelX,accelY,accelZ,accelMagnitude,gyroX,gyroY,gyroZ,gyroMagnitude,activity
1,0.789,-0.477,-0.285,0.965,16.8,-6.3,6.0,18.92,ARM_SWING
50,0.784,-0.486,-0.272,0.962,-0.9,-1.4,-0.7,1.81,ARM_SWING
100,0.790,-0.486,-0.267,0.965,3.7,-7.4,-3.0,8.80,ARM_SWING
150,0.777,-0.503,-0.257,0.961,3.0,-3.0,-6.0,7.35,ARM_SWING
200,0.761,-0.522,-0.268,0.961,0.5,3.6,-8.1,8.88,ARM_SWING
250,0.780,-0.535,-0.293,0.990,0.0,4.3,-9.1,10.06,ARM_SWING
300,0.794,-0.549,-0.308,1.013,3.2,3.4,-2.8,5.44,ARM_SWING
350,0.806,-0.553,-0.308,1.025,2.5,4.8,-1.1,5.52,ARM_SWING
400,0.807,-0.541,-0.301,1.017,2.8,3.7,2.5,5.27,ARM_SWING
450,0.833,-0.503,-0.302,1.019,-1.8,-2.8,10.1,10.63,ARM_SWING
500,0.880,-0.463,-0.289,1.036,5.7,-4.5,13.4,15.24,ARM_SWING
550,1.068,-0.430,-0.200,1.169,-4.2,-28.0,9.6,29.90,ARM_SWING
600,1.095,0.128,-0.101,1.107,34.7,-41.1,-30.0,61.59,ARM_SWING
650,0.979,0.007,-0.099,0.984,98.2,-31.5,-70.2,124.75,ARM_SWING
700,0.962,-0.202,-0.149,0.994,75.7,-11.2,-103.9,129.04,ARM_SWING
750,0.950,-0.497,-0.201,1.091,54.1,7.6,-127.1,138.34,ARM_SWING
800,0.840,-0.724,-0.294,1.147,12.4,19.8,-126.9,129.03,ARM_SWING
850,0.800,-0.800,-0.318,1.175,-9.1,13.0,-96.5,97.80,ARM_SWING
900,0.780,-0.850,-0.320,1.197,-12.9,-5.8,-42.9,45.17,ARM_SWING
950,0.754,-0.740,-0.218,1.079,-31.5,-7.5,18.5,37.29,ARM_SWING
1000,0.722,-0.713,-0.283,1.053,-17.0,-8.0,63.1,65.84,ARM_SWING
1050,0.819,-0.667,-0.287,1.095,-18.9,-10.1,84.8,87.47,ARM_SWING
1100,0.923,-0.667,-0.252,1.166,-18.7,-12.8,95.4,98.05,ARM_SWING
1150,1.051,-0.652,-0.256,1.263,-28.1,-19.3,119.7,124.46,ARM_SWING
1200,1.094,-0.618,-0.278,1.287,-27.2,-23.6,132.5,137.31,ARM_SWING
1250,1.086,-0.607,-0.240,1.267,-20.0,-20.5,132.6,135.66,ARM_SWING
1300,1.077,-0.603,-0.251,1.260,-26.8,-12.3,147.5,150.42,ARM_SWING
1350,1.005,-0.510,-0.251,1.155,-46.6,0.0,149.1,156.21,ARM_SWING
1400,0.891,-0.398,-0.277,1.014,-57.3,4.2,128.1,140.39,ARM_SWING
1450,0.819,-0.274,-0.233,0.894,-49.5,1.1,88.6,101.50,ARM_SWING
1500,0.791,-0.111,-0.156,0.814,-24.3,-9.2,39.3,47.11,ARM_SWING
1550,0.756,-0.014,-0.043,0.757,-3.2,-13.3,-37.0,39.45,ARM_SWING
1600,0.827,-0.210,-0.068,0.856,33.1,-5.1,-121.6,126.13,ARM_SWING
1650,0.899,-0.366,-0.121,0.978,48.2,16.0,-156.3,164.34,ARM_SWING
1700,1.030,-0.514,-0.215,1.171,74.8,30.5,-200.0,215.70,ARM_SWING
1750,1.114,-0.759,-0.301,1.381,65.3,31.9,-216.0,227.90,ARM_SWING
1800,1.127,-0.814,-0.325,1.428,10.9,39.0,-197.1,201.22,ARM_SWING
1850,1.237,-0.857,-0.448,1.570,-16.3,39.4,-151.9,157.77,ARM_SWING
1900,0.906,-0.899,-0.403,1.338,-34.3,28.5,-71.9,84.61,ARM_SWING
1950,0.683,-0.833,-0.553,1.211,-23.3,7.0,-7.9,25.58,ARM_SWING
2000,0.622,-0.793,-0.382,1.078,-40.3,-6.5,19.6,45.28,ARM_SWING
2050,0.674,-0.699,-0.350,1.032,7.5,-24.9,55.3,61.11,ARM_SWING
2100,0.825,-0.688,-0.317,1.120,13.9,-32.1,74.9,82.67,ARM_SWING
2150,0.929,-0.684,-0.251,1.181,-3.7,-31.5,97.7,102.72,ARM_SWING
2200,1.034,-0.720,-0.283,1.291,-47.0,-16.0,121.1,130.88,ARM_SWING
2250,1.237,-0.586,-0.332,1.408,-60.5,-34.8,138.8,155.36,ARM_SWING
2300,1.203,-0.533,-0.286,1.347,-26.1,-43.9,164.5,172.25,ARM_SWING
2350,1.190,-0.504,-0.314,1.330,-8.8,-44.8,176.8,182.60,ARM_SWING
2400,1.005,-0.467,-0.254,1.137,-13.8,-40.0,168.0,173.25,ARM_SWING
2450,0.797,-0.379,-0.221,0.910,-18.8,-35.7,136.9,142.72,ARM_SWING
2500,0.554,-0.286,-0.183,0.650,-22.5,-34.2,83.6,93.09,ARM_SWING
2550,0.470,-0.268,-0.157,0.563,-53.1,-15.2,14.9,57.21,ARM_SWING
2600,0.590,-0.140,-0.165,0.628,-25.0,-14.5,-57.4,64.27,ARM_SWING
2650,0.711,-0.264,-0.172,0.778,14.8,2.8,-118.2,119.16,ARM_SWING
2700,0.836,-0.344,-0.185,0.923,29.5,26.3,-159.1,163.94,ARM_SWING
2750,0.967,-0.472,-0.238,1.102,76.0,38.7,-191.1,209.27,ARM_SWING
2800,1.100,-0.859,-0.426,1.459,96.6,52.9,-190.3,219.87,ARM_SWING
2850,1.048,-1.300,-0.495,1.742,95.6,33.3,-140.0,172.77,ARM_SWING
2900,0.734,-1.312,-0.542,1.598,13.4,24.6,-64.2,70.05,ARM_SWING
2950,0.582,-1.033,-0.495,1.285,-60.9,17.7,-9.3,64.10,ARM_SWING
3000,0.589,-0.732,-0.345,1.001,-66.4,-1.4,14.5,67.98,ARM_SWING
3050,0.409,-0.700,-0.140,0.823,-56.4,0.2,24.2,61.37,ARM_SWING
3100,0.568,-0.631,-0.317,0.906,-32.4,-0.4,16.3,36.27,ARM_SWING
3150,0.616,-0.729,-0.254,0.988,-1.3,-18.7,20.5,27.78,ARM_SWING
3200,0.842,-0.924,-0.322,1.291,41.7,-24.7,39.1,62.27,ARM_SWING
3250,1.006,-0.987,-0.207,1.424,9.1,-21.1,94.7,97.45,ARM_SWING
3300,1.054,-0.767,-0.234,1.324,-11.2,-14.4,131.7,132.96,ARM_SWING
3350,1.003,-0.671,-0.241,1.231,-35.1,-4.1,143.2,147.50,ARM_SWING
3400,0.941,-0.517,-0.275,1.108,-57.6,7.2,136.7,148.51,ARM_SWING
3450,0.867,-0.385,-0.306,0.997,-59.7,10.4,123.5,137.57,ARM_SWING
3500,0.761,-0.140,-0.262,0.817,-48.3,3.0,78.6,92.30,ARM_SWING
3550,0.762,0.017,-0.219,0.793,-18.0,-2.1,4.4,18.65,ARM_SWING
3600,0.732,-0.062,-0.373,0.824,24.2,-1.3,-56.4,61.39,ARM_SWING
3650,0.853,-0.235,-0.264,0.923,33.4,8.7,-114.3,119.40,ARM_SWING
3700,0.954,-0.358,-0.246,1.048,62.0,10.6,-158.9,170.90,ARM_SWING
3750,1.093,-0.512,-0.231,1.229,108.2,4.7,-199.0,226.56,ARM_SWING
3800,1.169,-0.677,-0.154,1.360,96.8,3.8,-215.1,235.91,ARM_SWING
3850,1.265,-0.838,-0.249,1.538,23.6,12.4,-210.8,212.48,ARM_SWING
3900,1.072,-1.115,-0.258,1.568,-55.7,35.0,-155.4,168.75,ARM_SWING
3950,0.864,-0.930,-0.383,1.326,-104.7,41.0,-70.3,132.61,ARM_SWING
4000,0.753,-0.795,-0.386,1.161,14.8,6.3,-8.2,18.05,ARM_SWING
4050,0.478,-0.833,-0.423,1.049,-51.1,-3.2,36.6,62.94,ARM_SWING
4100,0.577,-0.668,-0.446,0.989,-29.4,-25.4,69.6,79.71,ARM_SWING
4150,0.813,-0.694,-0.419,1.148,1.0,-42.9,83.3,93.70,ARM_SWING
4200,1.118,-0.673,-0.420,1.371,12.7,-51.5,103.8,116.57,ARM_SWING
4250,1.286,-0.658,-0.348,1.486,14.9,-55.7,134.1,145.97,ARM_SWING
4300,1.289,-0.626,-0.355,1.476,-5.8,-54.8,175.7,184.14,ARM_SWING
4350,1.250,-0.549,-0.310,1.400,-32.7,-43.6,184.5,192.38,ARM_SWING
4400,1.117,-0.382,-0.253,1.207,-15.4,-44.4,179.9,185.94,ARM_SWING
4450,0.929,-0.331,-0.233,1.013,-13.1,-32.9,148.9,153.05,ARM_SWING
4500,0.759,-0.143,-0.139,0.785,-22.1,-33.4,97.6,105.50,ARM_SWING
4550,0.595,0.149,-0.059,0.616,-42.9,-19.5,13.0,48.88,ARM_SWING
4600,0.607,-0.026,-0.121,0.619,3.7,-1.4,-74.6,74.70,ARM_SWING
4650,0.801,-0.301,-0.163,0.871,24.4,31.2,-142.5,147.90,ARM_SWING
4700,0.960,-0.387,-0.204,1.055,83.0,38.6,-189.5,210.45,ARM_SWING
4750,1.121,-0.579,-0.273,1.291,83.7,49.7,-221.9,242.31,ARM_SWING
4800,1.254,-0.824,-0.286,1.528,21.9,61.0,-219.5,228.87,ARM_SWING
4850,1.199,-0.907,-0.345,1.542,-38.8,57.1,-181.7,194.37,ARM_SWING
4900,1.082,-0.833,-0.423,1.430,-21.6,51.5,-104.2,118.22,ARM_SWING
4950,0.893,-0.764,-0.428,1.251,-48.5,34.9,-53.8,80.40,ARM_SWING
5000,0.683,-0.727,-0.588,1.158,-33.1,-1.8,-0.7,33.16,ARM_SWING
5050,0.614,-0.704,-0.455,1.039,-16.6,4.6,6.3,18.34,ARM_SWING
5100,0.665,-0.670,-0.467,1.053,-15.0,-14.8,36.4,42.06,ARM_SWING
5150,0.784,-0.674,-0.449,1.127,-4.2,-20.6,57.8,61.50,ARM_SWING
5200,0.977,-0.623,-0.401,1.226,13.6,-44.0,87.5,98.88,ARM_SWING
5250,1.152,-0.606,-0.473,1.385,17.7,-60.2,114.2,130.30,ARM_SWING
5300,1.178,-0.565,-0.335,1.349,12.9,-84.7,150.4,173.09,ARM_SWING
5350,1.147,-0.513,-0.253,1.282,31.7,-66.7,172.9,188.01,ARM_SWING
5400,1.080,-0.495,-0.247,1.213,3.2,-47.0,164.5,171.11,ARM_SWING
5450,0.949,-0.390,-0.171,1.040,-42.7,-29.5,119.7,130.47,ARM_SWING
5500,0.820,-0.381,-0.203,0.927,-52.1,-23.8,104.1,118.82,ARM_SWING
5550,0.791,-0.258,-0.170,0.849,-23.6,-27.7,67.5,76.68,ARM_SWING
5600,0.686,-0.139,-0.136,0.713,13.1,-22.2,5.6,26.38,ARM_SWING
5650,0.673,-0.201,-0.162,0.721,21.7,-7.4,-57.9,62.27,ARM_SWING
5700,0.708,-0.298,-0.160,0.785,46.2,7.5,-116.7,125.74,ARM_SWING
5750,0.807,-0.401,-0.208,0.925,58.0,26.8,-172.6,184.05,ARM_SWING
5800,0.976,-0.631,-0.273,1.194,55.0,36.6,-202.7,213.19,ARM_SWING
5850,1.095,-0.775,-0.290,1.372,43.8,40.3,-202.6,211.16,ARM_SWING
5900,1.103,-0.870,-0.414,1.465,44.1,29.8,-162.8,171.28,ARM_SWING
5950,0.971,-0.892,-0.379,1.372,0.0,20.5,-98.4,100.51,ARM_SWING
6000,0.846,-0.735,-0.357,1.176,-9.7,7.5,-43.7,45.39,ARM_SWING
6050,0.824,-0.569,-0.310,1.048,34.7,-7.8,-38.0,52.05,ARM_SWING
6100,0.582,-0.722,-0.284,0.970,-0.7,14.9,-0.7,14.93,ARM_SWING
6150,0.668,-0.656,-0.326,0.991,-30.5,1.1,19.8,36.38,ARM_SWING
6200,0.797,-0.641,-0.350,1.081,5.3,-8.7,39.6,40.89,ARM_SWING
6250,0.877,-0.712,-0.307,1.171,4.9,-2.6,69.5,69.72,ARM_SWING
6300,1.091,-0.596,-0.372,1.298,-5.3,-16.8,104.7,106.17,ARM_SWING
6350,1.187,-0.598,-0.351,1.375,-12.2,-30.8,136.4,140.37,ARM_SWING
6400,1.161,-0.516,-0.267,1.298,-26.3,-33.1,155.4,161.05,ARM_SWING
6450,0.976,-0.423,-0.191,1.081,-27.3,-28.1,147.5,152.61,ARM_SWING
6500,0.927,-0.375,-0.183,1.017,-29.4,-26.6,116.4,122.97,ARM_SWING
6550,0.805,-0.290,-0.106,0.862,-9.2,-31.1,80.9,87.16,ARM_SWING
6600,0.754,-0.111,-0.096,0.768,-4.8,-24.4,24.0,34.56,ARM_SWING
6650,0.759,-0.150,-0.081,0.778,6.6,-14.6,-41.7,44.67,ARM_SWING
6700,0.829,-0.276,-0.135,0.884,11.8,12.0,-91.0,92.54,ARM_SWING
6750,0.915,-0.376,-0.199,1.009,15.8,36.4,-131.7,137.55,ARM_SWING
6800,0.991,-0.474,-0.268,1.131,27.3,50.4,-161.2,171.09,ARM_SWING
6850,1.043,-0.586,-0.323,1.239,29.6,45.0,-169.9,178.23,ARM_SWING
6900,1.060,-0.684,-0.342,1.307,13.5,45.9,-160.3,167.29,ARM_SWING
6950,0.951,-0.758,-0.470,1.304,-14.6,31.4,-115.9,120.96,ARM_SWING
7000,0.894,-0.732,-0.385,1.218,-30.4,22.1,-65.5,75.52,ARM_SWING
7050,0.793,-0.729,-0.347,1.132,-4.4,-2.5,-17.7,18.41,ARM_SWING
7100,0.752,-0.713,-0.363,1.098,-10.0,-10.4,15.7,21.32,ARM_SWING
7150,0.788,-0.642,-0.366,1.080,-38.9,-15.4,63.2,75.79,ARM_SWING
7200,0.903,-0.606,-0.327,1.136,17.2,-34.5,86.9,95.07,ARM_SWING
7250,1.041,-0.589,-0.315,1.237,34.9,-44.5,111.8,125.29,ARM_SWING
7300,1.091,-0.586,-0.270,1.268,6.8,-47.3,137.2,145.28,ARM_SWING
7350,1.216,-0.511,-0.265,1.345,-7.0,-47.4,151.3,158.71,ARM_SWING
7400,1.128,-0.432,-0.206,1.225,-6.5,-53.9,150.4,159.90,ARM_SWING
7450,0.971,-0.360,-0.176,1.050,-18.0,-41.7,134.3,141.77,ARM_SWING
7500,0.799,-0.143,-0.113,0.820,-21.6,-21.8,80.8,86.43,ARM_SWING
7550,0.642,-0.046,-0.110,0.653,-4.7,-8.1,12.6,15.70,ARM_SWING
7600,0.664,-0.171,-0.149,0.702,10.9,3.2,-53.1,54.30,ARM_SWING
7650,0.759,-0.304,-0.166,0.834,18.1,19.6,-106.5,109.79,ARM_SWING
7700,0.888,-0.411,-0.208,1.000,27.0,31.5,-139.0,145.06,ARM_SWING
7750,1.016,-0.532,-0.254,1.175,52.6,28.9,-177.1,186.99,ARM_SWING
7800,1.048,-0.631,-0.271,1.253,44.6,26.9,-159.8,168.07,ARM_SWING
7850,1.017,-0.722,-0.325,1.289,-10.9,36.5,-138.8,143.93,ARM_SWING
7900,0.961,-0.724,-0.329,1.247,-6.6,26.1,-86.8,90.88,ARM_SWING
7950,0.883,-0.701,-0.343,1.178,-15.8,5.3,-39.9,43.24,ARM_SWING
8000,0.771,-0.696,-0.332,1.090,13.5,-9.8,-3.0,16.95,ARM_SWING
8050,0.798,-0.590,-0.333,1.047,-0.2,-14.5,26.9,30.56,ARM_SWING
8100,0.751,-0.598,-0.360,1.025,-20.8,-19.7,57.9,64.60,ARM_SWING
8150,0.906,-0.677,-0.387,1.195,-9.5,-27.6,80.0,85.16,ARM_SWING
8200,0.959,-0.683,-0.332,1.223,8.5,-30.0,108.7,113.08,ARM_SWING
8250,1.016,-0.610,-0.306,1.224,-14.3,-30.5,129.9,134.20,ARM_SWING
8300,1.026,-0.531,-0.262,1.185,-23.1,-37.3,128.6,135.88,ARM_SWING
8350,1.006,-0.427,-0.196,1.110,-26.1,-36.0,117.8,125.91,ARM_SWING
8400,0.884,-0.258,-0.132,0.930,-17.8,-26.1,86.1,91.71,ARM_SWING
8450,0.785,-0.177,-0.101,0.811,-10.5,-17.7,45.0,49.48,ARM_SWING
8500,0.752,-0.257,-0.112,0.803,-6.4,5.7,3.9,9.42,ARM_SWING
8550,0.784,-0.297,-0.170,0.855,14.9,9.3,-35.6,39.70,ARM_SWING
8600,0.813,-0.386,-0.187,0.919,11.3,24.0,-78.0,82.39,ARM_SWING
8650,0.858,-0.431,-0.236,0.989,17.4,22.4,-100.2,104.14,ARM_SWING
8700,0.925,-0.487,-0.277,1.081,33.1,17.9,-119.8,125.57,ARM_SWING
8750,0.936,-0.565,-0.314,1.138,39.9,20.3,-128.8,136.36,ARM_SWING
8800,0.921,-0.631,-0.375,1.178,29.2,21.3,-120.3,125.61,ARM_SWING
8850,0.845,-0.675,-0.347,1.136,14.0,15.7,-103.5,105.62,ARM_SWING
8900,0.797,-0.732,-0.364,1.142,-0.6,6.3,-73.9,74.17,ARM_SWING
8950,0.771,-0.758,-0.368,1.142,-19.4,3.0,-34.3,39.52,ARM_SWING
9000,0.840,-0.673,-0.355,1.133,-32.7,-0.8,3.1,32.86,ARM_SWING
9050,0.846,-0.650,-0.377,1.132,-18.9,-14.2,59.1,63.65,ARM_SWING
9100,0.919,-0.611,-0.336,1.154,-9.5,-25.9,85.5,89.84,ARM_SWING
9150,0.985,-0.568,-0.293,1.174,0.0,-32.8,109.4,114.21,ARM_SWING
9200,0.992,-0.517,-0.220,1.140,5.4,-35.7,122.1,127.33,ARM_SWING
9250,0.972,-0.535,-0.225,1.132,-14.7,-35.2,117.6,123.63,ARM_SWING
9300,0.960,-0.540,-0.201,1.120,-27.4,-23.7,116.1,121.62,ARM_SWING
9350,0.940,-0.470,-0.226,1.075,-24.6,-7.9,112.4,115.33,ARM_SWING
9400,0.870,-0.361,-0.227,0.969,-26.5,-8.7,89.7,93.94,ARM_SWING
9450,0.730,-0.023,-0.191,0.755,-8.2,-0.8,36.4,37.32,ARM_SWING
9500,0.686,-0.010,-0.165,0.706,26.1,0.8,-46.6,53.42,ARM_SWING
9550,0.838,-0.268,-0.213,0.905,21.0,7.6,-96.8,99.34,ARM_SWING
9600,0.950,-0.381,-0.220,1.047,9.6,19.6,-125.7,127.58,ARM_SWING
9650,1.039,-0.509,-0.253,1.184,43.7,24.5,-149.8,157.96,ARM_SWING
9700,1.015,-0.610,-0.267,1.214,55.0,12.9,-144.6,155.24,ARM_SWING
9750,0.956,-0.654,-0.221,1.179,50.5,10.5,-128.1,138.09,ARM_SWING
9800,0.892,-0.719,-0.254,1.174,33.6,9.9,-100.7,106.62,ARM_SWING
9850,0.825,-0.768,-0.275,1.160,2.0,5.8,-64.5,64.79,ARM_SWING
9900,0.766,-0.736,-0.300,1.104,-24.8,11.4,-24.2,36.48,ARM_SWING
9950,0.673,-0.618,-0.416,1.004,-27.9,2.1,13.5,31.07,ARM_SWING
10000,0.753,-0.650,-0.358,1.057,-29.5,0.0,40.3,49.94,ARM_SWING
10050,0.878,-0.648,-0.398,1.162,-15.3,-12.5,69.6,72.35,ARM_SWING
10100,1.017,-0.770,-0.393,1.335,-10.9,-31.5,110.1,115.04,ARM_SWING
10150,1.105,-0.698,-0.336,1.349,0.9,-44.8,155.8,162.12,ARM_SWING
10200,1.104,-0.613,-0.339,1.307,-16.9,-51.8,171.7,180.14,ARM_SWING
10250,1.094,-0.478,-0.252,1.220,-8.1,-65.9,163.4,176.37,ARM_SWING
10300,0.962,-0.331,-0.175,1.032,6.7,-55.5,136.5,147.50,ARM_SWING
10350,0.736,-0.179,-0.134,0.769,-13.8,-25.0,85.7,90.33,ARM_SWING
10400,0.613,-0.078,-0.123,0.630,-31.4,2.7,11.6,33.58,ARM_SWING
10450,0.637,-0.157,-0.129,0.669,-19.9,9.4,-52.5,56.93,ARM_SWING
10500,0.723,-0.299,-0.152,0.797,1.8,33.5,-103.3,108.61,ARM_SWING
10550,0.897,-0.431,-0.167,1.009,14.0,37.4,-141.4,146.93,ARM_SWING
10600,1.029,-0.538,-0.237,1.185,26.6,57.3,-164.4,176.12,ARM_SWING
10650,1.084,-0.623,-0.334,1.294,13.7,72.1,-162.2,178.03,ARM_SWING
10700,1.028,-0.679,-0.327,1.275,-14.6,74.1,-141.6,160.48,ARM_SWING
10750,0.939,-0.727,-0.518,1.296,-4.2,50.1,-101.6,113.36,ARM_SWING
10800,0.852,-0.752,-0.485,1.236,-19.6,23.4,-57.1,64.75,ARM_SWING
10850,0.803,-0.729,-0.451,1.175,-9.5,-2.9,-11.3,15.04,ARM_SWING
10900,0.850,-0.741,-0.451,1.214,10.8,-40.3,34.7,54.27,ARM_SWING
10950,0.865,-0.671,-0.364,1.154,-10.6,-36.4,70.3,79.87,ARM_SWING
11000,1.007,-0.660,-0.311,1.244,16.3,-66.5,109.3,128.97,ARM_SWING
11050,0.986,-0.634,-0.261,1.201,38.9,-58.8,143.5,159.88,ARM_SWING
11100,1.003,-0.545,-0.286,1.177,24.3,-61.4,153.5,167.10,ARM_SWING
11150,1.034,-0.459,-0.228,1.154,22.1,-65.5,143.8,159.55,ARM_SWING
11200,1.009,-0.403,-0.190,1.103,12.5,-47.2,115.7,125.58,ARM_SWING
11250,0.844,-0.345,-0.186,0.931,-12.0,-14.7,91.7,93.64,ARM_SWING
11300,0.671,-0.199,-0.183,0.723,-31.9,16.8,44.6,57.35,ARM_SWING
11350,0.596,-0.178,-0.186,0.649,-37.3,33.4,-19.5,53.73,ARM_SWING
11400,0.679,-0.293,-0.231,0.775,-1.4,38.9,-75.1,84.59,ARM_SWING
11450,0.789,-0.448,-0.231,0.936,1.6,38.9,-116.6,122.93,ARM_SWING
11500,0.919,-0.528,-0.269,1.093,24.2,38.8,-134.5,142.06,ARM_SWING
11550,0.973,-0.578,-0.298,1.170,35.2,45.0,-136.7,148.16,ARM_SWING
11600,0.975,-0.619,-0.316,1.197,32.2,39.4,-124.7,134.68,ARM_SWING
11650,0.926,-0.651,-0.336,1.181,23.1,31.7,-107.5,114.43,ARM_SWING
11700,0.860,-0.711,-0.335,1.165,16.6,20.0,-78.6,82.79,ARM_SWING
11750,0.816,-0.706,-0.369,1.140,-6.1,5.7,-40.1,40.96,ARM_SWING
11800,0.779,-0.702,-0.353,1.106,-12.7,-3.8,-4.2,13.91,ARM_SWING
11850,0.720,-0.664,-0.411,1.062,-31.9,-6.3,30.8,44.79,ARM_SWING
11900,0.865,-0.639,-0.361,1.134,-33.7,-23.3,54.9,68.50,ARM_SWING
11950,0.930,-0.637,-0.279,1.161,2.0,-32.0,86.5,92.25,ARM_SWING
12000,0.968,-0.638,-0.273,1.191,15.2,-28.6,106.3,111.12,ARM_SWING
12050,1.069,-0.554,-0.216,1.223,-2.7,-35.0,121.3,126.28,ARM_SWING
12100,1.086,-0.614,-0.237,1.270,0.1,-45.1,145.4,152.23,ARM_SWING
12150,0.940,-0.509,-0.205,1.088,-23.0,-23.4,143.7,147.40,ARM_SWING
12200,0.780,-0.362,-0.183,0.879,-30.5,-11.5,116.2,120.69,ARM_SWING
12250,0.664,-0.297,-0.183,0.750,-19.2,0.5,67.4,70.08,ARM_SWING
12300,0.629,-0.253,-0.200,0.707,-17.9,7.7,10.0,21.90,ARM_SWING
12350,0.674,-0.285,-0.194,0.757,-8.6,9.6,-44.3,46.14,ARM_SWING
12400,0.755,-0.357,-0.221,0.864,8.6,13.5,-90.0,91.41,ARM_SWING
12450,0.859,-0.419,-0.230,0.983,13.6,28.7,-126.0,129.94,ARM_SWING
12500,0.931,-0.493,-0.240,1.080,43.0,19.1,-141.8,149.40,ARM_SWING
12550,0.978,-0.572,-0.260,1.162,50.2,27.7,-155.4,165.64,ARM_SWING
12600,0.996,-0.666,-0.300,1.235,30.1,25.0,-144.2,149.41,ARM_SWING
12650,0.951,-0.726,-0.322,1.239,5.6,23.1,-116.8,119.19,ARM_SWING
12700,0.870,-0.739,-0.329,1.188,-12.2,13.0,-72.1,74.27,ARM_SWING
12750,0.808,-0.746,-0.346,1.153,-19.7,3.9,-29.3,35.52,ARM_SWING
12800,0.762,-0.933,-0.289,1.239,-38.9,3.5,11.5,40.71,ARM_SWING
12850,0.846,-0.639,-0.402,1.134,-21.6,-25.1,50.4,60.31,ARM_SWING
12900,0.940,-0.639,-0.342,1.187,10.2,-42.2,87.2,97.41,ARM_SWING
12950,1.000,-0.634,-0.267,1.214,43.3,-44.4,116.8,132.24,ARM_SWING
13000,1.069,-0.681,-0.296,1.302,45.0,-35.2,149.1,159.67,ARM_SWING
13050,1.039,-0.595,-0.239,1.221,-11.4,-27.2,164.8,167.42,ARM_SWING
13100,0.922,-0.445,-0.229,1.049,-27.5,-25.9,156.3,160.80,ARM_SWING
13150,0.724,-0.231,-0.213,0.789,-34.1,-15.4,103.6,110.15,ARM_SWING
13200,0.548,0.175,-0.144,0.593,-4.7,-12.5,16.1,20.92,ARM_SWING
13250,0.749,-0.119,-0.188,0.781,17.8,-2.5,-63.8,66.28,ARM_SWING
13300,0.915,-0.330,-0.164,0.986,-1.1,12.9,-103.8,104.60,ARM_SWING
13350,0.994,-0.401,-0.193,1.089,10.2,24.5,-131.3,133.96,ARM_SWING
13400,1.041,-0.535,-0.221,1.191,27.8,26.7,-146.9,151.87,ARM_SWING
13450,1.017,-0.635,-0.221,1.219,39.8,17.2,-134.8,141.60,ARM_SWING
13500,0.890,-0.564,-0.549,1.188,33.5,-5.5,-108.6,113.78,ARM_SWING
13550,0.890,-0.711,-0.254,1.167,37.8,13.1,-90.3,98.77,ARM_SWING
13600,0.818,-0.729,-0.291,1.134,17.2,8.0,-58.3,61.31,ARM_SWING
13650,0.768,-0.712,-0.318,1.094,-18.1,14.1,-27.0,35.43,ARM_SWING
13700,0.885,-0.569,-0.433,1.138,-37.6,10.5,-9.1,40.09,ARM_SWING
13750,0.834,-0.687,-0.427,1.162,-19.8,-7.4,42.0,47.02,ARM_SWING
13800,0.922,-0.673,-0.380,1.203,-12.0,-28.0,82.7,88.13,ARM_SWING
13850,1.004,-0.712,-0.330,1.274,2.6,-33.6,115.9,120.70,ARM_SWING
13900,1.016,-0.671,-0.283,1.250,-6.0,-36.6,153.0,157.43,ARM_SWING
13950,1.088,-0.593,-0.260,1.266,-9.1,-42.7,152.5,158.63,ARM_SWING
14000,0.943,-0.458,-0.167,1.062,6.4,-43.4,144.7,151.20,ARM_SWING
14050,0.809,-0.272,-0.188,0.874,-12.4,-24.6,116.8,120.00,ARM_SWING
14100,0.627,-0.070,-0.159,0.651,-22.4,-0.5,49.9,54.70,ARM_SWING
14150,0.617,-0.100,-0.182,0.651,-5.9,11.2,-22.2,25.56,ARM_SWING
14200,0.715,-0.266,-0.214,0.792,-7.1,31.5,-80.7,86.92,ARM_SWING
14250,0.850,-0.383,-0.253,0.966,-2.7,32.7,-124.6,128.85,ARM_SWING
14300,0.982,-0.476,-0.273,1.125,6.5,35.4,-148.4,152.70,ARM_SWING
14350,1.037,-0.572,-0.295,1.220,9.9,36.8,-146.8,151.67,ARM_SWING
14400,1.015,-0.628,-0.302,1.231,7.9,28.2,-128.1,131.40,ARM_SWING
14450,0.959,-0.711,-0.320,1.236,0.0,23.3,-96.1,98.88,ARM_SWING
14500,0.866,-0.700,-0.346,1.166,-13.5,19.8,-56.0,60.91,ARM_SWING
14550,0.790,-0.702,-0.344,1.111,-10.9,10.6,-17.0,22.81,ARM_SWING
14600,0.793,-0.652,-0.332,1.079,-6.9,-10.2,17.1,21.07,ARM_SWING
14650,0.877,-0.821,-0.191,1.216,-12.3,-12.5,42.9,46.35,ARM_SWING
14700,0.931,-0.665,-0.348,1.196,5.1,-33.4,81.6,88.32,ARM_SWING
14750,1.005,-0.682,-0.305,1.252,6.5,-21.8,123.3,125.38,ARM_SWING
14800,1.056,-0.695,-0.315,1.303,-1.1,-27.1,158.1,160.41,ARM_SWING
14850,1.037,-0.631,-0.304,1.251,-20.5,-33.8,176.9,181.26,ARM_SWING
14900,0.879,-0.465,-0.281,1.033,-11.4,-33.8,158.9,162.85,ARM_SWING
14950,0.662,-0.345,-0.222,0.779,-10.7,-31.5,120.2,124.72,ARM_SWING
15000,0.556,-0.253,-0.193,0.641,-13.8,-15.5,60.3,63.77,ARM_SWING
15050,0.542,-0.234,-0.185,0.619,1.3,-9.0,3.3,9.67,ARM_SWING
15100,0.642,-0.299,-0.193,0.734,5.3,6.9,-59.5,60.13,ARM_SWING
15150,0.771,-0.356,-0.241,0.883,6.3,21.3,-114.9,117.03,ARM_SWING
15200,0.876,-0.433,-0.279,1.016,11.3,33.2,-146.1,150.25,ARM_SWING
15250,0.967,-0.515,-0.305,1.137,16.5,29.1,-161.7,165.12,ARM_SWING
15300,1.024,-0.610,-0.325,1.235,27.7,21.9,-161.3,165.12,ARM_SWING
15350,1.042,-0.686,-0.318,1.287,29.9,4.8,-135.7,139.04,ARM_SWING
15400,0.960,-0.732,-0.289,1.241,31.0,-3.1,-92.8,97.89,ARM_SWING
15450,0.900,-0.761,-0.282,1.212,-5.3,-4.1,-42.9,43.42,ARM_SWING
15500,0.810,-0.596,-0.277,1.043,-13.7,0.3,-4.2,14.33,ARM_SWING
15550,0.724,-0.544,-0.287,0.950,-10.3,-3.2,0.7,10.81,ARM_SWING
15600,0.800,-0.566,-0.275,1.018,-4.1,-8.1,4.6,10.18,ARM_SWING
15650,0.865,-0.630,-0.311,1.114,9.3,-17.1,46.3,50.23,ARM_SWING
15700,0.957,-0.645,-0.312,1.195,19.9,-21.7,78.1,83.47,ARM_SWING
15750,1.025,-0.728,-0.328,1.299,6.2,-14.7,125.0,126.01,ARM_SWING
15800,1.052,-0.717,-0.319,1.312,-25.7,-14.2,165.2,167.79,ARM_SWING
15850,0.970,-0.608,-0.289,1.181,-52.4,-14.2,175.8,183.99,ARM_SWING
15900,0.772,-0.415,-0.255,0.913,-32.7,-12.4,149.6,153.63,ARM_SWING
15950,0.635,-0.296,-0.237,0.740,-22.8,-11.0,103.7,106.75,ARM_SWING
16000,0.596,-0.245,-0.212,0.678,-10.5,-9.1,47.1,49.11,ARM_SWING
16050,0.633,-0.262,-0.216,0.718,-1.8,-0.7,-12.5,12.65,ARM_SWING
16100,0.687,-0.315,-0.234,0.791,-0.4,14.6,-63.6,65.26,ARM_SWING
16150,0.758,-0.362,-0.254,0.878,7.9,20.3,-107.1,109.29,ARM_SWING
16200,0.865,-0.436,-0.285,1.010,11.8,26.8,-144.8,147.73,ARM_SWING
16250,0.984,-0.522,-0.311,1.156,39.2,24.3,-154.9,161.62,ARM_SWING
16300,1.027,-0.627,-0.311,1.243,51.4,15.7,-155.8,164.81,ARM_SWING
16350,0.976,-0.742,-0.325,1.268,35.0,12.1,-129.1,134.31,ARM_SWING
16400,0.904,-0.777,-0.318,1.234,-9.6,12.9,-87.2,88.67,ARM_SWING
16450,0.846,-0.734,-0.310,1.162,-18.6,8.3,-42.7,47.31,ARM_SWING
16500,0.791,-0.714,-0.295,1.106,-15.6,-2.4,3.0,16.07,ARM_SWING
16550,0.780,-0.686,-0.310,1.084,2.5,-19.5,32.9,38.33,ARM_SWING
16600,0.806,-0.704,-0.281,1.106,-33.7,-0.2,58.3,67.34,ARM_SWING
16650,0.945,-0.666,-0.306,1.196,0.1,-14.9,96.0,97.15,ARM_SWING
16700,1.029,-0.622,-0.315,1.243,3.9,-20.3,128.1,129.76,ARM_SWING
16750,1.009,-0.576,-0.275,1.194,-0.2,-22.7,142.3,144.10,ARM_SWING
16800,0.925,-0.444,-0.270,1.061,-18.2,-10.4,138.7,140.28,ARM_SWING
16850,0.822,-0.356,-0.238,0.927,-17.8,-5.7,110.4,111.97,ARM_SWING
16900,0.738,-0.277,-0.236,0.823,-22.1,-0.7,66.7,70.27,ARM_SWING
16950,0.675,-0.160,-0.220,0.728,-6.0,-4.4,9.1,11.75,ARM_SWING
17000,0.693,-0.217,-0.210,0.756,9.3,-2.1,-50.1,51.00,ARM_SWING
17050,0.767,-0.349,-0.225,0.872,9.0,11.3,-93.8,94.91,ARM_SWING
17100,0.880,-0.425,-0.234,1.005,16.7,13.8,-125.6,127.45,ARM_SWING
17150,0.962,-0.521,-0.197,1.112,28.3,21.1,-139.1,143.51,ARM_SWING
17200,0.961,-0.582,-0.183,1.138,24.4,19.5,-132.8,136.42,ARM_SWING
17250,0.801,-0.700,-0.380,1.130,-51.8,39.4,-115.4,132.49,ARM_SWING
17300,0.942,-0.673,-0.369,1.215,-35.2,35.6,-105.4,116.69,ARM_SWING
17350,0.873,-0.659,-0.370,1.155,5.8,4.9,-62.5,62.96,ARM_SWING
17400,0.820,-0.730,-0.356,1.154,35.2,-17.5,-4.6,39.58,ARM_SWING
17450,0.812,-0.709,-0.385,1.145,4.2,-22.4,46.8,52.05,ARM_SWING
17500,0.855,-0.704,-0.266,1.139,-17.7,-24.0,70.7,76.73,ARM_SWING
17550,1.005,-0.650,-0.301,1.234,3.7,-43.8,111.9,120.22,ARM_SWING
17600,1.103,-0.598,-0.273,1.284,26.6,-47.6,145.3,155.19,ARM_SWING
17650,1.084,-0.498,-0.239,1.217,26.3,-43.3,161.4,169.16,ARM_SWING
17700,0.945,-0.421,-0.200,1.054,8.9,-27.2,147.7,150.45,ARM_SWING
17750,0.775,-0.286,-0.187,0.847,-12.6,-14.4,105.4,107.12,ARM_SWING
17800,0.617,-0.130,-0.170,0.653,-14.2,1.4,44.8,47.02,ARM_SWING
17850,0.611,-0.129,-0.196,0.655,4.5,10.2,-24.7,27.10,ARM_SWING
17900,0.702,-0.291,-0.238,0.796,4.3,17.8,-81.9,83.92,ARM_SWING
17950,0.825,-0.356,-0.249,0.932,4.9,24.0,-130.1,132.39,ARM_SWING
18000,0.972,-0.486,-0.285,1.123,16.5,25.9,-159.0,161.94,ARM_SWING
18050,1.056,-0.584,-0.292,1.242,22.2,24.6,-159.6,163.00,ARM_SWING
18100,1.113,-0.607,-0.166,1.279,23.8,31.2,-129.8,135.60,ARM_SWING
18150,0.979,-0.727,-0.335,1.265,-4.4,14.0,-94.8,95.93,ARM_SWING
18200,0.883,-0.718,-0.306,1.178,-5.4,2.0,-43.8,44.18,ARM_SWING
18250,0.798,-0.718,-0.256,1.104,-17.7,-5.8,0.2,18.63,ARM_SWING
18300,0.765,-0.623,-0.277,1.025,-26.1,-11.0,35.7,45.57,ARM_SWING
18350,0.792,-0.647,-0.421,1.106,-24.7,-14.5,68.2,73.97,ARM_SWING
18400,0.965,-0.632,-0.355,1.207,-14.2,-34.2,104.5,110.87,ARM_SWING
18450,1.046,-0.666,-0.333,1.284,6.2,-25.9,140.2,142.71,ARM_SWING
18500,1.039,-0.577,-0.335,1.235,17.8,-33.4,160.1,164.51,ARM_SWING
18550,0.955,-0.448,-0.314,1.101,7.6,-29.0,154.3,157.19,ARM_SWING
18600,0.810,-0.336,-0.282,0.921,-10.2,-22.1,124.5,126.86,ARM_SWING
18650,0.677,-0.117,-0.223,0.722,3.2,-17.9,63.9,66.44,ARM_SWING
18700,0.597,-0.147,-0.195,0.645,22.0,-8.7,-5.5,24.29,ARM_SWING
18750,0.666,-0.243,-0.194,0.735,10.2,-3.3,-65.0,65.88,ARM_SWING
18800,0.774,-0.314,-0.189,0.856,7.2,1.8,-121.5,121.73,ARM_SWING
18850,0.931,-0.464,-0.212,1.062,18.4,17.2,-178.0,179.77,ARM_SWING
18900,1.046,-0.581,-0.275,1.228,11.1,21.4,-170.6,172.29,ARM_SWING
18950,1.051,-0.681,-0.299,1.288,-2.0,35.7,-159.2,163.17,ARM_SWING
19000,0.968,-0.776,-0.285,1.273,-20.0,20.1,-120.6,123.89,ARM_SWING
19050,0.894,-0.720,-0.353,1.201,0.2,8.8,-67.2,67.77,ARM_SWING
19100,0.785,-0.764,-0.332,1.145,16.0,-4.9,-23.5,28.85,ARM_SWING
19150,0.771,-0.779,-0.297,1.136,8.7,-13.2,24.9,29.49,ARM_SWING
19200,0.878,-0.960,-0.165,1.311,-35.7,-0.7,86.1,93.21,ARM_SWING
19250,0.994,-0.720,-0.347,1.275,-34.3,-18.9,119.7,125.94,ARM_SWING
19300,1.117,-0.718,-0.294,1.360,-11.4,-22.1,160.0,161.92,ARM_SWING
19350,1.095,-0.574,-0.273,1.266,0.6,-29.0,183.8,186.07,ARM_SWING
19400,0.975,-0.427,-0.262,1.096,1.8,-25.7,171.7,173.62,ARM_SWING
19450,0.819,-0.281,-0.218,0.893,-13.6,-22.7,129.3,131.98,ARM_SWING
19500,0.683,-0.127,-0.207,0.725,-8.1,-7.2,68.3,69.15,ARM_SWING
19550,0.606,-0.089,-0.183,0.639,1.4,-0.2,-13.7,13.77,ARM_SWING
19600,0.660,-0.208,-0.206,0.722,12.6,3.5,-75.3,76.43,ARM_SWING
19650,0.797,-0.341,-0.218,0.894,9.3,18.1,-133.2,134.75,ARM_SWING
19700,0.946,-0.456,-0.251,1.080,19.5,24.8,-171.2,174.08,ARM_SWING
19750,1.080,-0.577,-0.263,1.252,32.2,26.6,-181.5,186.24,ARM_SWING
19800,1.108,-0.710,-0.247,1.339,27.5,22.2,-157.1,161.03,ARM_SWING
19850,1.002,-0.758,-0.343,1.302,5.1,20.8,-115.8,117.76,ARM_SWING
19900,0.892,-0.765,-0.288,1.210,-2.4,16.8,-61.3,63.61,ARM_SWING
19950,0.787,-0.735,-0.296,1.117,-18.1,6.6,-19.1,27.13,ARM_SWING
20000,0.733,-0.699,-0.288,1.053,-18.4,-3.5,17.7,25.77,ARM_SWING
20050,0.847,-0.663,-0.264,1.108,1.6,-22.2,37.2,43.35,ARM_SWING
20100,0.965,-0.766,-0.312,1.271,-31.4,-14.7,84.7,91.52,ARM_SWING
20150,1.102,-0.743,-0.307,1.364,-5.2,-31.9,141.7,145.34,ARM_SWING
20200,1.193,-0.696,-0.335,1.421,9.8,-39.2,183.2,187.60,ARM_SWING
20250,1.110,-0.506,-0.290,1.254,2.3,-37.3,196.2,199.73,ARM_SWING
20300,0.901,-0.289,-0.267,0.983,-3.5,-39.2,161.2,165.93,ARM_SWING
20350,0.654,-0.090,-0.191,0.687,-2.6,-34.5,95.6,101.67,ARM_SWING
20400,0.523,-0.008,-0.122,0.537,5.6,-23.1,9.4,25.56,ARM_SWING
20450,0.535,-0.184,-0.110,0.576,17.6,-5.1,-64.1,66.67,ARM_SWING
20500,0.703,-0.339,-0.171,0.799,18.7,14.2,-128.8,130.92,ARM_SWING
20550,0.900,-0.493,-0.215,1.048,15.8,24.7,-173.7,176.16,ARM_SWING
20600,1.071,-0.574,-0.224,1.236,24.3,29.4,-189.4,193.20,ARM_SWING
20650,1.155,-0.670,-0.259,1.360,28.6,31.5,-172.4,177.57,ARM_SWING
20700,1.202,-0.671,-0.155,1.385,-31.4,33.3,-133.4,141.03,ARM_SWING
20750,0.961,-0.753,-0.325,1.263,-8.2,31.0,-72.5,79.27,ARM_SWING
20800,0.854,-0.739,-0.356,1.184,-19.8,9.8,-27.7,35.43,ARM_SWING
20850,0.764,-0.691,-0.331,1.082,-12.3,-10.3,13.5,20.97,ARM_SWING
20900,0.806,-0.570,-0.322,1.038,-24.7,-27.5,43.2,56.86,ARM_SWING
20950,0.894,-0.640,-0.288,1.137,-10.0,-38.6,78.4,87.96,ARM_SWING
21000,1.022,-0.733,-0.268,1.286,8.5,-38.2,117.4,123.75,ARM_SWING
21050,1.096,-0.737,-0.260,1.346,7.8,-38.2,164.2,168.77,ARM_SWING
21100,1.084,-0.652,-0.279,1.295,5.5,-37.0,191.9,195.51,ARM_SWING
21150,0.899,-0.461,-0.246,1.040,-17.3,-32.9,174.4,178.32,ARM_SWING
21200,0.752,-0.317,-0.223,0.846,-24.7,-24.0,130.5,134.97,ARM_SWING
21250,0.628,-0.091,-0.212,0.669,-33.1,-11.9,62.2,71.46,ARM_SWING
21300,0.573,-0.041,-0.160,0.596,-3.7,-3.1,-16.9,17.58,ARM_SWING
21350,0.626,-0.220,-0.180,0.688,17.5,11.0,-89.6,91.95,ARM_SWING
21400,0.775,-0.370,-0.208,0.884,11.6,28.5,-146.0,149.21,ARM_SWING
21450,0.959,-0.455,-0.235,1.087,18.8,38.0,-183.7,188.53,ARM_SWING
21500,1.121,-0.583,-0.272,1.292,35.3,34.7,-193.6,199.83,ARM_SWING
21550,1.157,-0.707,-0.280,1.385,37.5,26.6,-169.8,175.91,ARM_SWING
21600,1.148,-0.745,-0.149,1.377,-18.3,25.2,-119.9,123.88,ARM_SWING
21650,0.927,-0.792,-0.275,1.250,7.9,14.9,-53.8,56.38,ARM_SWING
21700,0.807,-0.738,-0.294,1.132,-16.0,8.5,-12.3,21.90,ARM_SWING
21750,0.720,-0.680,-0.286,1.031,-23.3,1.1,18.9,30.02,ARM_SWING
21800,0.703,-0.722,-0.284,1.047,-36.6,-2.3,36.1,51.46,ARM_SWING
21850,0.842,-0.680,-0.284,1.119,-21.3,-11.0,66.9,71.07,ARM_SWING
21900,0.968,-0.689,-0.293,1.224,-8.3,-15.0,94.2,95.75,ARM_SWING
21950,1.069,-0.698,-0.284,1.308,-23.2,-24.8,137.1,141.24,ARM_SWING
22000,1.049,-0.615,-0.276,1.247,-14.5,-25.7,161.4,164.08,ARM_SWING
22050,1.032,-0.538,-0.267,1.194,-20.0,-30.4,160.3,164.38,ARM_SWING
22100,0.906,-0.417,-0.237,1.025,-21.2,-30.5,140.5,145.33,ARM_SWING
22150,0.818,-0.330,-0.212,0.907,-21.0,-26.6,100.8,106.34,ARM_SWING
22200,0.705,-0.289,-0.180,0.783,-19.1,-19.7,52.3,59.06,ARM_SWING
22250,0.621,-0.252,-0.162,0.689,-22.9,-7.3,-0.5,24.04,ARM_SWING
22300,0.645,-0.247,-0.168,0.711,-0.2,3.7,-54.5,54.63,ARM_SWING
22350,0.719,-0.344,-0.195,0.821,17.9,15.4,-107.8,110.36,ARM_SWING
22400,0.871,-0.408,-0.221,0.987,34.0,20.4,-148.8,153.99,ARM_SWING
22450,1.004,-0.512,-0.236,1.151,66.5,21.1,-171.9,185.52,ARM_SWING
22500,1.072,-0.638,-0.249,1.272,73.0,22.0,-174.0,189.97,ARM_SWING
22550,1.083,-0.735,-0.287,1.340,26.4,22.0,-151.2,155.06,ARM_SWING
22600,0.958,-0.809,-0.278,1.284,-20.8,17.2,-108.1,111.42,ARM_SWING
22650,0.861,-0.711,-0.329,1.164,-47.1,15.4,-59.0,77.05,ARM_SWING
22700,0.777,-0.717,-0.337,1.110,-9.9,-1.4,-19.7,22.09,ARM_SWING
22750,0.772,-0.712,-0.348,1.106,-14.7,-10.0,9.6,20.21,ARM_SWING
22800,0.757,-0.663,-0.318,1.055,2.5,-17.7,49.8,52.91,ARM_SWING
22850,0.822,-0.660,-0.301,1.096,5.6,-13.4,69.8,71.29,ARM_SWING
22900,0.929,-0.663,-0.325,1.187,-0.4,-16.1,92.5,93.89,ARM_SWING
22950,1.034,-0.722,-0.331,1.304,-13.7,-27.0,120.1,123.86,ARM_SWING
23000,1.078,-0.671,-0.298,1.304,-17.0,-41.5,147.9,154.55,ARM_SWING
23050,1.045,-0.598,-0.272,1.234,-9.2,-39.7,156.5,161.72,ARM_SWING
23100,0.958,-0.500,-0.236,1.106,-21.2,-29.1,147.2,151.54,ARM_SWING
23150,0.890,-0.394,-0.212,0.996,-26.8,-20.7,124.8,129.31,ARM_SWING
23200,0.787,-0.313,-0.168,0.863,-24.2,-14.2,86.5,90.94,ARM_SWING
23250,0.688,-0.265,-0.148,0.752,-20.3,-4.8,39.9,45.02,ARM_SWING
23300,0.618,-0.245,-0.158,0.683,-12.9,8.5,-10.7,18.79,ARM_SWING
23350,0.611,-0.273,-0.178,0.692,-2.4,23.0,-69.7,73.44,ARM_SWING
23400,0.706,-0.340,-0.228,0.816,17.2,33.3,-124.6,130.11,ARM_SWING
23450,0.864,-0.415,-0.260,0.993,54.3,31.9,-171.3,182.51,ARM_SWING
23500,1.021,-0.544,-0.293,1.193,66.3,31.7,-199.9,212.98,ARM_SWING
23550,1.150,-0.708,-0.311,1.386,54.4,28.4,-199.2,208.44,ARM_SWING
23600,1.122,-0.851,-0.302,1.440,18.3,23.7,-160.9,163.66,ARM_SWING
23650,0.996,-0.872,-0.337,1.366,-13.0,19.9,-94.7,97.64,ARM_SWING
23700,0.867,-0.786,-0.353,1.222,-13.4,1.0,-24.1,27.59,ARM_SWING
23750,0.803,-0.636,-0.329,1.076,27.7,-20.5,3.9,34.68,ARM_SWING
23800,0.701,-0.728,-0.297,1.053,-5.1,-13.2,40.3,42.71,ARM_SWING
23850,0.783,-0.675,-0.277,1.070,1.1,-19.6,65.6,68.47,ARM_SWING
23900,0.909,-0.715,-0.288,1.192,-3.3,-17.8,85.6,87.49,ARM_SWING
23950,1.078,-0.774,-0.257,1.352,-17.0,-21.4,130.5,133.33,ARM_SWING
24000,1.113,-0.719,-0.268,1.352,-19.9,-24.5,171.9,174.77,ARM_SWING
24050,1.066,-0.647,-0.280,1.278,-30.1,-24.2,186.0,189.97,ARM_SWING
24100,0.948,-0.481,-0.244,1.091,-38.2,-22.9,171.8,177.48,ARM_SWING
24150,0.812,-0.337,-0.240,0.911,-32.4,-18.5,135.4,140.45,ARM_SWING
24200,0.685,-0.260,-0.209,0.762,-21.4,-10.9,81.4,84.87,ARM_SWING
24250,0.618,-0.235,-0.204,0.692,-17.0,-2.4,23.0,28.70,ARM_SWING
24300,0.607,-0.250,-0.216,0.691,-9.0,9.3,-34.1,36.47,ARM_SWING
24350,0.653,-0.294,-0.236,0.754,2.0,19.6,-91.2,93.30,ARM_SWING
24400,0.779,-0.349,-0.256,0.891,21.5,26.6,-141.0,145.09,ARM_SWING
24450,0.953,-0.445,-0.268,1.085,68.7,16.3,-177.9,191.40,ARM_SWING
24500,1.063,-0.574,-0.256,1.235,78.8,15.5,-194.1,210.06,ARM_SWING
24550,1.137,-0.727,-0.263,1.375,53.2,16.1,-186.4,194.51,ARM_SWING
24600,1.085,-0.804,-0.281,1.379,12.8,14.2,-145.6,146.85,ARM_SWING
24650,0.940,-0.823,-0.270,1.278,-6.7,13.0,-90.2,91.38,ARM_SWING
24700,0.811,-0.795,-0.298,1.174,-25.4,10.8,-34.9,44.50,ARM_SWING
24750,0.792,-0.631,-0.339,1.068,-10.0,-2.3,1.8,10.42,ARM_SWING
24800,0.750,-0.716,-0.308,1.082,-31.0,-0.9,26.6,40.86,ARM_SWING
24850,0.802,-0.671,-0.300,1.088,-5.6,-13.1,56.0,57.78,ARM_SWING
24900,0.870,-0.663,-0.277,1.128,-14.8,-13.2,74.5,77.09,ARM_SWING
24950,0.988,-0.669,-0.298,1.230,-11.3,-17.7,99.7,101.89,ARM_SWING
25000,1.083,-0.636,-0.275,1.286,-34.5,-29.1,128.1,135.82,ARM_SWING
25050,1.096,-0.562,-0.254,1.258,-18.7,-29.4,147.8,151.85,ARM_SWING
25100,1.106,-0.479,-0.272,1.236,-16.3,-31.3,154.0,157.99,ARM_SWING
25150,1.086,-0.383,-0.249,1.178,-12.6,-38.5,147.2,152.67,ARM_SWING
25200,0.887,-0.318,-0.208,0.965,-6.9,-31.7,121.5,125.76,ARM_SWING
25250,0.708,-0.248,-0.206,0.778,-9.3,-19.5,75.3,78.34,ARM_SWING
25300,0.556,-0.179,-0.184,0.612,-10.0,-9.0,6.7,15.03,ARM_SWING
25350,0.539,-0.223,-0.194,0.615,4.6,0.3,-66.1,66.26,ARM_SWING
25400,0.602,-0.316,-0.213,0.712,26.3,8.9,-125.2,128.24,ARM_SWING
25450,0.770,-0.415,-0.234,0.905,57.9,20.2,-180.0,190.16,ARM_SWING
25500,1.012,-0.646,-0.284,1.234,64.4,23.2,-203.7,214.89,ARM_SWING
25550,1.109,-0.836,-0.276,1.416,45.2,20.7,-181.1,187.80,ARM_SWING
25600,1.051,-0.869,-0.282,1.393,5.7,19.1,-128.1,129.64,ARM_SWING
25650,0.941,-0.805,-0.326,1.281,-6.0,11.4,-69.3,70.49,ARM_SWING
25700,0.771,-0.748,-0.308,1.118,-6.5,3.3,-20.4,21.66,ARM_SWING
25750,0.694,-0.574,-0.266,0.939,7.3,-5.8,2.2,9.58,ARM_SWING
25800,0.672,-0.726,-0.290,1.031,-33.8,8.4,15.4,38.08,ARM_SWING
25850,0.765,-0.693,-0.282,1.070,-18.8,1.7,37.8,42.25,ARM_SWING
25900,0.860,-0.675,-0.264,1.125,-16.1,-3.6,56.2,58.57,ARM_SWING
25950,1.006,-0.754,-0.294,1.291,-14.0,-10.7,92.6,94.26,ARM_SWING
26000,1.170,-0.731,-0.293,1.410,-36.1,-23.7,138.3,144.89,ARM_SWING
26050,1.161,-0.614,-0.280,1.343,-15.5,-36.8,171.5,176.09,ARM_SWING
26100,1.003,-0.512,-0.243,1.152,-8.4,-32.6,173.7,176.93,ARM_SWING
26150,0.850,-0.373,-0.179,0.945,-14.1,-24.5,139.0,141.85,ARM_SWING
26200,0.737,-0.267,-0.178,0.804,-18.3,-13.9,84.2,87.28,ARM_SWING
26250,0.654,-0.184,-0.169,0.700,-14.4,-8.7,28.2,32.84,ARM_SWING
26300,0.623,-0.208,-0.165,0.677,-6.7,2.1,-37.2,37.86,ARM_SWING
26350,0.688,-0.294,-0.204,0.775,5.4,14.0,-94.5,95.68,ARM_SWING
26400,0.809,-0.377,-0.235,0.923,15.9,24.2,-145.5,148.35,ARM_SWING
26450,0.946,-0.477,-0.259,1.091,53.9,24.7,-179.8,189.32,ARM_SWING
26500,1.088,-0.597,-0.291,1.275,53.6,22.5,-188.5,197.26,ARM_SWING
26550,1.111,-0.711,-0.318,1.357,32.4,16.8,-166.3,170.26,ARM_SWING
26600,1.012,-0.741,-0.280,1.285,20.4,4.2,-120.6,122.39,ARM_SWING
26650,0.880,-0.768,-0.296,1.205,8.1,-0.7,-66.9,67.39,ARM_SWING
26700,0.778,-0.740,-0.289,1.112,-10.1,-3.4,-23.4,25.71,ARM_SWING
26750,0.626,-0.732,-0.323,1.016,-20.0,-5.6,12.1,24.04,ARM_SWING
26800,0.731,-0.669,-0.311,1.039,-18.4,-10.0,32.6,38.75,ARM_SWING
26850,0.834,-0.651,-0.309,1.102,-1.5,-10.1,56.4,57.32,ARM_SWING
26900,0.935,-0.709,-0.316,1.215,0.3,-16.2,88.9,90.36,ARM_SWING
26950,1.096,-0.690,-0.366,1.346,-5.2,-22.5,135.1,137.06,ARM_SWING
27000,1.153,-0.587,-0.391,1.352,-10.7,-36.8,161.9,166.37,ARM_SWING
27050,1.097,-0.508,-0.356,1.260,6.6,-44.1,168.7,174.49,ARM_SWING
27100,0.948,-0.441,-0.269,1.080,3.6,-39.2,158.2,163.02,ARM_SWING
27150,0.777,-0.338,-0.210,0.873,-11.3,-27.6,119.2,122.87,ARM_SWING
27200,0.682,-0.257,-0.175,0.750,-11.2,-19.9,64.0,67.95,ARM_SWING
27250,0.638,-0.228,-0.135,0.691,-8.1,-13.0,5.7,16.34,ARM_SWING
27300,0.632,-0.281,-0.123,0.703,-5.0,0.7,-55.1,55.33,ARM_SWING
27350,0.673,-0.341,-0.156,0.770,1.8,17.7,-108.5,109.95,ARM_SWING
27400,0.776,-0.417,-0.200,0.903,10.9,34.0,-153.5,157.60,ARM_SWING
27450,0.918,-0.528,-0.262,1.091,29.4,44.7,-183.8,191.43,ARM_SWING
27500,1.083,-0.651,-0.377,1.319,13.3,45.9,-188.5,194.46,ARM_SWING
27550,1.087,-0.746,-0.372,1.370,-4.2,34.3,-154.9,158.71,ARM_SWING
27600,0.969,-0.808,-0.379,1.317,10.1,18.5,-98.7,100.93,ARM_SWING
27650,0.882,-0.792,-0.365,1.240,1.2,7.4,-32.6,33.45,ARM_SWING
27700,0.794,-0.710,-0.325,1.114,-10.1,2.0,13.1,16.66,ARM_SWING
27750,0.665,-0.674,-0.347,1.008,-21.7,-5.9,44.1,49.50,ARM_SWING
27800,0.788,-0.605,-0.350,1.053,-28.8,-18.8,57.8,67.26,ARM_SWING
27850,0.865,-0.661,-0.307,1.131,-5.9,-18.3,73.2,75.68,ARM_SWING
27900,1.016,-0.716,-0.316,1.282,-10.3,-26.6,102.3,106.20,ARM_SWING
27950,1.111,-0.644,-0.297,1.318,15.8,-32.4,141.4,145.92,ARM_SWING
28000,1.075,-0.577,-0.290,1.254,5.8,-30.5,161.0,163.97,ARM_SWING
28050,0.952,-0.441,-0.236,1.075,-20.0,-29.2,153.4,157.43,ARM_SWING
28100,0.832,-0.331,-0.223,0.923,-24.7,-22.6,121.4,125.93,ARM_SWING
28150,0.703,-0.264,-0.181,0.772,-15.0,-14.6,70.1,73.16,ARM_SWING
28200,0.636,-0.229,-0.187,0.701,-2.9,-9.0,15.4,18.07,ARM_SWING
28250,0.615,-0.265,-0.175,0.692,3.5,-0.5,-45.1,45.24,ARM_SWING
28300,0.676,-0.337,-0.193,0.780,11.6,10.4,-99.4,100.61,ARM_SWING
28350,0.801,-0.406,-0.207,0.922,17.3,24.8,-148.6,151.65,ARM_SWING
28400,0.953,-0.524,-0.256,1.117,35.8,32.2,-175.0,181.50,ARM_SWING
28450,1.057,-0.647,-0.334,1.284,13.7,38.9,-178.0,182.72,ARM_SWING
28500,1.077,-0.717,-0.333,1.336,-15.3,32.5,-148.4,152.69,ARM_SWING
28550,0.986,-0.751,-0.310,1.278,-9.1,18.8,-96.6,98.83,ARM_SWING
28600,0.854,-0.773,-0.344,1.202,-25.5,9.9,-39.9,48.38,ARM_SWING
28650,0.762,-0.693,-0.339,1.084,-22.8,3.2,3.9,23.35,ARM_SWING
28700,0.654,-0.662,-0.374,1.003,-27.0,-1.5,37.1,45.91,ARM_SWING
28750,0.746,-0.609,-0.345,1.023,-34.4,-14.7,53.3,65.12,ARM_SWING
28800,0.873,-0.624,-0.329,1.122,-7.2,-14.8,69.3,71.23,ARM_SWING
28850,1.018,-0.680,-0.325,1.267,-0.7,-23.5,96.6,99.42,ARM_SWING
28900,1.117,-0.668,-0.297,1.335,6.1,-33.8,136.2,140.46,ARM_SWING
28950,1.114,-0.580,-0.288,1.289,-10.3,-38.2,160.8,165.60,ARM_SWING
29000,0.998,-0.463,-0.253,1.129,-12.7,-33.8,158.9,162.95,ARM_SWING
29050,0.859,-0.332,-0.216,0.946,-9.7,-29.0,129.9,133.45,ARM_SWING
29100,0.703,-0.250,-0.184,0.768,-5.3,-21.9,80.2,83.31,ARM_SWING
29150,0.614,-0.196,-0.169,0.666,0.4,-12.3,16.2,20.34,ARM_SWING
29200,0.639,-0.219,-0.183,0.700,8.6,-3.0,-47.3,48.17,ARM_SWING
29250,0.707,-0.318,-0.211,0.803,21.2,8.8,-102.2,104.75,ARM_SWING
29300,0.820,-0.398,-0.235,0.941,26.4,17.5,-146.0,149.40,ARM_SWING
29350,0.941,-0.500,-0.254,1.095,51.5,22.4,-175.0,183.79,ARM_SWING
29400,1.054,-0.637,-0.296,1.267,40.5,24.7,-184.1,190.11,ARM_SWING
29450,1.083,-0.757,-0.327,1.361,3.5,21.1,-162.1,163.50,ARM_SWING
29500,0.995,-0.814,-0.320,1.325,-16.6,11.8,-109.9,111.77,ARM_SWING
29550,0.896,-0.796,-0.319,1.240,-17.0,0.2,-44.8,47.92,ARM_SWING
29600,0.802,-0.745,-0.325,1.142,-19.1,-8.8,6.7,22.07,ARM_SWING
29650,0.634,-0.911,-0.204,1.128,-42.8,-1.6,42.2,60.13,ARM_SWING
29700,0.781,-0.634,-0.327,1.058,-33.4,-19.0,62.5,73.37,ARM_SWING
29750,0.849,-0.627,-0.280,1.092,-12.3,-17.8,80.0,82.87,ARM_SWING
29800,0.931,-0.650,-0.291,1.172,-2.4,-17.9,97.6,99.26,ARM_SWING
29850,1.026,-0.648,-0.302,1.251,-19.1,-16.8,123.0,125.60,ARM_SWING
29900,1.090,-0.564,-0.329,1.271,-28.0,-28.5,140.4,145.97,ARM_SWING
29950,1.084,-0.507,-0.346,1.246,-19.3,-31.9,147.4,152.04,ARM_SWING
Recording stopped

Samples dumped: 600
