
Recording started
time,accelX,accelY,accelZ,accelMagnitude,gyroX,gyroY,gyroZ,gyroMagnitude,activity
0,0.834,-0.479,-0.281,1.002,-8.6,-12.3,63.4,65.15,ARM_SWING
50,0.804,-0.443,-0.261,0.954,-15.1,-11.4,48.3,51.87,ARM_SWING
100,0.786,-0.423,-0.240,0.924,-11.2,-15.8,35.0,40.00,ARM_SWING
150,0.766,-0.452,-0.223,0.917,-31.2,-7.8,17.1,36.42,ARM_SWING
200,0.776,-0.434,-0.249,0.923,-21.7,-1.2,-1.8,21.81,ARM_SWING
250,0.779,-0.453,-0.261,0.938,-9.0,8.1,-22.5,25.55,ARM_SWING
300,0.784,-0.450,-0.279,0.946,-0.9,11.9,-32.6,34.72,ARM_SWING
350,0.806,-0.469,-0.284,0.975,11.4,12.4,-44.8,47.86,ARM_SWING
400,0.823,-0.498,-0.281,1.002,24.4,11.4,-49.7,56.53,ARM_SWING
450,0.824,-0.524,-0.305,1.023,15.8,11.4,-48.0,51.80,ARM_SWING
500,0.829,-0.514,-0.339,1.033,18.5,14.5,-46.2,51.84,ARM_SWING
550,0.821,-0.554,-0.325,1.042,21.4,0.9,-41.7,46.88,ARM_SWING
600,0.782,-0.549,-0.306,1.003,19.4,-0.2,-34.5,39.58,ARM_SWING
650,0.777,-0.568,-0.318,1.014,19.4,-8.0,-28.3,35.23,ARM_SWING
700,0.757,-0.574,-0.314,1.001,13.5,-9.9,-18.9,25.25,ARM_SWING
750,0.732,-0.710,-0.024,1.020,-32.9,-1.7,3.1,33.09,ARM_SWING
800,0.848,-0.555,-0.403,1.091,6.0,-18.7,32.9,38.32,ARM_SWING
850,0.825,-0.541,-0.304,1.032,-16.1,-9.1,23.4,29.83,ARM_SWING
900,0.801,-0.532,-0.277,1.001,19.7,-13.5,35.2,42.54,ARM_SWING
950,0.854,-0.505,-0.274,1.029,5.1,-11.8,43.8,45.65,ARM_SWING
1000,0.838,-0.506,-0.246,1.009,-5.8,-5.9,48.9,49.59,ARM_SWING
1050,0.830,-0.489,-0.246,0.994,-27.5,-5.3,44.5,52.58,ARM_SWING
1100,0.853,-0.454,-0.246,0.997,-31.0,-1.0,40.1,50.70,ARM_SWING
1150,0.865,-0.436,-0.245,0.999,-22.1,-0.6,33.6,40.22,ARM_SWING
1200,0.833,-0.423,-0.236,0.964,-11.1,-2.9,28.5,30.72,ARM_SWING
1250,0.804,-0.396,-0.253,0.931,-13.4,5.3,14.2,20.23,ARM_SWING
1300,0.798,-0.389,-0.277,0.930,-2.1,5.3,-3.0,6.44,ARM_SWING
1350,0.814,-0.409,-0.283,0.954,9.8,-1.9,-24.2,26.18,ARM_SWING
1400,0.814,-0.449,-0.285,0.972,16.8,-1.7,-34.2,38.14,ARM_SWING
1450,0.844,-0.461,-0.290,1.004,15.6,3.9,-46.6,49.30,ARM_SWING
1500,0.842,-0.490,-0.284,1.015,26.8,-3.9,-47.6,54.77,ARM_SWING
1550,0.820,-0.515,-0.282,1.009,30.8,-6.5,-48.1,57.48,ARM_SWING
1600,0.808,-0.540,-0.281,1.012,25.9,-6.5,-45.2,52.50,ARM_SWING
1650,0.794,-0.553,-0.292,1.011,20.5,-6.4,-37.9,43.56,ARM_SWING
1700,0.782,-0.572,-0.290,1.011,14.8,-4.2,-29.4,33.18,ARM_SWING
1750,0.788,-0.584,-0.293,1.024,4.5,-0.2,-14.7,15.37,ARM_SWING
1800,0.820,-0.584,-0.287,1.047,4.1,-7.2,1.0,8.35,ARM_SWING
1850,0.785,-0.608,-0.305,1.039,-8.2,-5.3,23.9,25.82,ARM_SWING
1900,0.806,-0.527,-0.253,0.996,-15.3,-7.3,31.5,35.77,ARM_SWING
1950,0.789,-0.518,-0.240,0.974,-10.2,-2.4,37.0,38.46,ARM_SWING
2000,0.800,-0.538,-0.242,0.994,-19.3,3.0,32.9,38.26,ARM_SWING
2050,0.836,-0.544,-0.240,1.026,-31.7,6.0,35.4,47.90,ARM_SWING
2100,0.919,-0.510,-0.281,1.088,-40.3,1.4,43.7,59.46,ARM_SWING
2150,0.934,-0.458,-0.281,1.078,-22.8,-8.7,57.1,62.10,ARM_SWING
2200,0.883,-0.451,-0.273,1.028,-19.8,-1.7,56.7,60.08,ARM_SWING
2250,0.828,-0.387,-0.266,0.952,-18.9,-3.0,48.2,51.86,ARM_SWING
2300,0.777,-0.345,-0.274,0.893,-15.0,-4.4,25.5,29.91,ARM_SWING
2350,0.765,-0.345,-0.273,0.882,1.4,-4.7,-3.5,6.02,ARM_SWING
2400,0.790,-0.387,-0.272,0.921,9.7,-2.1,-24.2,26.16,ARM_SWING
2450,0.817,-0.442,-0.281,0.970,15.8,0.2,-41.3,44.22,ARM_SWING
2500,0.841,-0.462,-0.273,0.998,26.1,-0.4,-49.7,56.14,ARM_SWING
2550,0.842,-0.495,-0.276,1.015,32.3,4.4,-53.4,62.56,ARM_SWING
2600,0.844,-0.523,-0.278,1.031,31.5,0.7,-55.2,63.56,ARM_SWING
2650,0.810,-0.544,-0.286,1.017,22.2,4.9,-52.7,57.39,ARM_SWING
2700,0.796,-0.556,-0.290,1.013,16.7,-0.4,-45.9,48.85,ARM_SWING
2750,0.805,-0.595,-0.280,1.039,18.7,-10.7,-30.3,37.18,ARM_SWING
2800,0.802,-0.607,-0.264,1.040,4.6,-6.8,-11.2,13.89,ARM_SWING
2850,0.791,-0.604,-0.265,1.030,-7.5,1.3,4.9,9.05,ARM_SWING
2900,0.770,-0.579,-0.311,1.012,-12.8,-1.9,13.5,18.70,ARM_SWING
2950,0.778,-0.554,-0.321,1.008,-22.8,-0.4,26.0,34.58,ARM_SWING
3000,0.838,-0.597,-0.311,1.075,-35.4,2.4,34.6,49.56,ARM_SWING
3050,0.877,-0.563,-0.305,1.086,-17.3,-8.3,54.6,57.87,ARM_SWING
3100,0.893,-0.534,-0.300,1.083,-11.4,-10.4,67.6,69.34,ARM_SWING
3150,0.874,-0.493,-0.292,1.045,-9.0,-21.8,71.8,75.57,ARM_SWING
3200,0.868,-0.440,-0.263,1.008,-10.2,-21.4,63.8,68.06,ARM_SWING
3250,0.829,-0.418,-0.244,0.960,-10.7,-16.1,51.3,54.82,ARM_SWING
3300,0.791,-0.374,-0.228,0.904,-16.4,-8.8,30.5,35.73,ARM_SWING
3350,0.754,-0.362,-0.235,0.869,-11.2,-2.5,8.0,13.99,ARM_SWING
3400,0.752,-0.377,-0.242,0.875,-6.1,5.3,-22.6,24.00,ARM_SWING
3450,0.766,-0.422,-0.261,0.913,4.3,8.9,-42.3,43.44,ARM_SWING
3500,0.799,-0.453,-0.269,0.957,12.3,10.7,-57.6,59.86,ARM_SWING
3550,0.838,-0.489,-0.287,1.012,29.3,9.3,-66.6,73.35,ARM_SWING
3600,0.865,-0.559,-0.296,1.072,26.4,4.6,-64.9,70.21,ARM_SWING
3650,0.857,-0.577,-0.308,1.078,-2.1,14.0,-53.3,55.15,ARM_SWING
3700,0.836,-0.545,-0.328,1.050,7.8,10.2,-41.3,43.25,ARM_SWING
3750,0.807,-0.576,-0.350,1.051,12.6,5.3,-30.4,33.33,ARM_SWING
3800,0.794,-0.579,-0.365,1.048,17.3,-4.3,-18.7,25.84,ARM_SWING
3850,0.788,-0.572,-0.352,1.035,12.1,-11.0,-4.3,16.91,ARM_SWING
3900,0.808,-0.599,-0.292,1.047,-28.8,-4.4,3.2,29.31,ARM_SWING
3950,0.819,-0.506,-0.382,1.036,-3.5,-21.0,27.5,34.78,ARM_SWING
4000,0.804,-0.498,-0.309,0.995,-11.4,-17.6,28.0,34.98,ARM_SWING
4050,0.826,-0.516,-0.306,1.021,16.3,-16.0,30.4,38.02,ARM_SWING
4100,0.860,-0.518,-0.292,1.046,7.8,-16.5,35.3,39.74,ARM_SWING
4150,0.893,-0.572,-0.297,1.101,-4.6,-19.3,52.2,55.84,ARM_SWING
4200,0.870,-0.525,-0.290,1.057,-17.2,-11.7,57.1,60.77,ARM_SWING
4250,0.810,-0.471,-0.287,0.980,-16.4,-14.3,57.6,61.57,ARM_SWING
4300,0.749,-0.423,-0.278,0.904,-15.8,-12.4,45.2,49.46,ARM_SWING
4350,0.733,-0.387,-0.264,0.870,-8.2,-6.7,17.8,20.71,ARM_SWING
4400,0.754,-0.394,-0.265,0.891,-2.3,-2.7,0.2,3.55,ARM_SWING
4450,0.776,-0.414,-0.267,0.919,5.6,-0.4,-22.3,23.00,ARM_SWING
4500,0.802,-0.438,-0.274,0.954,8.8,5.2,-36.9,38.29,ARM_SWING
4550,0.817,-0.461,-0.283,0.980,14.8,6.0,-49.9,52.39,ARM_SWING
4600,0.844,-0.480,-0.279,1.010,26.1,0.7,-54.9,60.79,ARM_SWING
4650,0.868,-0.509,-0.292,1.048,29.5,2.1,-56.7,63.95,ARM_SWING
4700,0.854,-0.536,-0.300,1.052,32.7,2.1,-52.3,61.72,ARM_SWING
4750,0.828,-0.547,-0.296,1.036,27.7,-1.4,-41.4,49.83,ARM_SWING
4800,0.789,-0.559,-0.305,1.014,19.4,2.0,-32.4,37.82,ARM_SWING
4850,0.778,-0.558,-0.297,1.002,16.7,-7.4,-28.0,33.43,ARM_SWING
4900,0.776,-0.577,-0.289,1.009,8.0,-0.1,-20.6,22.10,ARM_SWING
4950,0.674,-0.537,-0.196,0.884,-13.3,14.0,2.8,19.51,ARM_SWING
5000,0.783,-0.520,-0.298,0.986,0.5,-14.9,12.8,19.65,ARM_SWING
5050,0.793,-0.558,-0.293,1.013,-9.9,-2.5,19.2,21.75,ARM_SWING
5100,0.785,-0.554,-0.299,1.006,6.3,-0.4,27.2,27.92,ARM_SWING
5150,0.836,-0.534,-0.304,1.038,-6.9,-9.2,37.8,39.51,ARM_SWING
5200,0.860,-0.528,-0.305,1.054,-6.6,-11.3,44.8,46.67,ARM_SWING
5250,0.860,-0.516,-0.288,1.043,-21.7,-10.2,49.4,54.91,ARM_SWING
5300,0.875,-0.484,-0.292,1.042,-29.4,-3.9,47.0,55.57,ARM_SWING
5350,0.862,-0.456,-0.280,1.015,-23.3,-10.2,45.8,52.39,ARM_SWING
5400,0.814,-0.450,-0.257,0.965,-21.0,-10.5,39.0,45.52,ARM_SWING
5450,0.798,-0.429,-0.255,0.941,-20.6,-1.1,29.4,35.92,ARM_SWING
5500,0.785,-0.426,-0.260,0.930,-16.9,-8.3,16.2,24.84,ARM_SWING
5550,0.785,-0.432,-0.255,0.932,-7.0,-5.0,-1.4,8.72,ARM_SWING
5600,0.798,-0.441,-0.265,0.949,1.7,-2.0,-9.2,9.57,ARM_SWING
5650,0.822,-0.467,-0.273,0.984,6.7,0.0,-20.1,21.19,ARM_SWING
5700,0.817,-0.476,-0.283,0.987,17.1,2.5,-30.5,35.06,ARM_SWING
5750,0.820,-0.473,-0.303,0.994,23.3,3.9,-34.7,41.98,ARM_SWING
5800,0.792,-0.477,-0.322,0.979,28.4,1.3,-38.0,47.46,ARM_SWING
5850,0.785,-0.501,-0.319,0.984,25.2,3.6,-44.1,50.92,ARM_SWING
5900,0.781,-0.512,-0.316,0.986,22.6,2.8,-49.8,54.76,ARM_SWING
5950,0.769,-0.546,-0.321,0.996,16.8,7.7,-50.1,53.40,ARM_SWING
6000,0.770,-0.588,-0.311,1.018,7.7,1.1,-45.0,45.67,ARM_SWING
6050,0.791,-0.575,-0.314,1.027,-4.6,6.0,-32.4,33.27,ARM_SWING
6100,0.821,-0.612,-0.310,1.070,4.4,-1.2,-15.5,16.16,ARM_SWING
6150,0.814,-0.664,-0.241,1.078,-2.7,1.6,7.1,7.76,ARM_SWING
6200,0.801,-0.579,-0.260,1.022,-17.1,-0.5,24.2,29.64,ARM_SWING
6250,0.834,-0.541,-0.270,1.030,-7.6,-1.8,37.5,38.30,ARM_SWING
6300,0.852,-0.522,-0.277,1.037,-4.4,-7.4,45.2,46.01,ARM_SWING
6350,0.866,-0.502,-0.279,1.039,-11.4,-6.3,51.7,53.32,ARM_SWING
6400,0.873,-0.467,-0.283,1.030,-22.1,-7.3,56.4,61.01,ARM_SWING
6450,0.862,-0.442,-0.276,1.007,-23.0,-5.2,52.5,57.55,ARM_SWING
6500,0.825,-0.413,-0.268,0.961,-21.9,-11.9,39.5,46.71,ARM_SWING
6550,0.808,-0.401,-0.258,0.938,-11.3,-9.5,24.1,28.26,ARM_SWING
6600,0.784,-0.396,-0.256,0.915,-7.7,-1.8,4.7,9.20,ARM_SWING
6650,0.787,-0.411,-0.252,0.923,0.5,-2.8,-13.8,14.09,ARM_SWING
6700,0.796,-0.444,-0.261,0.948,4.6,4.0,-27.7,28.36,ARM_SWING
6750,0.816,-0.464,-0.287,0.982,11.1,5.1,-39.1,40.96,ARM_SWING
6800,0.833,-0.485,-0.288,1.006,19.6,6.1,-42.6,47.29,ARM_SWING
6850,0.834,-0.509,-0.286,1.018,24.6,-3.1,-41.6,48.43,ARM_SWING
6900,0.818,-0.522,-0.284,1.011,27.6,-0.9,-39.4,48.11,ARM_SWING
6950,0.801,-0.533,-0.288,1.004,24.5,-1.6,-34.7,42.51,ARM_SWING
7000,0.780,-0.545,-0.292,0.995,15.3,-0.9,-30.2,33.87,ARM_SWING
7050,0.771,-0.556,-0.303,0.998,9.6,-2.3,-24.9,26.79,ARM_SWING
7100,0.781,-0.573,-0.306,1.016,16.8,-3.4,-13.0,21.51,ARM_SWING
7150,0.832,-0.488,-0.428,1.055,13.5,1.9,-1.6,13.73,ARM_SWING
7200,0.826,-0.549,-0.266,1.027,-2.1,-11.3,15.5,19.30,ARM_SWING
7250,0.800,-0.553,-0.264,1.008,-6.9,-5.0,24.8,26.22,ARM_SWING
7300,0.847,-0.533,-0.261,1.034,6.7,-7.8,34.4,35.90,ARM_SWING
7350,0.860,-0.539,-0.263,1.048,-3.7,-1.3,46.3,46.47,ARM_SWING
7400,0.863,-0.512,-0.252,1.035,-16.6,-4.9,50.8,53.67,ARM_SWING
7450,0.847,-0.488,-0.255,1.010,-27.5,-4.0,55.5,62.07,ARM_SWING
7500,0.830,-0.457,-0.252,0.980,-26.6,-1.7,45.2,52.47,ARM_SWING
7550,0.798,-0.442,-0.254,0.947,-19.7,-1.8,33.9,39.25,ARM_SWING
7600,0.780,-0.430,-0.256,0.927,-12.7,0.2,21.7,25.14,ARM_SWING
7650,0.779,-0.419,-0.258,0.921,-7.4,3.5,0.8,8.22,ARM_SWING
7700,0.796,-0.438,-0.266,0.947,1.7,0.0,-11.4,11.53,ARM_SWING
7750,0.793,-0.454,-0.271,0.953,9.2,0.0,-23.3,25.05,ARM_SWING
7800,0.797,-0.474,-0.271,0.966,14.3,-3.2,-30.3,33.66,ARM_SWING
7850,0.808,-0.482,-0.280,0.982,16.9,-1.0,-40.0,43.44,ARM_SWING
7900,0.827,-0.377,-0.284,0.952,28.0,-6.5,-42.3,51.14,ARM_SWING
7950,0.832,-0.521,-0.277,1.020,32.4,-10.5,-41.2,53.46,ARM_SWING
8000,0.825,-0.546,-0.278,1.028,29.1,-5.6,-37.3,47.64,ARM_SWING
8050,0.821,-0.555,-0.277,1.029,16.9,-4.3,-29.1,33.93,ARM_SWING
8100,0.805,-0.548,-0.263,1.009,11.5,-10.5,-19.4,24.88,ARM_SWING
8150,0.789,-0.564,-0.264,1.005,9.5,-5.7,-10.9,15.54,ARM_SWING
8200,0.788,-0.567,-0.263,1.006,1.8,-6.6,-4.5,8.19,ARM_SWING
8250,0.798,-0.565,-0.260,1.012,-2.6,-0.5,2.6,3.71,ARM_SWING
8300,0.815,-0.550,-0.267,1.019,-4.9,-1.7,15.1,15.97,ARM_SWING
8350,0.832,-0.523,-0.284,1.023,-7.7,-6.6,26.5,28.37,ARM_SWING
8400,0.835,-0.508,-0.286,1.018,-7.4,-4.3,27.4,28.71,ARM_SWING
8450,0.828,-0.541,-0.277,1.027,-11.6,-8.5,38.0,40.63,ARM_SWING
8500,0.791,-0.562,-0.245,1.001,-25.2,2.4,43.4,50.24,ARM_SWING
8550,0.751,-0.546,-0.237,0.958,-30.6,-0.4,40.0,50.36,ARM_SWING
8600,0.793,-0.524,-0.243,0.981,-30.6,4.7,29.7,42.90,ARM_SWING
8650,0.809,-0.508,-0.257,0.989,-20.3,-0.5,31.5,37.48,ARM_SWING
8700,0.832,-0.489,-0.266,1.001,-23.4,1.1,30.6,38.54,ARM_SWING
8750,0.834,-0.452,-0.284,0.990,-18.2,4.3,22.3,29.10,ARM_SWING
8800,0.823,-0.425,-0.291,0.971,-11.4,4.9,10.7,16.38,ARM_SWING
8850,0.806,-0.409,-0.291,0.950,-2.7,0.4,0.1,2.73,ARM_SWING
8900,0.802,-0.420,-0.285,0.949,10.1,-3.1,-19.9,22.53,ARM_SWING
8950,0.814,-0.440,-0.279,0.966,20.5,-4.6,-31.0,37.45,ARM_SWING
9000,0.813,-0.465,-0.274,0.976,28.7,-1.4,-43.1,51.80,ARM_SWING
9050,0.820,-0.471,-0.280,0.986,29.4,-5.5,-50.1,58.35,ARM_SWING
9100,0.812,-0.498,-0.265,0.989,41.5,-13.5,-52.4,68.19,ARM_SWING
9150,0.821,-0.534,-0.263,1.014,37.2,-9.0,-55.5,67.42,ARM_SWING
9200,0.817,-0.558,-0.257,1.022,27.6,-12.8,-46.4,55.48,ARM_SWING
9250,0.807,-0.575,-0.260,1.024,20.0,-9.5,-38.8,44.67,ARM_SWING
9300,0.800,-0.585,-0.265,1.026,9.3,-3.5,-25.2,27.09,ARM_SWING
9350,0.771,-0.584,-0.269,1.004,-1.3,6.6,-17.0,18.28,ARM_SWING
9400,0.737,-0.534,-0.308,0.961,-4.6,15.6,2.3,16.43,ARM_SWING
9450,0.796,-0.556,-0.282,1.011,-12.1,3.9,14.4,19.21,ARM_SWING
9500,0.793,-0.560,-0.281,1.011,-16.6,3.7,23.7,29.17,ARM_SWING
9550,0.808,-0.541,-0.262,1.007,-13.5,4.9,31.8,34.89,ARM_SWING
9600,0.835,-0.553,-0.250,1.032,-22.9,3.7,37.8,44.35,ARM_SWING
9650,0.905,-0.529,-0.264,1.081,-27.9,-1.3,44.3,52.37,ARM_SWING
9700,0.916,-0.503,-0.275,1.081,-20.0,-12.9,57.5,62.23,ARM_SWING
9750,0.902,-0.470,-0.261,1.050,-20.0,-6.7,62.7,66.15,ARM_SWING
9800,0.856,-0.434,-0.249,0.992,-16.1,-9.1,50.0,53.31,ARM_SWING
9850,0.814,-0.405,-0.250,0.943,-7.5,-12.5,39.2,41.82,ARM_SWING
9900,0.782,-0.392,-0.242,0.908,-4.8,-10.6,23.1,25.87,ARM_SWING
9950,0.767,-0.384,-0.244,0.892,-0.9,-2.2,0.0,2.38,ARM_SWING
10000,0.791,-0.406,-0.253,0.924,6.0,-1.9,-18.2,19.26,ARM_SWING
10050,0.804,-0.455,-0.253,0.958,9.5,3.4,-37.4,38.74,ARM_SWING
10100,0.823,-0.472,-0.264,0.985,17.7,1.0,-46.5,49.76,ARM_SWING
10150,0.829,-0.494,-0.275,1.003,21.3,2.5,-47.8,52.39,ARM_SWING
10200,0.836,-0.510,-0.287,1.020,18.0,2.1,-51.5,54.60,ARM_SWING
10250,0.819,-0.530,-0.288,1.017,20.7,2.7,-56.6,60.33,ARM_SWING
10300,0.823,-0.555,-0.298,1.036,22.8,-2.1,-50.1,55.08,ARM_SWING
10350,0.809,-0.587,-0.293,1.042,17.7,-6.3,-39.3,43.56,ARM_SWING
10400,0.802,-0.609,-0.281,1.045,5.9,-2.7,-28.2,28.94,ARM_SWING
10450,0.803,-0.602,-0.282,1.042,4.7,-8.5,-6.7,11.80,ARM_SWING
10500,0.748,-0.622,-0.199,0.993,-5.9,-0.3,13.0,14.28,ARM_SWING
10550,0.835,-0.530,-0.231,1.016,-3.2,-12.3,31.9,34.34,ARM_SWING
10600,0.828,-0.536,-0.239,1.015,-4.6,-8.5,39.6,40.76,ARM_SWING
10650,0.787,-0.508,-0.231,0.965,-5.6,-0.4,43.6,43.96,ARM_SWING
10700,0.806,-0.486,-0.235,0.970,-17.8,4.9,40.8,44.78,ARM_SWING
10750,0.799,-0.511,-0.247,0.980,-21.0,0.8,37.5,42.99,ARM_SWING
10800,0.819,-0.525,-0.255,1.006,-31.9,8.4,35.9,48.75,ARM_SWING
10850,0.884,-0.497,-0.278,1.052,-30.9,9.6,39.4,50.98,ARM_SWING
10900,0.878,-0.458,-0.293,1.033,-12.3,-4.4,38.2,40.37,ARM_SWING
10950,0.862,-0.442,-0.288,1.011,-8.1,-3.5,37.2,38.23,ARM_SWING
11000,0.813,-0.415,-0.272,0.952,-1.1,-8.8,23.8,25.40,ARM_SWING
11050,0.789,-0.390,-0.265,0.919,-0.2,1.0,2.6,2.79,ARM_SWING
11100,0.781,-0.399,-0.258,0.914,10.7,0.3,-21.9,24.38,ARM_SWING
11150,0.793,-0.439,-0.253,0.941,16.3,-3.9,-37.8,41.35,ARM_SWING
11200,0.813,-0.466,-0.241,0.968,20.0,0.2,-51.9,55.62,ARM_SWING
11250,0.820,-0.489,-0.241,0.985,24.2,-2.5,-55.5,60.60,ARM_SWING
11300,0.813,-0.526,-0.243,0.998,25.7,-1.4,-58.0,63.45,ARM_SWING
11350,0.825,-0.553,-0.257,1.026,21.4,5.4,-59.5,63.46,ARM_SWING
11400,0.831,-0.581,-0.265,1.048,15.9,4.2,-46.2,49.04,ARM_SWING
11450,0.834,-0.601,-0.274,1.064,6.5,0.8,-30.1,30.80,ARM_SWING
11500,0.808,-0.601,-0.273,1.043,3.5,-3.4,-9.9,11.04,ARM_SWING
11550,0.787,-0.585,-0.279,1.020,-8.0,4.2,1.4,9.14,ARM_SWING
11600,0.847,-0.551,-0.271,1.046,-6.9,-4.4,9.0,12.16,ARM_SWING
11650,0.812,-0.580,-0.277,1.036,-14.3,-6.1,23.3,28.01,ARM_SWING
11700,0.838,-0.557,-0.276,1.043,-1.7,-6.5,38.7,39.28,ARM_SWING
11750,0.847,-0.545,-0.264,1.041,-1.6,-9.1,46.6,47.51,ARM_SWING
11800,0.862,-0.528,-0.264,1.045,-9.8,-7.4,50.8,52.26,ARM_SWING
11850,0.895,-0.492,-0.262,1.054,-17.5,-7.3,55.3,58.46,ARM_SWING
11900,0.868,-0.469,-0.244,1.016,-15.4,-7.8,54.3,56.98,ARM_SWING
11950,0.829,-0.438,-0.234,0.966,-18.2,-3.9,48.6,52.04,ARM_SWING
12000,0.791,-0.397,-0.230,0.914,-13.4,-4.2,32.9,35.77,ARM_SWING
12050,0.765,-0.385,-0.231,0.887,-8.0,-0.5,8.8,11.90,ARM_SWING
12100,0.764,-0.399,-0.239,0.894,-0.7,-1.1,-12.2,12.27,ARM_SWING
12150,0.790,-0.437,-0.255,0.938,2.3,6.6,-35.1,35.79,ARM_SWING
12200,0.814,-0.465,-0.264,0.974,7.7,5.2,-47.0,47.91,ARM_SWING
12250,0.841,-0.488,-0.271,1.009,16.6,7.3,-53.1,56.11,ARM_SWING
12300,0.846,-0.521,-0.274,1.031,21.9,5.3,-55.7,60.08,ARM_SWING
12350,0.841,-0.552,-0.285,1.046,21.4,6.5,-50.4,55.14,ARM_SWING
12400,0.821,-0.556,-0.287,1.032,21.1,-3.6,-42.9,47.94,ARM_SWING
12450,0.817,-0.587,-0.288,1.046,11.2,0.3,-30.8,32.77,ARM_SWING
12500,0.802,-0.588,-0.287,1.035,11.0,-7.8,-19.4,23.63,ARM_SWING
12550,0.788,-0.597,-0.282,1.028,0.9,-1.0,-8.6,8.70,ARM_SWING
12600,0.803,-0.588,-0.310,1.042,-5.5,-1.9,11.8,13.16,ARM_SWING
12650,0.813,-0.578,-0.338,1.053,-9.6,-6.5,23.6,26.29,ARM_SWING
12700,0.818,-0.516,-0.282,1.007,-15.1,-4.5,26.1,30.49,ARM_SWING
12750,0.823,-0.563,-0.259,1.030,6.0,-8.1,35.7,37.10,ARM_SWING
12800,0.857,-0.626,-0.267,1.094,7.9,-8.0,52.7,53.89,ARM_SWING
12850,0.858,-0.548,-0.275,1.055,-15.2,-9.0,64.2,66.59,ARM_SWING
12900,0.840,-0.496,-0.261,1.010,-16.3,-13.0,60.9,64.37,ARM_SWING
12950,0.812,-0.468,-0.248,0.969,-20.0,-11.2,52.3,57.10,ARM_SWING
13000,0.788,-0.419,-0.236,0.923,-19.1,-6.0,36.6,41.72,ARM_SWING
13050,0.777,-0.396,-0.238,0.904,-17.9,2.2,17.9,25.41,ARM_SWING
13100,0.766,-0.387,-0.239,0.891,-9.7,3.6,-6.3,12.11,ARM_SWING
13150,0.767,-0.424,-0.251,0.912,-2.7,0.9,-26.2,26.35,ARM_SWING
13200,0.788,-0.446,-0.264,0.943,3.7,8.2,-42.2,43.15,ARM_SWING
13250,0.810,-0.474,-0.278,0.979,8.4,14.0,-58.1,60.35,ARM_SWING
13300,0.826,-0.500,-0.287,1.007,19.9,10.2,-61.3,65.25,ARM_SWING
13350,0.837,-0.526,-0.291,1.030,28.5,4.7,-60.4,66.95,ARM_SWING
13400,0.828,-0.573,-0.292,1.048,26.1,6.5,-56.2,62.30,ARM_SWING
13450,0.826,-0.592,-0.295,1.058,17.6,2.5,-42.5,46.07,ARM_SWING
13500,0.819,-0.600,-0.291,1.056,12.1,-4.7,-23.5,26.85,ARM_SWING
13550,0.814,-0.597,-0.284,1.049,3.7,-4.5,-7.9,9.82,ARM_SWING
13600,0.809,-0.586,-0.275,1.036,0.8,-8.4,6.0,10.35,ARM_SWING
13650,0.798,-0.615,-0.195,1.026,1.8,-9.3,16.7,19.20,ARM_SWING
13700,0.801,-0.571,-0.245,1.014,-24.2,-3.3,30.1,38.76,ARM_SWING
13750,0.826,-0.564,-0.268,1.035,-11.0,-4.0,35.4,37.28,ARM_SWING
13800,0.865,-0.565,-0.280,1.070,-2.9,-6.1,46.5,46.99,ARM_SWING
13850,0.868,-0.572,-0.274,1.075,-10.6,1.9,62.2,63.13,ARM_SWING
13900,0.868,-0.523,-0.280,1.051,-26.9,-2.2,64.8,70.20,ARM_SWING
13950,0.818,-0.466,-0.264,0.978,-27.6,-7.0,61.1,67.41,ARM_SWING
14000,0.776,-0.437,-0.252,0.926,-22.0,-10.7,45.4,51.57,ARM_SWING
14050,0.751,-0.412,-0.242,0.890,-15.6,-8.4,25.2,30.81,ARM_SWING
14100,0.757,-0.405,-0.238,0.891,-9.5,0.0,3.2,10.02,ARM_SWING
14150,0.765,-0.428,-0.246,0.910,-2.1,0.6,-16.4,16.54,ARM_SWING
14200,0.785,-0.451,-0.259,0.942,-2.1,10.9,-34.4,36.15,ARM_SWING
14250,0.811,-0.461,-0.265,0.970,9.9,4.6,-45.7,46.99,ARM_SWING
14300,0.833,-0.490,-0.272,1.004,20.7,5.1,-59.4,63.11,ARM_SWING
14350,0.852,-0.515,-0.279,1.034,28.1,1.2,-59.1,65.45,ARM_SWING
14400,0.841,-0.543,-0.277,1.039,32.0,-1.1,-53.1,62.01,ARM_SWING
14450,0.833,-0.550,-0.271,1.034,26.7,-3.9,-45.2,52.64,ARM_SWING
14500,0.826,-0.554,-0.274,1.032,19.4,-7.4,-33.1,39.07,ARM_SWING
14550,0.796,-0.569,-0.280,1.018,14.9,1.6,-22.1,26.70,ARM_SWING
14600,0.778,-0.568,-0.290,1.006,8.8,-0.8,-13.0,15.72,ARM_SWING
14650,0.772,-0.564,-0.290,0.999,3.6,1.0,-5.8,6.90,ARM_SWING
14700,0.751,-0.617,-0.327,1.025,-8.8,2.1,5.1,10.39,ARM_SWING
14750,0.809,-0.564,-0.290,1.028,-23.9,-8.4,15.1,29.49,ARM_SWING
14800,0.826,-0.551,-0.284,1.033,5.1,-6.5,31.3,32.37,ARM_SWING
14850,0.858,-0.538,-0.271,1.048,14.2,-11.3,41.0,44.84,ARM_SWING
14900,0.891,-0.610,-0.258,1.110,6.0,-8.8,56.0,57.00,ARM_SWING
14950,0.852,-0.547,-0.250,1.043,-23.8,-5.1,68.6,72.79,ARM_SWING
15000,0.813,-0.518,-0.258,0.998,-28.9,-3.0,63.0,69.38,ARM_SWING
15050,0.773,-0.486,-0.253,0.947,-22.7,-6.3,56.4,61.12,ARM_SWING
15100,0.743,-0.440,-0.251,0.899,-16.4,-6.0,36.0,40.01,ARM_SWING
15150,0.747,-0.433,-0.255,0.900,-11.2,0.0,11.9,16.34,ARM_SWING
15200,0.763,-0.426,-0.255,0.910,-2.3,-0.5,-8.6,8.92,ARM_SWING
15250,0.779,-0.447,-0.260,0.935,3.9,2.1,-22.9,23.32,ARM_SWING
15300,0.785,-0.449,-0.264,0.942,5.5,1.2,-36.8,37.23,ARM_SWING
15350,0.805,-0.460,-0.264,0.964,12.1,3.2,-49.9,51.45,ARM_SWING
15400,0.836,-0.494,-0.266,1.007,16.8,9.1,-61.1,64.02,ARM_SWING
15450,0.858,-0.521,-0.264,1.038,21.5,3.0,-61.4,65.12,ARM_SWING
15500,0.871,-0.552,-0.268,1.065,23.1,-4.1,-51.6,56.68,ARM_SWING
15550,0.873,-0.555,-0.265,1.068,28.4,-4.6,-40.6,49.76,ARM_SWING
15600,0.813,-0.567,-0.262,1.025,21.9,0.6,-27.0,34.77,ARM_SWING
15650,0.782,-0.565,-0.283,1.005,14.0,-4.0,-19.3,24.18,ARM_SWING
15700,0.769,-0.559,-0.305,0.998,7.9,-7.0,-12.5,16.36,ARM_SWING
15750,0.746,-0.506,-0.237,0.932,0.6,0.4,2.8,2.89,ARM_SWING
15800,0.804,-0.534,-0.270,1.002,-7.4,-4.7,12.1,14.94,ARM_SWING
15850,0.806,-0.573,-0.266,1.024,-9.5,-2.1,20.1,22.33,ARM_SWING
15900,0.828,-0.549,-0.256,1.026,-0.4,-4.4,34.7,34.98,ARM_SWING
15950,0.834,-0.560,-0.248,1.035,-7.8,-6.7,41.5,42.75,ARM_SWING
16000,0.845,-0.560,-0.244,1.043,-19.1,-7.5,49.6,53.68,ARM_SWING
16050,0.836,-0.531,-0.241,1.019,-27.5,-3.0,54.5,61.12,ARM_SWING
16100,0.848,-0.498,-0.258,1.017,-31.9,-5.6,55.5,64.26,ARM_SWING
16150,0.855,-0.450,-0.258,1.000,-19.6,-4.3,47.6,51.66,ARM_SWING
16200,0.821,-0.441,-0.255,0.966,-15.4,1.6,37.1,40.20,ARM_SWING
16250,0.795,-0.388,-0.260,0.922,-15.5,-2.3,23.6,28.33,ARM_SWING
16300,0.785,-0.385,-0.271,0.915,-2.9,0.4,-0.6,2.99,ARM_SWING
16350,0.785,-0.402,-0.277,0.924,8.4,-0.6,-22.6,24.12,ARM_SWING
16400,0.800,-0.436,-0.284,0.954,14.7,-1.1,-38.7,41.41,ARM_SWING
16450,0.816,-0.457,-0.282,0.977,17.7,0.7,-55.7,58.45,ARM_SWING
16500,0.838,-0.485,-0.280,1.008,25.4,-1.8,-62.3,67.30,ARM_SWING
16550,0.832,-0.523,-0.275,1.020,33.6,-8.4,-60.1,69.37,ARM_SWING
16600,0.816,-0.559,-0.267,1.025,25.3,0.7,-58.5,63.74,ARM_SWING
16650,0.809,-0.587,-0.264,1.034,16.1,4.9,-46.8,49.73,ARM_SWING
16700,0.800,-0.608,-0.260,1.038,2.4,3.7,-36.4,36.67,ARM_SWING
16750,0.795,-0.612,-0.269,1.039,-1.1,-2.6,-17.1,17.33,ARM_SWING
16800,0.795,-0.606,-0.277,1.037,-6.0,-1.5,-0.2,6.19,ARM_SWING
16850,0.737,-0.661,-0.168,1.004,-23.7,3.7,22.9,33.16,ARM_SWING
16900,0.819,-0.551,-0.264,1.022,-11.8,-1.1,32.4,34.50,ARM_SWING
16950,0.848,-0.573,-0.276,1.060,-8.7,-5.3,43.1,44.29,ARM_SWING
17000,0.877,-0.575,-0.268,1.082,-10.1,-2.4,56.0,56.95,ARM_SWING
17050,0.877,-0.564,-0.269,1.077,-17.7,-2.6,68.6,70.89,ARM_SWING
17100,0.862,-0.523,-0.273,1.045,-20.9,-7.1,77.4,80.49,ARM_SWING
17150,0.825,-0.471,-0.274,0.989,-21.8,-7.0,69.1,72.79,ARM_SWING
17200,0.781,-0.426,-0.263,0.928,-3.2,-10.7,54.5,55.63,ARM_SWING
17250,0.749,-0.396,-0.253,0.884,-16.3,0.5,29.8,33.97,ARM_SWING
17300,0.735,-0.387,-0.253,0.868,-5.7,-3.5,4.3,7.95,ARM_SWING
17350,0.751,-0.404,-0.255,0.890,-4.8,0.7,-21.7,22.24,ARM_SWING
17400,0.779,-0.426,-0.262,0.926,0.4,8.9,-45.2,46.07,ARM_SWING
17450,0.812,-0.453,-0.260,0.965,7.6,3.5,-60.3,60.88,ARM_SWING
17500,0.845,-0.499,-0.265,1.016,22.0,3.9,-70.6,74.05,ARM_SWING
17550,0.868,-0.541,-0.269,1.058,27.5,4.9,-72.1,77.32,ARM_SWING
17600,0.856,-0.574,-0.275,1.067,26.1,6.0,-64.9,70.21,ARM_SWING
17650,0.844,-0.592,-0.277,1.067,19.8,3.3,-49.8,53.69,ARM_SWING
17700,0.818,-0.613,-0.281,1.060,7.1,4.2,-34.4,35.38,ARM_SWING
17750,0.813,-0.607,-0.284,1.054,0.9,0.5,-15.7,15.73,ARM_SWING
17800,0.792,-0.597,-0.286,1.032,0.0,-3.6,-0.2,3.61,ARM_SWING
17850,0.796,-0.579,-0.284,1.024,-2.5,-7.6,13.1,15.35,ARM_SWING
17900,0.875,-0.482,-0.411,1.080,18.9,-13.3,22.9,32.53,ARM_SWING
17950,0.826,-0.571,-0.271,1.040,-20.7,-4.2,33.0,39.18,ARM_SWING
18000,0.861,-0.581,-0.287,1.078,-6.5,-2.6,47.4,47.91,ARM_SWING
18050,0.895,-0.560,-0.286,1.094,-4.4,-4.9,60.5,60.86,ARM_SWING
18100,0.890,-0.520,-0.273,1.066,-5.3,-12.5,67.5,68.85,ARM_SWING
18150,0.855,-0.493,-0.263,1.021,-14.9,-13.3,67.9,70.78,ARM_SWING
18200,0.804,-0.450,-0.248,0.954,-18.3,-10.9,57.7,61.51,ARM_SWING
18250,0.757,-0.422,-0.245,0.901,-18.4,-7.3,40.3,44.90,ARM_SWING
18300,0.727,-0.407,-0.239,0.867,-10.9,-6.4,16.1,20.47,ARM_SWING
18350,0.725,-0.412,-0.240,0.868,-7.5,3.0,-11.4,13.97,ARM_SWING
18400,0.763,-0.447,-0.254,0.920,-1.1,8.0,-31.9,32.91,ARM_SWING
18450,0.780,-0.466,-0.267,0.947,0.4,6.8,-43.1,43.63,ARM_SWING
18500,0.810,-0.467,-0.283,0.977,13.7,8.1,-62.4,64.40,ARM_SWING
18550,0.845,-0.501,-0.284,1.023,28.6,1.9,-66.3,72.23,ARM_SWING
18600,0.850,-0.545,-0.276,1.047,31.7,0.7,-62.3,69.90,ARM_SWING
18650,0.853,-0.567,-0.276,1.061,28.7,0.6,-58.2,64.89,ARM_SWING
18700,0.826,-0.586,-0.278,1.050,19.9,0.1,-46.1,50.21,ARM_SWING
18750,0.813,-0.594,-0.288,1.047,8.6,-0.4,-32.7,33.81,ARM_SWING
18800,0.801,-0.599,-0.289,1.041,5.0,-3.2,-11.5,12.94,ARM_SWING
18850,0.789,-0.593,-0.290,1.029,-1.8,-3.5,-1.2,4.11,ARM_SWING
18900,0.856,-0.568,-0.321,1.076,11.7,-15.2,7.0,20.42,ARM_SWING
18950,0.827,-0.571,-0.286,1.045,-35.2,-5.8,24.2,43.11,ARM_SWING
19000,0.803,-0.574,-0.275,1.025,-3.2,-8.6,33.3,34.54,ARM_SWING
19050,0.856,-0.573,-0.284,1.069,1.8,-8.7,46.6,47.44,ARM_SWING
19100,0.867,-0.545,-0.280,1.062,-6.0,-7.6,60.0,60.78,ARM_SWING
19150,0.859,-0.512,-0.272,1.036,-12.1,-11.3,60.9,63.11,ARM_SWING
19200,0.831,-0.467,-0.255,0.987,-23.3,-10.4,57.4,62.82,ARM_SWING
19250,0.815,-0.429,-0.245,0.953,-23.3,-6.4,42.7,49.06,ARM_SWING
19300,0.773,-0.400,-0.236,0.902,-20.9,4.1,22.9,31.27,ARM_SWING
19350,0.749,-0.393,-0.246,0.881,-13.5,6.7,1.1,15.11,ARM_SWING
19400,0.765,-0.410,-0.252,0.904,-8.6,7.1,-20.4,23.25,ARM_SWING
19450,0.784,-0.447,-0.264,0.940,-17.8,10.3,-37.9,43.12,ARM_SWING
19500,0.811,-0.469,-0.276,0.977,3.4,11.3,-43.9,45.46,ARM_SWING
19550,0.829,-0.501,-0.282,1.009,15.1,6.9,-54.1,56.59,ARM_SWING
19600,0.838,-0.530,-0.287,1.032,21.5,3.8,-49.7,54.28,ARM_SWING
19650,0.820,-0.552,-0.288,1.030,19.2,5.6,-43.9,48.24,ARM_SWING
19700,0.809,-0.563,-0.295,1.029,13.3,4.1,-36.1,38.69,ARM_SWING
19750,0.806,-0.578,-0.300,1.036,7.5,3.5,-28.6,29.77,ARM_SWING
19800,0.806,-0.589,-0.303,1.043,4.4,-2.1,-13.7,14.54,ARM_SWING
19850,0.814,-0.585,-0.298,1.046,5.3,-8.6,2.8,10.48,ARM_SWING
19900,0.816,-0.563,-0.294,1.034,-0.2,-6.3,15.6,16.83,ARM_SWING
19950,0.814,-0.531,-0.283,1.012,-0.4,-5.7,21.9,22.63,ARM_SWING
20000,0.810,-0.573,-0.230,1.018,-2.8,-6.4,29.1,29.93,ARM_SWING
20050,0.832,-0.535,-0.260,1.023,-7.0,-7.0,36.6,37.92,ARM_SWING
20100,0.843,-0.517,-0.256,1.022,-7.0,-6.0,42.6,43.59,ARM_SWING
20150,0.836,-0.490,-0.253,1.002,-10.7,-4.7,42.8,44.37,ARM_SWING
20200,0.823,-0.462,-0.251,0.977,-14.9,-3.2,35.2,38.36,ARM_SWING
20250,0.802,-0.441,-0.252,0.949,-15.4,-3.8,26.0,30.46,ARM_SWING
20300,0.783,-0.436,-0.248,0.930,-14.3,-3.4,13.0,19.62,ARM_SWING
20350,0.784,-0.431,-0.245,0.928,-10.2,-2.1,-1.2,10.48,ARM_SWING
20400,0.796,-0.448,-0.247,0.946,-2.5,-1.6,-15.6,15.88,ARM_SWING
20450,0.796,-0.477,-0.253,0.962,1.8,1.3,-25.4,25.50,ARM_SWING
20500,0.802,-0.485,-0.262,0.973,7.1,3.0,-32.2,33.11,ARM_SWING
20550,0.807,-0.494,-0.275,0.985,15.4,2.7,-36.4,39.62,ARM_SWING
20600,0.818,-0.512,-0.277,1.004,24.5,-1.9,-37.2,44.58,ARM_SWING
20650,0.809,-0.521,-0.283,1.003,24.6,3.1,-36.6,44.21,ARM_SWING
20700,0.802,-0.539,-0.290,1.009,19.8,1.8,-33.3,38.78,ARM_SWING
20750,0.796,-0.559,-0.295,1.016,11.4,4.0,-31.0,33.27,ARM_SWING
20800,0.800,-0.572,-0.306,1.030,7.1,1.4,-20.2,21.46,ARM_SWING
20850,0.813,-0.578,-0.307,1.044,1.3,-1.3,-7.8,8.01,ARM_SWING
20900,0.831,-0.589,-0.296,1.061,-0.9,-5.7,8.6,10.36,ARM_SWING
20950,0.879,-0.593,-0.244,1.088,14.0,-14.3,20.0,28.29,ARM_SWING
21000,0.801,-0.586,-0.266,1.027,-26.3,-9.4,33.3,43.46,ARM_SWING
21050,0.852,-0.553,-0.277,1.053,-1.2,-11.5,41.0,42.60,ARM_SWING
21100,0.858,-0.561,-0.256,1.057,7.7,-13.3,52.2,54.42,ARM_SWING
21150,0.838,-0.515,-0.248,1.014,-5.6,-7.3,54.9,55.67,ARM_SWING
21200,0.806,-0.469,-0.244,0.964,-19.6,-5.1,48.0,52.10,ARM_SWING
21250,0.778,-0.433,-0.243,0.923,-26.6,-1.9,33.4,42.74,ARM_SWING
21300,0.771,-0.421,-0.240,0.911,-20.7,-0.7,15.1,25.63,ARM_SWING
21350,0.774,-0.422,-0.240,0.914,-13.0,2.7,-3.7,13.78,ARM_SWING
21400,0.792,-0.440,-0.257,0.942,-8.0,6.9,-19.5,22.18,ARM_SWING
21450,0.803,-0.458,-0.266,0.962,-0.1,7.0,-31.9,32.66,ARM_SWING
21500,0.814,-0.466,-0.274,0.977,8.1,5.1,-42.6,43.66,ARM_SWING
21550,0.822,-0.493,-0.284,1.000,20.8,2.9,-47.3,51.75,ARM_SWING
21600,0.826,-0.511,-0.278,1.010,24.7,1.2,-48.5,54.44,ARM_SWING
21650,0.835,-0.532,-0.283,1.030,26.9,1.0,-45.0,52.44,ARM_SWING
21700,0.816,-0.559,-0.284,1.029,22.6,-0.2,-37.1,43.44,ARM_SWING
21750,0.809,-0.566,-0.289,1.029,13.0,-0.9,-25.7,28.81,ARM_SWING
21800,0.795,-0.566,-0.284,1.016,7.9,-2.7,-15.1,17.25,ARM_SWING
21850,0.797,-0.572,-0.282,1.021,2.4,-3.9,-4.4,6.35,ARM_SWING
21900,0.810,-0.558,-0.274,1.021,-1.2,-4.2,7.9,9.03,ARM_SWING
21950,0.788,-0.597,-0.321,1.039,-13.0,3.0,19.7,23.79,ARM_SWING
22000,0.793,-0.526,-0.253,0.985,-27.6,-1.5,24.5,36.94,ARM_SWING
22050,0.827,-0.545,-0.256,1.023,-5.4,-1.4,31.2,31.69,ARM_SWING
22100,0.850,-0.536,-0.258,1.037,0.2,-4.3,39.9,40.13,ARM_SWING
22150,0.853,-0.540,-0.251,1.040,-8.1,-3.9,46.4,47.26,ARM_SWING
22200,0.869,-0.496,-0.259,1.034,-19.8,-5.6,49.6,53.70,ARM_SWING
22250,0.843,-0.482,-0.266,1.007,-19.2,-4.6,48.4,52.27,ARM_SWING
22300,0.801,-0.452,-0.272,0.959,-16.8,-6.6,38.7,42.70,ARM_SWING
22350,0.768,-0.422,-0.271,0.917,-12.0,-1.8,22.8,25.83,ARM_SWING
22400,0.760,-0.413,-0.266,0.905,-4.6,-1.8,1.6,5.19,ARM_SWING
22450,0.780,-0.430,-0.264,0.929,3.7,-2.8,-17.7,18.30,ARM_SWING
22500,0.799,-0.459,-0.266,0.959,8.5,-1.6,-31.9,33.05,ARM_SWING
22550,0.809,-0.467,-0.261,0.970,18.7,-3.2,-42.5,46.54,ARM_SWING
22600,0.822,-0.484,-0.254,0.987,23.9,-2.4,-50.2,55.65,ARM_SWING
22650,0.835,-0.507,-0.255,1.010,29.1,-4.0,-53.8,61.30,ARM_SWING
22700,0.836,-0.533,-0.251,1.023,31.6,-4.4,-50.7,59.90,ARM_SWING
22750,0.822,-0.556,-0.251,1.024,23.1,-2.0,-44.6,50.27,ARM_SWING
22800,0.813,-0.565,-0.249,1.021,14.7,-0.4,-35.2,38.15,ARM_SWING
22850,0.824,-0.570,-0.257,1.034,10.0,-1.8,-24.9,26.89,ARM_SWING
22900,0.802,-0.594,-0.268,1.033,8.1,-1.6,-10.2,13.12,ARM_SWING
22950,0.710,-0.582,-0.209,0.942,-7.2,13.0,8.4,17.07,ARM_SWING
23000,0.798,-0.524,-0.271,0.992,-7.0,-1.7,14.7,16.37,ARM_SWING
23050,0.814,-0.552,-0.282,1.023,-9.3,-1.6,19.2,21.39,ARM_SWING
23100,0.823,-0.552,-0.273,1.028,2.2,-1.6,29.1,29.23,ARM_SWING
23150,0.866,-0.535,-0.270,1.053,-5.3,-6.8,38.3,39.26,ARM_SWING
23200,0.883,-0.527,-0.262,1.061,-10.6,-10.7,46.6,48.97,ARM_SWING
23250,0.883,-0.498,-0.249,1.044,-14.7,-13.1,50.8,54.48,ARM_SWING
23300,0.859,-0.480,-0.238,1.012,-15.1,-12.1,50.6,54.17,ARM_SWING
23350,0.815,-0.436,-0.234,0.953,-14.3,-8.5,41.0,44.25,ARM_SWING
23400,0.783,-0.416,-0.229,0.916,-10.4,-5.6,24.9,27.56,ARM_SWING
23450,0.769,-0.402,-0.232,0.898,-5.7,-3.3,6.3,9.11,ARM_SWING
23500,0.787,-0.421,-0.230,0.922,-0.4,-0.8,-13.0,13.03,ARM_SWING
23550,0.813,-0.449,-0.238,0.959,4.1,0.6,-26.4,26.72,ARM_SWING
23600,0.816,-0.471,-0.252,0.975,7.8,2.2,-35.0,35.93,ARM_SWING
23650,0.823,-0.478,-0.257,0.986,11.6,3.7,-42.5,44.21,ARM_SWING
23700,0.830,-0.494,-0.267,1.002,22.2,-2.3,-45.0,50.23,ARM_SWING
23750,0.829,-0.524,-0.264,1.016,24.9,-0.4,-48.1,54.16,ARM_SWING
23800,0.819,-0.555,-0.263,1.024,22.1,0.9,-43.8,49.07,ARM_SWING
23850,0.830,-0.564,-0.275,1.040,13.6,2.3,-36.1,38.65,ARM_SWING
23900,0.820,-0.572,-0.279,1.038,10.8,-1.7,-24.2,26.56,ARM_SWING
23950,0.795,-0.580,-0.271,1.021,5.4,-2.5,-11.5,12.95,ARM_SWING
24000,0.795,-0.577,-0.276,1.020,0.5,-3.0,0.2,3.05,ARM_SWING
24050,0.868,-0.525,-0.327,1.066,11.2,-10.0,9.1,17.56,ARM_SWING
24100,0.794,-0.552,-0.263,1.002,-16.5,-3.9,21.5,27.38,ARM_SWING
24150,0.814,-0.550,-0.281,1.022,-5.3,-3.2,26.0,26.73,ARM_SWING
24200,0.882,-0.524,-0.284,1.064,1.1,-8.8,34.8,35.91,ARM_SWING
24250,0.879,-0.518,-0.268,1.055,1.4,-10.7,45.0,46.28,ARM_SWING
24300,0.870,-0.486,-0.252,1.028,-16.3,-8.2,49.2,52.47,ARM_SWING
24350,0.843,-0.446,-0.242,0.984,-21.4,-7.8,45.7,51.06,ARM_SWING
24400,0.817,-0.427,-0.225,0.949,-18.8,-6.9,33.8,39.29,ARM_SWING
24450,0.794,-0.417,-0.213,0.922,-14.0,-4.4,18.2,23.38,ARM_SWING
24500,0.787,-0.423,-0.210,0.918,-10.1,1.6,2.9,10.63,ARM_SWING
24550,0.792,-0.428,-0.224,0.928,-8.6,7.0,-12.3,16.56,ARM_SWING
24600,0.822,-0.463,-0.245,0.975,-3.9,9.0,-23.8,25.74,ARM_SWING
24650,0.826,-0.474,-0.261,0.987,2.5,8.5,-30.3,31.57,ARM_SWING
24700,0.828,-0.489,-0.273,1.000,9.3,7.1,-33.6,35.58,ARM_SWING
24750,0.828,-0.502,-0.284,1.009,14.0,5.6,-34.9,38.02,ARM_SWING
24800,0.828,-0.517,-0.289,1.018,20.4,3.0,-34.8,40.45,ARM_SWING
24850,0.808,-0.529,-0.285,1.007,23.7,-0.3,-33.3,40.87,ARM_SWING
24900,0.789,-0.559,-0.283,1.008,14.7,0.2,-28.4,31.98,ARM_SWING
24950,0.800,-0.559,-0.291,1.018,6.7,-0.9,-20.6,21.68,ARM_SWING
25000,0.807,-0.568,-0.284,1.027,5.8,-6.5,-10.9,13.95,ARM_SWING
25050,0.818,-0.574,-0.270,1.035,4.0,-10.0,1.6,10.89,ARM_SWING
25100,0.818,-0.567,-0.263,1.029,1.6,-10.5,15.6,18.87,ARM_SWING
25150,0.817,-0.538,-0.261,1.012,1.5,-11.4,23.3,25.98,ARM_SWING
25200,0.823,-0.525,-0.254,1.009,0.9,-11.1,29.3,31.35,ARM_SWING
25250,0.831,-0.520,-0.246,1.011,-2.8,-9.6,34.5,35.92,ARM_SWING
25300,0.863,-0.507,-0.240,1.029,-8.8,-8.4,37.3,39.23,ARM_SWING
25350,0.856,-0.496,-0.242,1.018,-12.7,-6.8,38.2,40.83,ARM_SWING
25400,0.841,-0.482,-0.250,1.001,-14.7,-9.3,39.2,42.89,ARM_SWING
25450,0.809,-0.452,-0.245,0.959,-17.2,-4.4,30.6,35.38,ARM_SWING
25500,0.791,-0.436,-0.253,0.938,-13.3,-3.6,17.7,22.43,ARM_SWING
25550,0.788,-0.434,-0.256,0.935,-8.6,-1.6,3.2,9.31,ARM_SWING
25600,0.802,-0.441,-0.268,0.954,-3.2,0.6,-11.0,11.47,ARM_SWING
25650,0.805,-0.460,-0.275,0.967,1.8,0.8,-20.3,20.40,ARM_SWING
25700,0.810,-0.469,-0.281,0.977,8.8,0.1,-29.5,30.78,ARM_SWING
25750,0.802,-0.486,-0.275,0.977,20.2,-1.3,-37.2,42.35,ARM_SWING
25800,0.805,-0.507,-0.274,0.990,23.9,-0.5,-41.0,47.46,ARM_SWING
25850,0.807,-0.527,-0.271,1.001,23.9,0.4,-41.0,47.46,ARM_SWING
25900,0.804,-0.549,-0.269,1.010,17.4,2.0,-38.7,42.48,ARM_SWING
25950,0.806,-0.561,-0.279,1.021,8.7,3.1,-31.9,33.21,ARM_SWING
26000,0.790,-0.572,-0.284,1.016,3.7,2.0,-23.2,23.58,ARM_SWING
26050,0.787,-0.581,-0.289,1.020,-1.1,0.1,-14.1,14.14,ARM_SWING
26100,0.803,-0.585,-0.288,1.034,-2.9,-1.8,-1.4,3.69,ARM_SWING
26150,0.876,-0.512,-0.385,1.085,16.1,-10.0,12.5,22.70,ARM_SWING
26200,0.826,-0.567,-0.282,1.041,-15.1,-6.2,25.5,30.28,ARM_SWING
26250,0.836,-0.531,-0.269,1.026,-1.1,-7.3,30.9,31.77,ARM_SWING
26300,0.828,-0.523,-0.264,1.014,-2.1,-4.0,35.3,35.59,ARM_SWING
26350,0.842,-0.494,-0.255,1.009,-14.9,-2.9,39.3,42.13,ARM_SWING
26400,0.842,-0.476,-0.251,0.999,-21.5,-3.0,39.6,45.16,ARM_SWING
26450,0.843,-0.462,-0.250,0.993,-25.2,-3.0,35.6,43.72,ARM_SWING
26500,0.831,-0.446,-0.252,0.976,-20.8,-4.4,28.7,35.72,ARM_SWING
26550,0.824,-0.435,-0.252,0.965,-15.6,-4.2,21.7,27.05,ARM_SWING
26600,0.817,-0.427,-0.248,0.955,-9.1,-2.8,11.4,14.85,ARM_SWING
26650,0.811,-0.424,-0.253,0.949,-2.3,-1.4,-0.7,2.78,ARM_SWING
26700,0.810,-0.431,-0.254,0.952,3.9,0.1,-14.4,14.92,ARM_SWING
26750,0.816,-0.459,-0.262,0.972,8.4,1.8,-23.5,25.02,ARM_SWING
26800,0.832,-0.467,-0.275,0.993,17.4,0.9,-30.3,34.95,ARM_SWING
26850,0.837,-0.485,-0.281,1.007,24.6,0.6,-37.3,44.69,ARM_SWING
26900,0.812,-0.510,-0.276,0.998,24.2,2.5,-42.1,48.62,ARM_SWING
26950,0.797,-0.523,-0.279,0.993,16.1,-0.2,-43.8,46.67,ARM_SWING
27000,0.791,-0.535,-0.286,0.997,14.4,2.2,-43.9,46.25,ARM_SWING
27050,0.786,-0.560,-0.278,1.004,10.2,0.0,-38.0,39.35,ARM_SWING
27100,0.788,-0.575,-0.282,1.015,4.9,-0.3,-26.0,26.46,ARM_SWING
27150,0.817,-0.596,-0.291,1.052,1.6,-2.4,-9.8,10.22,ARM_SWING
27200,0.828,-0.559,-0.323,1.050,0.2,-10.4,9.4,14.02,ARM_SWING
27250,0.823,-0.534,-0.280,1.020,-5.4,-12.8,27.3,30.63,ARM_SWING
27300,0.855,-0.519,-0.277,1.038,-1.5,-12.5,31.9,34.29,ARM_SWING
27350,0.867,-0.526,-0.268,1.049,8.1,-14.5,43.8,46.84,ARM_SWING
27400,0.860,-0.512,-0.250,1.032,-6.0,-9.0,55.2,56.25,ARM_SWING
27450,0.868,-0.462,-0.248,1.014,-14.6,-7.8,55.7,58.11,ARM_SWING
27500,0.838,-0.448,-0.240,0.980,-16.8,-6.7,50.6,53.74,ARM_SWING
27550,0.810,-0.424,-0.240,0.945,-16.5,-2.8,37.6,41.16,ARM_SWING
27600,0.797,-0.403,-0.244,0.926,-14.3,0.0,20.3,24.83,ARM_SWING
27650,0.790,-0.403,-0.253,0.922,-8.0,3.2,1.9,8.82,ARM_SWING
27700,0.799,-0.414,-0.263,0.938,-1.7,4.9,-17.1,17.87,ARM_SWING
27750,0.811,-0.444,-0.266,0.962,3.0,5.6,-30.0,30.67,ARM_SWING
27800,0.835,-0.457,-0.275,0.991,7.8,5.4,-40.8,41.89,ARM_SWING
27850,0.855,-0.474,-0.283,1.018,22.7,0.4,-47.9,53.01,ARM_SWING
27900,0.853,-0.505,-0.284,1.031,29.2,-3.5,-49.0,57.15,ARM_SWING
27950,0.823,-0.530,-0.274,1.017,27.3,-3.4,-45.5,53.17,ARM_SWING
28000,0.800,-0.546,-0.276,1.007,16.3,-2.2,-39.6,42.88,ARM_SWING
28050,0.783,-0.548,-0.275,0.994,8.8,-0.7,-34.4,35.51,ARM_SWING
28100,0.790,-0.573,-0.279,1.015,2.8,-2.6,-26.1,26.38,ARM_SWING
28150,0.798,-0.586,-0.264,1.025,-1.7,-4.9,-10.7,11.89,ARM_SWING
28200,0.843,-0.616,-0.238,1.071,0.1,-6.2,5.1,8.03,ARM_SWING
28250,0.803,-0.530,-0.251,0.994,-1.1,-11.5,27.7,30.01,ARM_SWING
28300,0.789,-0.533,-0.238,0.981,-18.6,-1.4,27.6,33.31,ARM_SWING
28350,0.835,-0.552,-0.237,1.029,-12.8,4.8,36.8,39.26,ARM_SWING
28400,0.912,-0.519,-0.255,1.080,-9.6,-2.5,46.4,47.45,ARM_SWING
28450,0.899,-0.499,-0.248,1.058,-5.8,-7.3,61.3,62.00,ARM_SWING
28500,0.888,-0.450,-0.241,1.024,-20.1,-5.3,64.8,68.05,ARM_SWING
28550,0.830,-0.414,-0.243,0.959,-20.6,0.0,55.4,59.11,ARM_SWING
28600,0.773,-0.377,-0.250,0.896,-15.9,3.7,34.5,38.17,ARM_SWING
28650,0.764,-0.366,-0.262,0.887,-9.5,6.0,7.4,13.45,ARM_SWING
28700,0.788,-0.392,-0.265,0.919,-0.6,3.0,-17.8,18.06,ARM_SWING
28750,0.813,-0.433,-0.259,0.957,7.8,0.9,-34.0,34.89,ARM_SWING
28800,0.847,-0.467,-0.249,0.999,12.3,1.8,-43.4,45.15,ARM_SWING
28850,0.851,-0.490,-0.243,1.012,18.5,2.7,-48.9,52.35,ARM_SWING
28900,0.849,-0.511,-0.245,1.021,20.1,3.4,-50.6,54.55,ARM_SWING
28950,0.833,-0.545,-0.244,1.025,18.2,2.0,-47.8,51.19,ARM_SWING
29000,0.823,-0.560,-0.250,1.026,11.6,1.7,-41.0,42.64,ARM_SWING
29050,0.826,-0.571,-0.250,1.035,7.4,0.0,-29.5,30.41,ARM_SWING
29100,0.803,-0.597,-0.222,1.025,-3.7,0.4,-15.8,16.23,ARM_SWING
29150,0.805,-0.581,-0.255,1.025,0.4,0.0,-3.2,3.22,ARM_SWING
29200,0.815,-0.565,-0.256,1.024,-2.5,-2.1,9.2,9.76,ARM_SWING
29250,0.775,-0.613,-0.183,1.005,-11.8,0.3,19.3,22.62,ARM_SWING
29300,0.823,-0.557,-0.237,1.022,-25.3,-3.3,29.4,38.93,ARM_SWING
29350,0.871,-0.534,-0.259,1.054,-4.9,-7.4,38.8,39.80,ARM_SWING
29400,0.872,-0.529,-0.254,1.051,0.6,-9.8,48.6,49.58,ARM_SWING
29450,0.883,-0.483,-0.249,1.037,-3.6,-11.2,52.7,54.00,ARM_SWING
29500,0.843,-0.462,-0.234,0.989,-8.3,-10.5,49.9,51.66,ARM_SWING
29550,0.812,-0.422,-0.224,0.942,-14.4,-5.3,38.1,41.07,ARM_SWING
29600,0.786,-0.406,-0.223,0.912,-14.4,-1.6,20.5,25.10,ARM_SWING
29650,0.772,-0.402,-0.227,0.900,-10.0,2.5,-0.3,10.31,ARM_SWING
29700,0.795,-0.427,-0.240,0.934,-5.9,4.8,-19.2,20.65,ARM_SWING
29750,0.805,-0.470,-0.244,0.964,1.5,4.1,-29.5,29.82,ARM_SWING
29800,0.833,-0.487,-0.250,0.997,4.1,5.3,-38.1,38.68,ARM_SWING
29850,0.850,-0.512,-0.249,1.023,13.5,3.5,-38.2,40.67,ARM_SWING
29900,0.839,-0.517,-0.249,1.016,14.0,4.9,-35.4,38.38,ARM_SWING
29950,0.823,-0.520,-0.245,1.004,10.7,6.5,-34.7,36.89,ARM_SWING
Recording stopped

Samples dumped: 600
