
Recording started
time,accelX,accelY,accelZ,accelMagnitude,gyroX,gyroY,gyroZ,gyroMagnitude,activity
0,0.834,-0.500,-0.211,0.995,11.1,-15.1,-8.8,20.70,ARM_SWING
50,0.820,-0.479,-0.262,0.985,24.9,-18.9,-3.0,31.40,ARM_SWING
100,0.820,-0.481,-0.284,0.992,28.4,-31.2,-2.8,42.28,ARM_SWING
150,0.817,-0.479,-0.272,0.985,29.4,-24.9,-13.4,40.79,ARM_SWING
200,0.763,-0.537,-0.284,0.975,19.0,-12.9,-8.3,24.42,ARM_SWING
250,0.772,-0.464,-0.320,0.956,5.6,-2.7,-6.0,8.64,ARM_SWING
300,0.776,-0.478,-0.312,0.963,17.2,-10.2,-4.6,20.52,ARM_SWING
350,0.817,-0.507,-0.316,1.012,15.5,-7.3,-4.5,17.71,ARM_SWING
400,0.880,-0.415,-0.321,1.025,23.3,-9.8,-10.0,27.18,ARM_SWING
450,0.812,-0.305,-0.310,0.921,31.7,-12.0,-23.0,40.96,ARM_SWING
500,0.779,-0.278,-0.242,0.862,25.6,8.5,-29.1,39.68,ARM_SWING
550,0.776,-0.310,-0.224,0.865,20.9,19.3,-39.5,48.68,ARM_SWING
600,0.798,-0.412,-0.250,0.932,3.8,21.0,-46.3,50.98,ARM_SWING
650,0.878,-0.633,-0.344,1.136,12.5,11.2,-40.4,43.75,ARM_SWING
700,0.858,-0.904,-0.403,1.310,-2.9,4.1,-2.5,5.61,ARM_SWING
750,0.800,-0.875,-0.515,1.293,-10.1,-5.4,46.3,47.70,ARM_SWING
800,0.791,-0.916,-0.545,1.327,3.5,-31.0,86.9,92.33,ARM_SWING
850,0.955,-1.159,-0.635,1.631,-5.0,-57.6,144.2,155.36,ARM_SWING
900,1.065,-1.180,-0.546,1.681,-8.7,-80.0,203.4,218.74,ARM_SWING
950,0.923,-0.930,-0.507,1.405,-24.2,-84.1,211.5,228.89,ARM_SWING
1000,0.742,-0.761,-0.359,1.122,-13.4,-82.2,199.7,216.37,ARM_SWING
1050,0.520,-0.583,-0.236,0.816,-24.5,-64.8,176.6,189.70,ARM_SWING
1100,0.411,-0.379,-0.131,0.574,-37.1,-40.7,125.0,136.59,ARM_SWING
1150,0.322,-0.237,-0.079,0.408,-16.6,-20.3,62.3,67.59,ARM_SWING
1200,0.310,-0.311,-0.052,0.442,-1.8,0.5,4.2,4.60,ARM_SWING
1250,0.369,-0.325,-0.114,0.505,-14.3,32.9,-50.5,61.94,ARM_SWING
1300,0.419,-0.460,-0.239,0.667,5.5,46.4,-82.2,94.55,ARM_SWING
1350,0.481,-0.613,-0.369,0.862,1.7,45.1,-109.4,118.34,ARM_SWING
1400,0.551,-0.724,-0.426,1.005,26.2,44.1,-119.2,129.77,ARM_SWING
1450,0.650,-0.808,-0.327,1.087,22.1,64.1,-133.2,149.46,ARM_SWING
1500,0.766,-0.751,-0.277,1.108,20.1,72.4,-144.5,162.87,ARM_SWING
1550,0.891,-0.683,-0.248,1.150,15.1,84.3,-160.3,181.74,ARM_SWING
1600,1.056,-0.691,-0.351,1.310,14.5,82.3,-166.3,186.12,ARM_SWING
1650,1.114,-0.691,-0.334,1.353,21.6,64.2,-149.9,164.49,ARM_SWING
1700,1.112,-0.694,-0.464,1.390,42.8,42.9,-120.9,135.24,ARM_SWING
1750,0.973,-0.720,-0.339,1.257,37.2,35.4,-85.8,99.99,ARM_SWING
1800,0.886,-0.731,-0.365,1.205,48.0,16.8,-60.7,79.19,ARM_SWING
1850,0.801,-0.707,-0.353,1.125,7.0,5.3,-27.5,28.87,ARM_SWING
1900,0.724,-0.685,-0.433,1.087,-12.3,-7.3,2.6,14.54,ARM_SWING
1950,0.652,-0.686,-0.365,1.014,-14.3,-30.5,25.9,42.49,ARM_SWING
2000,0.807,-0.774,-0.343,1.170,-17.5,-46.6,42.7,65.58,ARM_SWING
2050,0.986,-0.804,-0.357,1.321,7.6,-64.9,87.7,109.37,ARM_SWING
2100,1.006,-0.804,-0.289,1.320,34.3,-70.5,127.8,149.93,ARM_SWING
2150,1.022,-0.803,-0.238,1.321,9.1,-57.8,149.1,160.17,ARM_SWING
2200,1.101,-0.784,-0.314,1.388,5.8,-49.7,164.8,172.23,ARM_SWING
2250,1.030,-0.840,-0.335,1.371,8.0,-48.0,181.0,187.43,ARM_SWING
2300,0.910,-0.822,-0.365,1.279,-3.4,-52.2,188.5,195.62,ARM_SWING
2350,0.749,-0.842,-0.317,1.171,-12.0,-41.7,187.3,192.26,ARM_SWING
2400,0.554,-0.800,-0.267,1.009,-29.8,-27.7,170.8,175.58,ARM_SWING
2450,0.467,-0.686,-0.216,0.858,-47.1,-22.8,141.3,150.68,ARM_SWING
2500,0.335,-0.486,-0.201,0.624,-27.7,-20.7,103.2,108.84,ARM_SWING
2550,0.233,-0.393,-0.178,0.490,-20.0,-8.7,54.3,58.52,ARM_SWING
2600,0.225,-0.315,-0.168,0.422,-10.8,-0.6,-1.8,10.97,ARM_SWING
2650,0.265,-0.330,-0.168,0.455,-7.6,22.8,-53.0,58.19,ARM_SWING
2700,0.406,-0.417,-0.227,0.625,-0.2,42.4,-99.4,108.07,ARM_SWING
2750,0.509,-0.445,-0.231,0.714,17.2,48.6,-145.3,154.17,ARM_SWING
2800,0.637,-0.578,-0.309,0.914,27.6,43.8,-193.4,200.21,ARM_SWING
2850,0.915,-0.846,-0.290,1.279,31.1,60.0,-224.9,234.83,ARM_SWING
2900,1.054,-0.966,-0.377,1.479,26.1,63.3,-216.0,226.59,ARM_SWING
2950,1.114,-0.862,-0.397,1.463,22.4,58.5,-201.4,210.92,ARM_SWING
3000,1.114,-0.840,-0.415,1.456,20.3,47.5,-186.6,193.62,ARM_SWING
3050,1.089,-0.854,-0.357,1.429,21.4,29.6,-154.7,158.95,ARM_SWING
3100,1.052,-0.867,-0.266,1.389,-10.2,48.5,-109.2,119.92,ARM_SWING
3150,1.013,-0.719,-0.356,1.292,-35.7,47.8,-57.4,82.79,ARM_SWING
3200,0.781,-0.548,-0.414,1.040,-9.9,17.9,-3.8,20.81,ARM_SWING
3250,0.658,-0.504,-0.468,0.952,24.7,-11.0,-2.5,27.15,ARM_SWING
3300,0.662,-0.589,-0.449,0.993,39.9,-39.6,3.5,56.32,ARM_SWING
3350,0.729,-0.681,-0.377,1.066,44.8,-48.3,31.9,73.20,ARM_SWING
3400,0.889,-0.774,-0.418,1.251,16.6,-45.8,59.4,76.82,ARM_SWING
3450,1.060,-0.795,-0.442,1.397,7.8,-58.2,102.6,118.22,ARM_SWING
3500,1.184,-0.839,-0.400,1.505,19.8,-71.9,150.9,168.32,ARM_SWING
3550,1.154,-0.849,-0.428,1.495,10.3,-71.0,186.7,200.01,ARM_SWING
3600,1.089,-0.845,-0.412,1.439,-5.1,-66.2,209.5,219.77,ARM_SWING
3650,0.987,-0.875,-0.347,1.364,-13.3,-63.4,212.1,221.77,ARM_SWING
3700,0.867,-0.848,-0.349,1.262,-11.9,-60.4,209.9,218.74,ARM_SWING
3750,0.669,-0.776,-0.306,1.069,-7.7,-52.7,196.0,203.11,ARM_SWING
3800,0.424,-0.523,-0.299,0.737,-5.9,-46.9,164.6,171.25,ARM_SWING
3850,0.286,-0.375,-0.271,0.544,-3.8,-31.7,112.2,116.65,ARM_SWING
3900,0.245,-0.276,-0.211,0.425,-6.7,-25.9,49.4,56.18,ARM_SWING
3950,0.233,-0.213,-0.132,0.342,0.4,-8.9,-6.6,11.09,ARM_SWING
4000,0.284,-0.264,-0.183,0.429,-3.1,14.3,-59.9,61.66,ARM_SWING
4050,0.372,-0.342,-0.143,0.525,5.6,32.6,-121.5,125.92,ARM_SWING
4100,0.529,-0.589,-0.385,0.880,18.6,44.5,-162.6,169.60,ARM_SWING
4150,0.631,-0.645,-0.245,0.935,36.6,37.8,-197.7,204.58,ARM_SWING
4200,0.828,-0.776,-0.289,1.171,54.8,59.5,-239.0,252.32,ARM_SWING
4250,1.025,-1.049,-0.410,1.523,46.6,28.9,-224.0,230.61,ARM_SWING
4300,1.088,-0.981,-0.281,1.492,38.5,32.8,-200.6,206.88,ARM_SWING
4350,1.102,-0.958,-0.306,1.492,25.1,32.7,-178.7,183.39,ARM_SWING
4400,1.041,-0.911,-0.324,1.421,-9.6,42.9,-135.6,142.55,ARM_SWING
4450,0.987,-0.828,-0.341,1.333,-27.1,48.4,-96.5,111.31,ARM_SWING
4500,0.905,-0.801,-0.382,1.267,-20.3,44.8,-63.7,80.48,ARM_SWING
4550,0.821,-0.621,-0.420,1.112,1.8,12.0,-15.6,19.76,ARM_SWING
4600,0.700,-0.599,-0.391,1.001,15.6,-9.3,-0.7,18.18,ARM_SWING
4650,0.682,-0.660,-0.386,1.025,-18.4,-13.5,4.0,23.17,ARM_SWING
4700,0.717,-0.663,-0.344,1.035,-4.7,-25.7,19.6,32.66,ARM_SWING
4750,0.793,-0.732,-0.408,1.154,1.8,-40.6,44.6,60.34,ARM_SWING
4800,0.906,-0.767,-0.343,1.236,8.1,-53.0,77.9,94.57,ARM_SWING
4850,1.047,-0.769,-0.301,1.333,12.6,-58.3,108.7,123.99,ARM_SWING
4900,1.116,-0.817,-0.312,1.418,-0.7,-44.6,136.0,143.13,ARM_SWING
4950,1.091,-0.798,-0.341,1.394,-15.8,-35.3,153.8,158.59,ARM_SWING
5000,1.009,-0.815,-0.309,1.333,-14.2,-43.4,173.5,179.41,ARM_SWING
5050,0.899,-0.877,-0.328,1.298,-18.7,-37.8,184.8,189.55,ARM_SWING
5100,0.804,-0.931,-0.410,1.297,-14.7,-47.5,191.2,197.56,ARM_SWING
5150,0.672,-0.924,-0.395,1.209,-4.4,-51.6,198.3,204.95,ARM_SWING
5200,0.529,-0.791,-0.324,1.005,-10.0,-49.8,189.9,196.58,ARM_SWING
5250,0.350,-0.527,-0.312,0.705,1.4,-38.5,160.3,164.86,ARM_SWING
5300,0.232,-0.381,-0.268,0.520,-11.9,-14.3,114.1,115.61,ARM_SWING
5350,0.155,-0.321,-0.216,0.417,-24.5,0.4,63.7,68.25,ARM_SWING
5400,0.137,-0.293,-0.215,0.388,-16.6,17.0,16.7,29.04,ARM_SWING
5450,0.139,-0.325,-0.259,0.438,-6.8,29.9,-30.4,43.18,ARM_SWING
5500,0.246,-0.369,-0.169,0.475,2.9,38.8,-74.1,83.69,ARM_SWING
5550,0.277,-0.463,-0.282,0.609,32.3,58.9,-118.4,136.13,ARM_SWING
5600,0.475,-0.557,-0.271,0.781,15.2,71.5,-175.2,189.84,ARM_SWING
5650,0.614,-0.741,-0.443,1.059,32.3,59.5,-211.4,221.98,ARM_SWING
5700,0.878,-0.867,-0.269,1.263,55.6,39.4,-240.7,250.16,ARM_SWING
5750,1.098,-1.120,-0.471,1.638,77.3,29.8,-233.0,247.29,ARM_SWING
5800,1.106,-1.170,-0.344,1.646,84.2,27.4,-212.8,230.49,ARM_SWING
5850,1.000,-1.231,-0.427,1.642,2.3,54.1,-189.4,196.99,ARM_SWING
5900,0.956,-1.059,-0.458,1.498,-47.8,62.2,-145.7,165.48,ARM_SWING
5950,0.882,-0.856,-0.377,1.286,-49.2,54.4,-92.8,118.29,ARM_SWING
6000,0.848,-0.591,-0.328,1.084,-17.9,25.2,-57.4,65.19,ARM_SWING
6050,0.689,-0.588,-0.286,0.950,10.6,-9.9,-31.3,34.50,ARM_SWING
6100,0.695,-0.680,-0.317,1.023,5.0,-16.8,-5.6,18.40,ARM_SWING
6150,0.732,-0.665,-0.344,1.047,-0.5,-22.4,25.5,33.94,ARM_SWING
6200,0.748,-0.739,-0.321,1.099,-9.1,-17.2,58.8,61.94,ARM_SWING
6250,0.908,-0.767,-0.324,1.232,-14.0,-26.6,79.5,84.99,ARM_SWING
6300,1.041,-0.803,-0.295,1.347,-27.0,-35.0,108.5,117.16,ARM_SWING
6350,1.134,-0.747,-0.286,1.388,-13.6,-39.2,131.5,137.89,ARM_SWING
6400,1.134,-0.728,-0.287,1.378,-7.9,-37.6,157.7,162.31,ARM_SWING
6450,1.048,-0.726,-0.323,1.315,-6.9,-36.6,169.5,173.54,ARM_SWING
6500,0.960,-0.734,-0.315,1.249,-19.7,-31.3,173.3,177.20,ARM_SWING
6550,0.833,-0.815,-0.368,1.222,-9.8,-42.4,173.1,178.49,ARM_SWING
6600,0.648,-0.883,-0.447,1.183,-16.5,-33.8,175.4,179.39,ARM_SWING
6650,0.497,-0.809,-0.380,1.023,-18.6,-42.3,160.7,167.21,ARM_SWING
6700,0.373,-0.774,-0.378,0.939,-29.6,-35.6,144.4,151.64,ARM_SWING
6750,0.282,-0.576,-0.292,0.705,-22.9,-35.4,117.4,124.74,ARM_SWING
6800,0.185,-0.407,-0.200,0.490,-18.9,-25.2,75.8,82.08,ARM_SWING
6850,0.153,-0.295,-0.142,0.361,-18.6,-12.3,32.6,39.50,ARM_SWING
6900,0.195,-0.255,-0.174,0.365,-3.7,7.8,-11.6,14.46,ARM_SWING
6950,0.194,-0.338,-0.227,0.451,15.9,16.2,-66.2,69.98,ARM_SWING
7000,0.255,-0.473,-0.225,0.583,22.5,37.6,-116.6,124.56,ARM_SWING
7050,0.456,-0.612,-0.318,0.827,19.6,57.4,-157.2,168.50,ARM_SWING
7100,0.558,-0.724,-0.341,0.976,16.2,50.8,-186.1,193.59,ARM_SWING
7150,0.769,-0.830,-0.277,1.165,40.6,54.8,-219.0,229.37,ARM_SWING
7200,0.979,-1.029,-0.283,1.448,26.8,67.6,-220.2,231.90,ARM_SWING
7250,1.117,-0.943,-0.356,1.505,10.9,76.2,-205.7,219.63,ARM_SWING
7300,1.209,-0.927,-0.418,1.580,15.4,58.1,-180.8,190.53,ARM_SWING
7350,1.120,-0.890,-0.493,1.513,-19.9,61.2,-139.1,153.27,ARM_SWING
7400,0.984,-0.734,-0.510,1.329,18.9,35.4,-93.0,101.29,ARM_SWING
7450,0.925,-0.604,-0.406,1.177,28.2,13.3,-75.6,81.78,ARM_SWING
7500,0.723,-0.764,-0.446,1.143,20.3,-8.4,-44.3,49.45,ARM_SWING
7550,0.685,-0.736,-0.418,1.089,13.4,-29.3,-15.7,35.84,ARM_SWING
7600,0.694,-0.721,-0.383,1.072,14.7,-41.2,13.5,45.78,ARM_SWING
7650,0.790,-0.709,-0.327,1.111,25.2,-54.1,38.8,71.18,ARM_SWING
7700,0.897,-0.717,-0.278,1.182,29.4,-52.9,75.5,96.76,ARM_SWING
7750,0.938,-0.715,-0.272,1.210,-1.2,-36.6,100.5,106.96,ARM_SWING
7800,0.974,-0.697,-0.372,1.254,-26.3,-40.6,117.0,126.61,ARM_SWING
7850,1.005,-0.789,-0.366,1.329,-8.7,-41.2,137.7,143.99,ARM_SWING
7900,1.015,-0.871,-0.447,1.410,1.5,-51.8,163.1,171.13,ARM_SWING
7950,1.001,-0.901,-0.476,1.428,-5.4,-57.4,177.5,186.63,ARM_SWING
8000,0.865,-0.888,-0.456,1.321,7.2,-53.5,191.4,198.87,ARM_SWING
8050,0.733,-0.937,-0.477,1.282,-3.7,-50.6,201.8,208.08,ARM_SWING
8100,0.508,-0.910,-0.509,1.160,-27.8,-45.1,199.2,206.12,ARM_SWING
8150,0.357,-0.770,-0.406,0.941,-39.6,-46.6,177.1,187.36,ARM_SWING
8200,0.153,-0.580,-0.400,0.721,-28.8,-42.3,146.5,155.18,ARM_SWING
8250,0.061,-0.418,-0.296,0.516,-38.9,-28.2,111.4,121.32,ARM_SWING
8300,0.022,-0.306,-0.278,0.414,-27.8,-20.4,65.0,73.58,ARM_SWING
8350,-0.014,-0.212,-0.209,0.298,-20.0,-5.3,17.7,27.23,ARM_SWING
8400,0.008,-0.209,-0.138,0.251,0.9,8.1,-35.7,36.62,ARM_SWING
8450,0.048,-0.333,-0.208,0.396,12.7,16.3,-77.6,80.30,ARM_SWING
8500,0.147,-0.501,-0.229,0.570,24.6,37.3,-116.0,124.31,ARM_SWING
8550,0.218,-0.667,-0.322,0.772,30.7,49.5,-145.6,156.82,ARM_SWING
8600,0.347,-0.732,-0.406,0.906,35.4,67.6,-182.4,197.72,ARM_SWING
8650,0.478,-0.898,-0.424,1.102,20.7,59.8,-197.2,207.10,ARM_SWING
8700,0.752,-0.891,-0.331,1.212,37.3,63.3,-212.3,224.65,ARM_SWING
8750,0.956,-1.003,-0.334,1.425,46.7,77.6,-220.5,238.38,ARM_SWING
8800,1.095,-0.995,-0.442,1.544,9.3,86.5,-202.1,220.03,ARM_SWING
8850,1.112,-0.890,-0.441,1.491,2.9,78.8,-178.2,194.87,ARM_SWING
8900,1.127,-0.909,-0.553,1.550,-31.5,71.2,-140.0,160.19,ARM_SWING
8950,1.029,-0.767,-0.514,1.383,-0.8,52.3,-90.7,104.70,ARM_SWING
9000,0.958,-0.769,-0.563,1.351,17.8,41.3,-52.7,69.28,ARM_SWING
9050,0.772,-0.542,-0.517,1.076,-28.4,14.2,-16.8,35.92,ARM_SWING
9100,0.755,-0.550,-0.459,1.041,-0.7,-22.1,-6.8,23.13,ARM_SWING
9150,0.814,-0.591,-0.400,1.083,19.7,-39.0,13.4,45.70,ARM_SWING
9200,0.827,-0.631,-0.344,1.096,55.2,-65.5,40.6,94.79,ARM_SWING
9250,0.870,-0.707,-0.325,1.167,43.1,-64.1,62.4,99.30,ARM_SWING
9300,0.962,-0.701,-0.325,1.234,8.8,-59.0,86.2,104.83,ARM_SWING
9350,0.984,-0.711,-0.355,1.265,10.0,-49.8,110.2,121.34,ARM_SWING
9400,0.944,-0.779,-0.410,1.291,-0.3,-49.9,135.4,144.30,ARM_SWING
9450,0.948,-0.827,-0.451,1.336,-2.3,-52.8,151.1,160.08,ARM_SWING
9500,0.912,-0.924,-0.400,1.358,-3.0,-55.1,168.0,176.83,ARM_SWING
9550,0.767,-0.896,-0.416,1.251,-10.7,-53.2,176.6,184.75,ARM_SWING
9600,0.599,-0.991,-0.415,1.230,3.5,-47.5,182.2,188.32,ARM_SWING
9650,0.500,-0.958,-0.384,1.147,-29.9,-39.2,182.0,188.56,ARM_SWING
9700,0.345,-0.853,-0.403,1.005,-0.4,-43.2,180.5,185.60,ARM_SWING
9750,0.232,-0.741,-0.307,0.835,-29.4,-32.4,160.0,165.87,ARM_SWING
9800,0.207,-0.440,-0.240,0.542,-21.9,-24.9,134.1,138.14,ARM_SWING
9850,0.169,-0.209,-0.071,0.278,-8.1,-21.3,103.8,106.27,ARM_SWING
9900,0.112,-0.097,-0.072,0.165,-12.9,10.0,40.6,43.76,ARM_SWING
9950,0.016,-0.037,-0.093,0.101,9.4,31.7,-43.7,54.80,ARM_SWING
10000,0.118,-0.215,-0.278,0.371,14.0,50.8,-118.9,130.05,ARM_SWING
10050,0.353,-0.476,-0.386,0.707,35.9,59.3,-180.3,193.17,ARM_SWING
10100,0.580,-0.702,-0.378,0.986,59.0,48.3,-215.0,228.12,ARM_SWING
10150,0.774,-0.810,-0.156,1.131,74.9,51.8,-250.1,266.16,ARM_SWING
10200,1.103,-0.989,-0.391,1.532,52.4,69.8,-281.3,294.53,ARM_SWING
10250,1.299,-1.011,-0.290,1.671,26.6,65.5,-264.9,274.17,ARM_SWING
10300,1.380,-1.022,-0.422,1.768,46.2,66.7,-224.6,238.81,ARM_SWING
10350,1.285,-0.959,-0.415,1.656,43.6,38.6,-187.7,196.53,ARM_SWING
10400,1.116,-0.990,-0.373,1.538,70.3,20.3,-152.3,168.97,ARM_SWING
10450,0.918,-1.020,-0.390,1.427,50.1,8.3,-90.9,104.12,ARM_SWING
10500,0.849,-0.827,-0.306,1.224,2.3,12.1,-35.0,37.10,ARM_SWING
10550,0.758,-0.822,-0.401,1.188,-21.1,-10.4,16.3,28.62,ARM_SWING
10600,0.702,-0.723,-0.364,1.071,-22.4,-28.7,45.4,58.19,ARM_SWING
10650,0.772,-0.684,-0.336,1.085,-25.3,-39.4,65.2,80.27,ARM_SWING
10700,0.825,-0.679,-0.278,1.104,1.1,-48.0,80.2,93.47,ARM_SWING
10750,0.957,-0.755,-0.202,1.236,25.9,-55.3,101.7,118.62,ARM_SWING
10800,1.046,-0.874,-0.258,1.387,27.7,-48.3,129.0,140.50,ARM_SWING
10850,1.077,-0.979,-0.273,1.481,22.4,-33.3,171.9,176.52,ARM_SWING
10900,1.041,-1.037,-0.354,1.511,-7.7,-22.1,197.4,198.78,ARM_SWING
10950,0.942,-1.031,-0.390,1.450,-34.8,-19.8,214.9,218.60,ARM_SWING
11000,0.899,-1.021,-0.385,1.414,-34.3,-32.5,213.7,218.86,ARM_SWING
11050,0.765,-0.981,-0.388,1.303,-47.3,-32.4,213.7,221.26,ARM_SWING
11100,0.567,-0.903,-0.360,1.125,-39.4,-45.4,201.1,209.89,ARM_SWING
11150,0.301,-0.747,-0.310,0.863,-36.7,-48.6,182.4,192.30,ARM_SWING
11200,0.208,-0.665,-0.301,0.759,-29.6,-33.6,156.8,163.07,ARM_SWING
11250,0.083,-0.483,-0.309,0.579,-40.8,-24.1,133.8,141.94,ARM_SWING
11300,0.019,-0.319,-0.306,0.442,-42.3,-18.1,92.7,103.49,ARM_SWING
11350,-0.028,-0.040,-0.190,0.196,-35.6,-9.5,37.4,52.50,ARM_SWING
11400,-0.053,0.019,-0.213,0.220,-24.9,28.3,-24.7,45.07,ARM_SWING
11450,0.012,-0.069,-0.295,0.303,0.2,46.0,-106.2,115.73,ARM_SWING
11500,0.119,-0.304,-0.304,0.446,22.9,55.6,-150.3,161.88,ARM_SWING
11550,0.313,-0.655,-0.428,0.843,10.7,66.6,-192.5,203.98,ARM_SWING
11600,0.470,-0.770,-0.313,0.955,41.7,60.6,-216.8,228.94,ARM_SWING
11650,0.630,-0.962,-0.408,1.220,52.9,56.5,-227.5,240.31,ARM_SWING
11700,0.776,-1.032,-0.335,1.334,41.6,71.1,-232.0,246.19,ARM_SWING
11750,0.972,-1.026,-0.454,1.484,40.1,70.3,-223.1,237.33,ARM_SWING
11800,1.176,-0.929,-0.360,1.541,64.3,64.4,-225.1,242.80,ARM_SWING
11850,1.250,-0.980,-0.345,1.625,58.0,69.8,-206.4,225.47,ARM_SWING
11900,1.200,-0.945,-0.414,1.583,9.2,78.6,-168.8,186.43,ARM_SWING
11950,1.074,-0.852,-0.517,1.465,-6.7,71.7,-110.3,131.73,ARM_SWING
12000,0.899,-0.692,-0.547,1.259,16.9,48.5,-64.2,82.22,ARM_SWING
12050,0.759,-0.747,-0.567,1.206,11.9,8.6,-30.3,33.67,ARM_SWING
12100,0.675,-0.750,-0.487,1.120,4.8,-21.4,1.5,21.98,ARM_SWING
12150,0.683,-0.760,-0.341,1.077,-23.5,-24.4,23.6,41.29,ARM_SWING
12200,0.778,-0.769,-0.334,1.144,-29.1,-29.1,51.3,65.77,ARM_SWING
12250,0.952,-0.745,-0.295,1.244,-19.1,-45.3,80.8,94.58,ARM_SWING
12300,1.081,-0.816,-0.314,1.390,-4.5,-55.9,118.5,131.10,ARM_SWING
12350,1.173,-0.862,-0.350,1.497,-4.9,-59.5,156.8,167.78,ARM_SWING
12400,1.197,-0.924,-0.435,1.573,-12.6,-60.7,193.4,203.09,ARM_SWING
12450,1.143,-0.971,-0.435,1.562,-35.4,-51.3,208.6,217.71,ARM_SWING
12500,1.015,-1.003,-0.451,1.497,-50.0,-53.9,218.1,230.16,ARM_SWING
12550,0.855,-0.952,-0.463,1.361,-58.9,-58.5,195.4,212.30,ARM_SWING
12600,0.711,-0.853,-0.438,1.194,-43.9,-74.3,188.3,207.13,ARM_SWING
12650,0.553,-0.743,-0.375,0.999,-32.9,-69.3,170.5,186.96,ARM_SWING
12700,0.425,-0.552,-0.287,0.753,-32.9,-66.8,146.5,164.34,ARM_SWING
12750,0.306,-0.382,-0.226,0.539,-25.6,-43.4,119.7,129.87,ARM_SWING
12800,0.223,-0.274,-0.242,0.428,-33.5,-19.9,84.7,93.23,ARM_SWING
12850,0.186,-0.133,-0.231,0.325,-33.1,-6.0,44.1,55.47,ARM_SWING
12900,0.129,-0.084,-0.254,0.297,5.8,6.2,-5.8,10.28,ARM_SWING
12950,0.102,-0.174,-0.255,0.325,20.5,25.9,-58.5,67.18,ARM_SWING
13000,0.188,-0.206,-0.327,0.430,40.7,44.4,-122.5,136.51,ARM_SWING
13050,0.293,-0.484,-0.373,0.678,22.4,59.8,-186.1,196.75,ARM_SWING
13100,0.591,-0.672,-0.331,0.954,36.3,73.5,-225.4,239.84,ARM_SWING
13150,0.866,-0.910,-0.290,1.289,31.8,84.2,-252.2,267.78,ARM_SWING
13200,1.201,-0.952,-0.175,1.543,56.0,79.7,-265.0,282.34,ARM_SWING
13250,1.392,-1.071,-0.212,1.769,87.9,88.4,-269.5,296.94,ARM_SWING
13300,1.433,-1.111,-0.307,1.839,90.5,85.3,-244.2,274.04,ARM_SWING
13350,1.310,-1.132,-0.400,1.777,67.9,96.3,-208.3,239.32,ARM_SWING
13400,1.111,-1.093,-0.669,1.696,18.6,93.3,-156.3,182.98,ARM_SWING
13450,0.757,-1.186,-0.733,1.586,-26.8,62.9,-83.3,107.77,ARM_SWING
13500,0.732,-1.017,-0.814,1.494,29.9,-2.5,-26.2,39.83,ARM_SWING
13550,0.704,-0.977,-0.567,1.331,7.3,-44.0,25.3,51.28,ARM_SWING
13600,0.818,-0.907,-0.413,1.289,-16.4,-63.1,75.2,99.53,ARM_SWING
13650,0.981,-0.871,-0.286,1.343,-46.2,-60.4,112.3,135.62,ARM_SWING
13700,1.145,-0.820,-0.244,1.429,-28.3,-68.6,146.1,163.87,ARM_SWING
13750,1.232,-0.805,-0.268,1.496,-5.5,-75.8,175.9,191.62,ARM_SWING
13800,1.273,-0.887,-0.272,1.575,8.6,-61.0,201.3,210.52,ARM_SWING
13850,1.153,-0.936,-0.303,1.516,-7.7,-41.4,212.1,216.24,ARM_SWING
13900,1.083,-1.002,-0.371,1.521,-41.0,-36.5,218.8,225.58,ARM_SWING
13950,0.974,-0.962,-0.368,1.418,-34.1,-43.6,210.1,217.27,ARM_SWING
14000,0.795,-0.887,-0.321,1.234,-28.6,-55.8,205.8,215.14,ARM_SWING
14050,0.619,-0.691,-0.267,0.965,-35.0,-56.2,188.3,199.60,ARM_SWING
14100,0.507,-0.470,-0.106,0.699,-27.5,-37.8,156.9,163.72,ARM_SWING
14150,0.343,-0.347,-0.172,0.517,-44.6,-12.3,127.5,135.63,ARM_SWING
14200,0.224,-0.124,-0.233,0.346,-63.2,14.9,86.1,107.84,ARM_SWING
14250,0.107,0.033,-0.258,0.281,-15.3,13.5,22.9,30.67,ARM_SWING
14300,0.068,-0.033,-0.304,0.313,24.7,16.3,-55.5,62.90,ARM_SWING
14350,0.212,-0.099,-0.284,0.368,46.2,33.0,-133.8,145.35,ARM_SWING
14400,0.385,-0.404,-0.361,0.665,40.8,38.5,-206.9,214.37,ARM_SWING
14450,0.649,-0.691,-0.549,1.095,33.4,45.6,-245.7,252.12,ARM_SWING
14500,0.851,-0.870,-0.402,1.282,33.7,51.5,-268.5,275.46,ARM_SWING
14550,1.168,-0.981,-0.313,1.557,24.7,67.8,-285.6,294.57,ARM_SWING
14600,1.331,-0.995,-0.270,1.684,5.7,72.5,-271.3,280.88,ARM_SWING
14650,1.403,-0.964,-0.294,1.727,4.3,80.9,-244.7,257.76,ARM_SWING
14700,1.367,-0.894,-0.309,1.662,38.0,64.6,-185.6,200.16,ARM_SWING
14750,1.168,-0.958,-0.412,1.566,91.0,59.5,-123.4,164.47,ARM_SWING
14800,0.761,-1.153,-0.479,1.462,28.7,48.0,-63.6,84.69,ARM_SWING
14850,0.741,-0.902,-0.658,1.340,26.2,26.7,-24.6,44.77,ARM_SWING
14900,0.648,-0.907,-0.657,1.294,9.8,3.7,5.8,11.97,ARM_SWING
14950,0.728,-0.844,-0.561,1.248,-30.5,-20.8,45.6,58.67,ARM_SWING
15000,0.840,-0.772,-0.456,1.229,-38.9,-32.0,78.6,93.36,ARM_SWING
15050,0.969,-0.754,-0.392,1.289,-20.7,-43.3,113.3,123.05,ARM_SWING
15100,1.082,-0.754,-0.407,1.380,-20.0,-57.4,138.1,150.89,ARM_SWING
15150,1.166,-0.842,-0.350,1.480,-10.7,-58.3,154.7,165.67,ARM_SWING
15200,1.229,-0.929,-0.369,1.584,-25.9,-56.2,178.5,188.92,ARM_SWING
15250,1.203,-0.961,-0.406,1.592,-29.0,-58.8,201.2,211.61,ARM_SWING
15300,1.132,-0.928,-0.328,1.500,-27.5,-65.5,214.6,226.05,ARM_SWING
15350,1.003,-0.951,-0.353,1.427,-27.9,-61.1,224.7,234.52,ARM_SWING
15400,0.794,-0.631,-0.274,1.051,-38.6,-55.3,217.9,228.10,ARM_SWING
15450,0.572,-0.520,-0.246,0.811,-45.0,-40.7,190.9,200.31,ARM_SWING
15500,0.414,-0.233,-0.180,0.508,-34.3,-25.0,156.1,161.77,ARM_SWING
15550,0.211,0.001,-0.141,0.254,-21.5,-4.4,91.7,94.29,ARM_SWING
15600,0.142,0.046,-0.198,0.248,-26.4,18.0,11.6,33.99,ARM_SWING
15650,0.206,-0.061,-0.240,0.322,-9.7,26.7,-58.3,64.85,ARM_SWING
15700,0.303,-0.237,-0.252,0.460,25.2,33.5,-120.8,127.87,ARM_SWING
15750,0.519,-0.449,-0.274,0.739,48.5,55.2,-174.0,188.88,ARM_SWING
15800,0.696,-0.654,-0.375,1.026,52.8,64.5,-212.1,227.89,ARM_SWING
15850,0.922,-0.719,-0.264,1.199,43.2,70.2,-245.9,259.35,ARM_SWING
15900,1.135,-0.913,-0.279,1.483,54.3,73.6,-255.9,271.75,ARM_SWING
15950,1.311,-1.017,-0.318,1.689,33.2,79.3,-240.5,255.40,ARM_SWING
16000,1.372,-0.975,-0.332,1.716,59.2,77.7,-217.5,238.43,ARM_SWING
16050,1.271,-1.077,-0.357,1.704,80.5,63.0,-176.6,204.05,ARM_SWING
16100,1.101,-1.088,-0.481,1.621,75.1,64.5,-124.8,159.30,ARM_SWING
16150,0.928,-1.013,-0.546,1.478,44.5,49.3,-77.7,102.22,ARM_SWING
16200,0.716,-1.044,-0.671,1.433,-1.1,23.8,-25.9,35.19,ARM_SWING
16250,0.654,-0.911,-0.629,1.286,-30.1,-10.7,30.3,44.03,ARM_SWING
16300,0.707,-0.833,-0.457,1.184,-48.5,-45.3,59.2,88.93,ARM_SWING
16350,0.897,-0.896,-0.358,1.317,-37.1,-66.6,87.6,116.13,ARM_SWING
16400,1.117,-0.949,-0.325,1.501,8.7,-67.4,132.5,148.91,ARM_SWING
16450,1.152,-1.058,-0.275,1.588,-9.9,-52.9,171.2,179.46,ARM_SWING
16500,1.188,-0.985,-0.290,1.570,-39.6,-48.4,195.4,205.16,ARM_SWING
16550,1.183,-0.982,-0.269,1.561,-34.2,-52.4,203.9,213.29,ARM_SWING
16600,1.161,-0.975,-0.307,1.547,-37.8,-50.1,207.9,217.17,ARM_SWING
16650,1.035,-0.897,-0.346,1.413,-25.1,-49.4,208.6,215.83,ARM_SWING
16700,0.788,-0.772,-0.343,1.155,-5.6,-67.6,198.5,209.77,ARM_SWING
16750,0.513,-0.842,-0.301,1.031,19.8,-67.2,180.3,193.43,ARM_SWING
16800,0.432,-0.707,-0.186,0.849,-25.4,-41.0,169.0,175.75,ARM_SWING
16850,0.404,-0.463,-0.164,0.636,-54.3,-21.3,152.3,163.09,ARM_SWING
16900,0.264,-0.207,-0.206,0.394,-67.2,2.5,121.5,138.87,ARM_SWING
16950,0.119,0.063,-0.210,0.249,-43.6,-1.4,66.6,79.61,ARM_SWING
17000,0.071,0.077,-0.167,0.197,12.8,7.2,-4.9,15.48,ARM_SWING
17050,0.085,-0.063,-0.186,0.214,36.5,31.5,-67.2,82.71,ARM_SWING
17100,0.176,-0.201,-0.246,0.363,42.8,34.5,-141.0,151.34,ARM_SWING
17150,0.415,-0.440,-0.277,0.665,49.5,58.0,-209.5,222.95,ARM_SWING
17200,0.752,-0.732,-0.318,1.097,24.8,41.3,-252.8,257.35,ARM_SWING
17250,1.001,-0.820,-0.223,1.313,57.6,60.6,-297.4,308.93,ARM_SWING
17300,1.422,-1.065,-0.284,1.799,78.1,69.9,-320.3,337.01,ARM_SWING
17350,1.639,-1.113,-0.249,1.997,47.0,77.8,-332.4,344.60,ARM_SWING
17400,1.780,-1.245,-0.409,2.210,80.2,59.6,-305.1,321.05,ARM_SWING
17450,1.468,-1.364,-0.419,2.047,101.9,5.2,-203.9,228.00,ARM_SWING
17500,1.053,-1.304,-0.444,1.734,145.2,-2.5,-109.0,181.58,ARM_SWING
17550,0.752,-1.164,-0.344,1.428,55.4,-11.2,-42.3,70.60,ARM_SWING
17600,0.555,-1.053,-0.375,1.248,13.4,-19.6,13.1,27.12,ARM_SWING
17650,0.608,-0.935,-0.258,1.145,4.1,-33.8,57.1,66.48,ARM_SWING
17700,0.762,-0.931,-0.185,1.217,-18.1,-25.9,88.9,94.35,ARM_SWING
17750,0.993,-0.962,-0.183,1.395,-28.4,-27.8,122.3,128.60,ARM_SWING
17800,1.133,-1.028,-0.133,1.536,-4.6,-11.1,168.8,169.23,ARM_SWING
17850,1.199,-1.023,-0.222,1.592,-14.4,5.6,206.0,206.58,ARM_SWING
17900,1.200,-1.060,-0.263,1.623,-31.0,17.4,231.1,233.82,ARM_SWING
17950,1.179,-1.007,-0.321,1.583,-44.3,14.4,239.7,244.18,ARM_SWING
18000,1.094,-0.874,-0.240,1.421,-30.3,11.5,237.7,239.90,ARM_SWING
18050,0.853,-0.832,-0.246,1.217,0.0,5.4,226.4,226.46,ARM_SWING
18100,0.650,-0.732,-0.215,1.002,-61.0,3.4,202.4,211.42,ARM_SWING
18150,0.475,-0.436,-0.223,0.682,-48.2,-6.7,168.9,175.77,ARM_SWING
18200,0.320,-0.337,-0.183,0.499,-38.4,-10.0,116.0,122.60,ARM_SWING
18250,0.244,-0.198,-0.142,0.345,-40.4,-2.1,60.4,72.70,ARM_SWING
18300,0.219,-0.132,-0.099,0.274,-26.0,11.7,-5.9,29.12,ARM_SWING
18350,0.268,-0.179,-0.142,0.352,-9.4,29.4,-75.2,81.29,ARM_SWING
18400,0.348,-0.265,-0.197,0.480,21.1,41.8,-141.8,149.33,ARM_SWING
18450,0.569,-0.544,-0.354,0.863,40.0,54.2,-203.6,214.45,ARM_SWING
18500,0.811,-0.859,-0.282,1.215,36.2,46.8,-235.6,242.92,ARM_SWING
18550,1.098,-0.890,-0.257,1.437,61.4,46.4,-259.2,270.38,ARM_SWING
18600,1.296,-1.004,-0.201,1.652,69.1,39.4,-275.3,286.56,ARM_SWING
18650,1.370,-1.154,-0.244,1.808,66.7,29.2,-255.9,266.06,ARM_SWING
18700,1.295,-1.100,-0.326,1.730,81.6,20.3,-212.5,228.53,ARM_SWING
18750,1.104,-1.089,-0.354,1.591,71.8,-1.9,-172.6,186.95,ARM_SWING
18800,0.760,-1.272,-0.316,1.515,62.1,-21.5,-125.0,141.22,ARM_SWING
18850,0.699,-1.098,-0.368,1.353,46.4,-18.2,-73.9,89.14,ARM_SWING
18900,0.646,-1.010,-0.294,1.234,12.8,-26.3,-6.5,29.96,ARM_SWING
18950,0.650,-0.916,-0.206,1.142,-14.4,-10.2,37.1,41.08,ARM_SWING
19000,0.699,-0.851,-0.151,1.112,-47.4,-4.9,69.2,84.02,ARM_SWING
19050,0.914,-0.869,-0.205,1.278,-38.7,-14.2,97.6,105.95,ARM_SWING
19100,1.082,-0.883,-0.156,1.405,1.9,-28.5,138.5,141.41,ARM_SWING
19150,1.196,-0.875,-0.150,1.489,24.2,-23.8,170.2,173.55,ARM_SWING
19200,1.216,-0.947,-0.156,1.549,4.6,6.9,200.7,200.87,ARM_SWING
19250,1.211,-0.918,-0.236,1.538,-38.5,27.8,216.6,221.74,ARM_SWING
19300,1.083,-0.906,-0.240,1.432,-61.6,35.2,226.5,237.35,ARM_SWING
19350,0.979,-0.885,-0.262,1.345,-58.5,23.9,221.3,230.15,ARM_SWING
19400,0.810,-0.822,-0.208,1.173,-100.8,23.5,210.7,234.75,ARM_SWING
19450,0.657,-0.548,-0.141,0.867,-138.2,17.6,177.8,225.88,ARM_SWING
19500,0.431,-0.194,-0.140,0.493,-74.4,10.8,127.0,147.58,ARM_SWING
19550,0.309,-0.143,-0.122,0.362,-26.3,12.6,67.0,73.07,ARM_SWING
19600,0.288,-0.105,-0.156,0.344,-20.5,17.3,11.9,29.35,ARM_SWING
19650,0.355,-0.074,-0.220,0.424,7.9,25.8,-63.7,69.18,ARM_SWING
19700,0.477,-0.180,-0.202,0.548,56.2,35.3,-145.3,159.74,ARM_SWING
19750,0.729,-0.420,-0.226,0.871,89.8,54.9,-221.5,245.24,ARM_SWING
19800,1.051,-0.816,-0.336,1.372,95.7,58.7,-256.4,279.90,ARM_SWING
19850,1.243,-0.914,-0.286,1.569,79.8,45.2,-266.0,281.37,ARM_SWING
19900,1.399,-1.050,-0.351,1.784,82.1,31.2,-257.6,272.16,ARM_SWING
19950,1.310,-1.139,-0.317,1.765,71.8,3.5,-209.5,221.49,ARM_SWING
20000,1.184,-1.129,-0.286,1.661,92.2,-18.4,-138.0,166.98,ARM_SWING
20050,0.946,-1.057,-0.326,1.455,32.9,-12.3,-93.1,99.51,ARM_SWING
20100,0.765,-0.805,-0.269,1.143,14.2,-2.0,-54.2,56.06,ARM_SWING
20150,0.589,-0.767,-0.318,1.018,4.8,-9.0,-25.9,27.84,ARM_SWING
20200,0.525,-0.749,-0.287,0.959,-11.4,-19.9,-6.9,23.95,ARM_SWING
20250,0.582,-0.758,-0.288,0.998,-32.1,-17.7,8.8,37.70,ARM_SWING
20300,0.739,-0.794,-0.294,1.124,-20.9,-18.4,34.4,44.26,ARM_SWING
20350,0.924,-0.833,-0.312,1.283,4.2,-22.9,70.7,74.43,ARM_SWING
20400,1.038,-0.880,-0.313,1.396,-5.7,-13.9,114.5,115.48,ARM_SWING
20450,1.082,-0.882,-0.298,1.427,-32.9,-7.4,153.8,157.45,ARM_SWING
20500,1.131,-0.851,-0.297,1.446,-51.0,-10.3,182.4,189.68,ARM_SWING
20550,1.142,-0.814,-0.300,1.434,-41.3,-14.4,194.5,199.36,ARM_SWING
20600,1.067,-0.810,-0.265,1.366,-33.2,-22.8,196.4,200.49,ARM_SWING
20650,0.938,-0.793,-0.226,1.249,-29.3,-22.4,195.0,198.46,ARM_SWING
20700,0.816,-0.718,-0.187,1.103,-29.9,-13.6,182.8,185.73,ARM_SWING
20750,0.660,-0.557,-0.274,0.906,-57.6,-8.8,167.0,176.87,ARM_SWING
20800,0.484,-0.321,-0.280,0.645,-22.8,-22.2,125.1,129.08,ARM_SWING
20850,0.370,-0.231,-0.223,0.490,-13.9,-22.4,71.6,76.30,ARM_SWING
20900,0.303,-0.179,-0.204,0.407,-6.0,-13.3,6.8,16.10,ARM_SWING
20950,0.331,-0.213,-0.259,0.471,14.1,3.1,-55.8,57.64,ARM_SWING
21000,0.458,-0.335,-0.271,0.629,28.3,12.0,-122.5,126.30,ARM_SWING
21050,0.652,-0.517,-0.208,0.858,54.8,20.9,-182.0,191.22,ARM_SWING
21100,0.882,-0.699,-0.208,1.144,54.1,37.0,-221.5,230.99,ARM_SWING
21150,1.051,-0.712,-0.231,1.290,38.5,45.2,-258.8,265.52,ARM_SWING
21200,1.369,-0.869,-0.342,1.657,42.4,31.7,-273.4,278.48,ARM_SWING
21250,1.431,-0.999,-0.291,1.769,62.3,7.1,-239.1,247.19,ARM_SWING
21300,1.272,-0.978,-0.306,1.633,66.7,-3.9,-179.9,191.91,ARM_SWING
21350,1.042,-0.957,-0.313,1.449,43.5,0.5,-140.9,147.46,ARM_SWING
21400,0.871,-0.901,-0.358,1.303,12.6,1.9,-103.1,103.88,ARM_SWING
21450,0.745,-0.797,-0.437,1.175,1.8,-8.0,-66.6,67.10,ARM_SWING
21500,0.662,-0.795,-0.332,1.087,7.6,-23.0,-16.1,29.09,ARM_SWING
21550,0.653,-0.734,-0.296,1.026,14.9,-30.1,25.5,42.17,ARM_SWING
21600,0.664,-0.740,-0.232,1.021,9.7,-22.1,55.7,60.70,ARM_SWING
21650,0.753,-0.735,-0.262,1.084,-10.7,-10.1,75.8,77.21,ARM_SWING
21700,0.946,-0.776,-0.285,1.256,-32.3,-3.9,101.5,106.59,ARM_SWING
21750,1.096,-0.784,-0.325,1.386,-31.0,-7.0,137.9,141.51,ARM_SWING
21800,1.199,-0.772,-0.345,1.467,-16.2,-10.5,165.6,166.72,ARM_SWING
21850,1.225,-0.788,-0.363,1.501,-17.2,-13.5,187.3,188.57,ARM_SWING
21900,1.212,-0.770,-0.391,1.488,-19.3,-13.9,203.7,205.08,ARM_SWING
21950,1.096,-0.692,-0.349,1.342,0.3,-11.4,199.4,199.73,ARM_SWING
22000,0.850,-0.763,-0.381,1.204,-22.6,-5.7,186.6,188.05,ARM_SWING
22050,0.712,-0.528,-0.266,0.925,-72.8,-10.0,166.6,182.09,ARM_SWING
22100,0.551,-0.337,-0.182,0.671,-43.6,-17.2,125.0,133.50,ARM_SWING
22150,0.435,-0.292,-0.141,0.543,-34.6,-15.6,73.7,82.90,ARM_SWING
22200,0.355,-0.237,-0.139,0.449,-16.8,-10.1,21.2,28.87,ARM_SWING
22250,0.402,-0.270,-0.161,0.510,9.4,1.9,-39.2,40.36,ARM_SWING
22300,0.487,-0.325,-0.201,0.619,29.1,13.4,-95.2,100.45,ARM_SWING
22350,0.647,-0.412,-0.153,0.782,42.7,36.1,-155.1,164.87,ARM_SWING
22400,0.873,-0.621,-0.253,1.101,38.0,47.6,-200.5,209.55,ARM_SWING
22450,1.080,-0.760,-0.271,1.348,36.9,45.9,-215.1,223.02,ARM_SWING
22500,1.192,-0.832,-0.303,1.485,52.0,37.4,-211.1,220.60,ARM_SWING
22550,1.220,-0.831,-0.304,1.507,61.8,22.4,-208.1,218.24,ARM_SWING
22600,1.198,-0.896,-0.291,1.524,61.6,10.2,-197.4,207.04,ARM_SWING
22650,1.111,-0.954,-0.347,1.505,22.2,20.0,-168.2,170.83,ARM_SWING
22700,0.889,-0.973,-0.460,1.396,4.9,14.9,-106.8,107.95,ARM_SWING
22750,0.751,-0.837,-0.327,1.171,9.5,12.4,-68.1,69.87,ARM_SWING
22800,0.652,-0.805,-0.404,1.112,15.7,-14.9,-23.1,31.66,ARM_SWING
22850,0.616,-0.817,-0.365,1.086,-13.4,-22.8,15.1,30.45,ARM_SWING
22900,0.713,-0.786,-0.334,1.113,-22.6,-22.5,51.3,60.40,ARM_SWING
22950,0.860,-0.757,-0.319,1.189,-25.2,-23.2,85.8,92.38,ARM_SWING
23000,1.014,-0.733,-0.314,1.290,-13.5,-33.7,115.9,121.45,ARM_SWING
23050,1.134,-0.789,-0.329,1.420,-15.6,-38.4,145.3,151.10,ARM_SWING
23100,1.270,-0.821,-0.379,1.559,-29.5,-39.2,177.1,183.77,ARM_SWING
23150,1.327,-0.804,-0.364,1.594,-23.4,-42.4,197.6,203.45,ARM_SWING
23200,1.272,-0.778,-0.374,1.537,-11.5,-45.9,212.7,217.90,ARM_SWING
23250,1.098,-0.732,-0.340,1.363,-12.1,-40.6,218.0,222.08,ARM_SWING
23300,0.889,-0.618,-0.327,1.131,-29.6,-42.1,207.1,213.40,ARM_SWING
23350,0.679,-0.497,-0.227,0.872,-40.3,-43.8,176.7,186.45,ARM_SWING
23400,0.491,-0.373,-0.211,0.652,-41.2,-42.0,139.7,151.58,ARM_SWING
23450,0.274,-0.156,-0.217,0.383,-39.8,-25.6,82.1,94.76,ARM_SWING
23500,0.197,-0.123,-0.194,0.303,-10.5,-12.8,14.1,21.75,ARM_SWING
23550,0.245,-0.243,-0.179,0.389,16.5,7.2,-49.7,52.86,ARM_SWING
23600,0.325,-0.360,-0.198,0.524,33.1,31.9,-112.3,121.34,ARM_SWING
23650,0.478,-0.598,-0.278,0.814,50.6,46.6,-159.6,173.79,ARM_SWING
23700,0.626,-0.772,-0.345,1.052,45.1,50.6,-190.8,202.48,ARM_SWING
23750,0.809,-0.789,-0.334,1.178,49.0,43.9,-217.5,227.23,ARM_SWING
23800,1.004,-0.931,-0.321,1.406,45.6,43.1,-223.7,232.33,ARM_SWING
23850,1.064,-0.891,-0.362,1.434,23.1,47.3,-210.9,217.37,ARM_SWING
23900,1.150,-0.850,-0.396,1.484,16.5,40.6,-198.4,203.18,ARM_SWING
23950,1.155,-0.822,-0.355,1.461,5.6,28.1,-162.4,164.91,ARM_SWING
24000,1.025,-0.799,-0.372,1.352,28.7,22.3,-112.0,117.75,ARM_SWING
24050,0.970,-0.725,-0.437,1.287,43.1,15.1,-71.9,85.18,ARM_SWING
24100,0.755,-0.763,-0.416,1.151,20.8,-0.7,-27.6,34.57,ARM_SWING
24150,0.682,-0.752,-0.448,1.110,-7.2,-8.7,-3.7,11.88,ARM_SWING
24200,0.690,-0.732,-0.376,1.074,-11.3,-17.5,24.4,32.08,ARM_SWING
24250,0.760,-0.713,-0.360,1.103,3.7,-22.9,50.1,55.21,ARM_SWING
24300,0.896,-0.757,-0.312,1.214,-3.7,-32.8,71.7,78.93,ARM_SWING
24350,1.039,-0.809,-0.303,1.351,-7.4,-40.1,106.0,113.57,ARM_SWING
24400,1.150,-0.878,-0.306,1.479,-10.2,-42.5,149.7,155.95,ARM_SWING
24450,1.187,-0.871,-0.346,1.512,-17.0,-36.0,190.1,194.22,ARM_SWING
24500,1.167,-0.816,-0.339,1.464,-21.4,-34.7,211.6,215.49,ARM_SWING
24550,1.012,-0.758,-0.276,1.294,-28.7,-30.6,207.6,211.80,ARM_SWING
24600,0.793,-0.776,-0.285,1.146,-30.8,-23.3,187.5,191.44,ARM_SWING
24650,0.709,-0.644,-0.338,1.016,-58.3,-29.4,169.4,181.55,ARM_SWING
24700,0.580,-0.499,-0.312,0.826,-31.8,-32.6,140.4,147.60,ARM_SWING
24750,0.506,-0.379,-0.279,0.691,-28.3,-31.4,107.5,115.51,ARM_SWING
24800,0.381,-0.247,-0.234,0.511,-22.5,-21.3,66.0,72.91,ARM_SWING
24850,0.305,-0.188,-0.156,0.391,-13.8,-1.6,9.0,16.55,ARM_SWING
24900,0.351,-0.183,-0.151,0.424,-0.4,24.5,-49.8,55.50,ARM_SWING
24950,0.466,-0.224,-0.137,0.535,25.2,43.8,-116.3,126.80,ARM_SWING
25000,0.679,-0.307,-0.176,0.766,56.2,61.8,-188.5,206.18,ARM_SWING
25050,0.983,-0.540,-0.232,1.145,71.7,65.5,-254.6,272.49,ARM_SWING
25100,1.305,-0.779,-0.279,1.545,71.8,63.2,-280.4,296.27,ARM_SWING
25150,1.520,-0.881,-0.399,1.802,46.8,59.5,-282.6,292.56,ARM_SWING
25200,1.647,-0.993,-0.552,2.001,-46.9,54.6,-263.4,273.06,ARM_SWING
25250,1.314,-0.852,-0.442,1.627,13.5,31.5,-182.4,185.59,ARM_SWING
25300,1.101,-0.903,-0.425,1.486,64.8,6.7,-107.1,125.36,ARM_SWING
25350,0.812,-0.806,-0.407,1.214,55.5,-2.3,-60.5,82.13,ARM_SWING
25400,0.695,-0.778,-0.337,1.096,51.8,-13.5,-36.8,64.96,ARM_SWING
25450,0.610,-0.791,-0.331,1.052,51.8,-23.9,-0.2,57.05,ARM_SWING
25500,0.657,-0.784,-0.311,1.069,35.1,-23.3,37.1,56.14,ARM_SWING
25550,0.799,-0.771,-0.332,1.159,1.8,-19.6,76.7,79.19,ARM_SWING
25600,0.938,-0.756,-0.349,1.254,-1.3,-21.5,109.2,111.30,ARM_SWING
25650,1.063,-0.783,-0.372,1.372,5.9,-18.3,142.1,143.39,ARM_SWING
25700,1.199,-0.849,-0.368,1.515,-15.2,-15.6,178.9,180.22,ARM_SWING
25750,1.287,-0.863,-0.420,1.605,-26.3,-14.4,212.6,214.70,ARM_SWING
25800,1.235,-0.756,-0.450,1.516,-19.9,-22.6,225.5,227.50,ARM_SWING
25850,1.072,-0.685,-0.377,1.327,16.6,-38.8,216.7,220.77,ARM_SWING
25900,0.922,-0.861,-0.331,1.304,-25.6,-32.2,203.0,207.13,ARM_SWING
25950,0.741,-0.620,-0.262,1.001,-63.7,-24.5,179.8,192.32,ARM_SWING
26000,0.547,-0.550,-0.227,0.808,-56.7,-24.0,150.4,162.51,ARM_SWING
26050,0.382,-0.345,-0.183,0.546,-57.9,-19.3,108.2,124.23,ARM_SWING
26100,0.289,-0.211,-0.138,0.384,-39.7,-13.0,54.8,68.91,ARM_SWING
26150,0.230,-0.180,-0.113,0.313,-21.0,8.0,-3.9,22.81,ARM_SWING
26200,0.299,-0.190,-0.133,0.378,-10.9,35.2,-71.8,80.70,ARM_SWING
26250,0.409,-0.264,-0.225,0.536,19.1,56.0,-136.6,148.86,ARM_SWING
26300,0.645,-0.472,-0.192,0.822,57.1,61.3,-198.9,215.82,ARM_SWING
26350,0.896,-0.745,-0.179,1.179,70.4,68.9,-231.4,251.49,ARM_SWING
26400,1.091,-0.783,-0.196,1.357,65.1,81.3,-252.0,272.68,ARM_SWING
26450,1.376,-0.886,-0.293,1.663,42.7,85.4,-265.8,282.43,ARM_SWING
26500,1.497,-0.878,-0.423,1.786,14.7,79.1,-245.4,258.25,ARM_SWING
26550,1.409,-0.977,-0.578,1.809,40.7,48.2,-182.2,192.81,ARM_SWING
26600,1.149,-0.908,-0.513,1.552,43.3,26.3,-111.6,122.56,ARM_SWING
26650,0.861,-1.018,-0.494,1.422,27.8,16.1,-69.3,76.38,ARM_SWING
26700,0.700,-0.816,-0.491,1.182,21.3,-14.2,-12.5,28.49,ARM_SWING
26750,0.648,-0.777,-0.397,1.087,0.0,-37.2,20.0,42.24,ARM_SWING
26800,0.727,-0.756,-0.309,1.093,-17.1,-46.2,50.0,70.19,ARM_SWING
26850,0.854,-0.727,-0.332,1.170,-4.2,-49.1,81.9,95.58,ARM_SWING
26900,1.008,-0.739,-0.267,1.278,24.9,-52.7,110.3,124.75,ARM_SWING
26950,1.141,-0.794,-0.255,1.413,43.4,-51.4,151.0,165.31,ARM_SWING
27000,1.201,-0.856,-0.326,1.510,57.3,-36.6,187.8,199.73,ARM_SWING
27050,1.183,-0.963,-0.272,1.549,8.1,-14.3,212.3,212.94,ARM_SWING
27100,1.114,-0.866,-0.344,1.452,-27.7,-10.8,222.2,224.18,ARM_SWING
27150,0.962,-0.782,-0.257,1.266,-25.7,-5.8,215.6,217.20,ARM_SWING
27200,0.756,-0.615,-0.166,0.989,-53.0,3.4,189.2,196.51,ARM_SWING
27250,0.562,-0.466,-0.203,0.758,-52.5,3.7,152.5,161.33,ARM_SWING
27300,0.452,-0.370,-0.179,0.611,-42.2,-3.4,103.6,111.92,ARM_SWING
27350,0.392,-0.312,-0.185,0.534,-27.2,-13.0,58.0,65.37,ARM_SWING
27400,0.357,-0.251,-0.123,0.453,-15.5,-5.3,7.0,17.81,ARM_SWING
27450,0.399,-0.258,-0.172,0.505,-5.3,21.0,-50.1,54.58,ARM_SWING
27500,0.447,-0.272,-0.273,0.590,0.4,35.9,-108.8,114.57,ARM_SWING
27550,0.565,-0.325,-0.270,0.706,31.7,46.1,-181.4,189.83,ARM_SWING
27600,0.834,-0.542,-0.254,1.027,56.9,54.4,-243.6,256.00,ARM_SWING
27650,1.185,-0.842,-0.274,1.479,47.4,63.2,-267.6,279.02,ARM_SWING
27700,1.366,-0.876,-0.305,1.651,24.1,66.0,-261.5,270.77,ARM_SWING
27750,1.378,-0.987,-0.424,1.747,8.8,54.6,-224.9,231.60,ARM_SWING
27800,1.168,-0.879,-0.388,1.512,7.0,38.7,-156.5,161.37,ARM_SWING
27850,1.069,-0.896,-0.433,1.461,31.2,24.9,-106.8,114.02,ARM_SWING
27900,0.887,-0.853,-0.437,1.306,48.5,2.1,-53.7,72.39,ARM_SWING
27950,0.769,-0.870,-0.357,1.215,33.0,0.3,-7.4,33.82,ARM_SWING
28000,0.698,-0.787,-0.348,1.108,-7.4,-8.9,34.2,36.11,ARM_SWING
28050,0.708,-0.635,-0.380,1.024,-25.2,-26.9,57.1,67.96,ARM_SWING
28100,0.752,-0.726,-0.332,1.097,7.1,-41.5,66.5,78.71,ARM_SWING
28150,0.907,-0.821,-0.364,1.276,18.5,-44.3,88.0,100.24,ARM_SWING
28200,1.085,-0.956,-0.346,1.487,22.8,-43.7,126.2,135.48,ARM_SWING
28250,1.225,-1.032,-0.389,1.648,-5.7,-37.6,176.4,180.45,ARM_SWING
28300,1.243,-1.000,-0.288,1.621,-22.8,-41.5,221.6,226.60,ARM_SWING
28350,1.082,-0.889,-0.369,1.448,-34.1,-34.5,250.2,254.86,ARM_SWING
28400,0.978,-0.912,-0.305,1.372,-26.8,-41.2,240.6,245.57,ARM_SWING
28450,0.826,-0.822,-0.265,1.195,-47.8,-30.7,236.6,243.32,ARM_SWING
28500,0.592,-0.556,-0.169,0.830,-41.6,-24.4,209.3,214.78,ARM_SWING
28550,0.408,-0.400,-0.168,0.596,-24.0,-21.0,159.6,162.75,ARM_SWING
28600,0.244,-0.215,-0.166,0.365,-15.8,-6.1,102.5,103.89,ARM_SWING
28650,0.202,-0.150,-0.118,0.278,-14.4,6.3,32.3,35.92,ARM_SWING
28700,0.225,-0.155,-0.226,0.355,1.1,23.1,-53.3,58.10,ARM_SWING
28750,0.284,-0.266,-0.210,0.442,16.8,32.2,-106.1,112.14,ARM_SWING
28800,0.477,-0.387,-0.156,0.634,44.5,55.7,-180.1,193.70,ARM_SWING
28850,0.711,-0.652,-0.370,1.033,61.6,63.7,-227.6,244.24,ARM_SWING
28900,0.919,-0.711,-0.196,1.178,54.1,66.3,-272.3,285.43,ARM_SWING
28950,1.272,-0.998,-0.281,1.641,68.9,62.3,-299.6,313.67,ARM_SWING
29000,1.440,-1.052,-0.303,1.809,42.3,53.7,-288.1,296.10,ARM_SWING
29050,1.432,-1.062,-0.323,1.812,12.2,47.3,-235.2,240.22,ARM_SWING
29100,1.294,-0.980,-0.414,1.675,-5.5,47.1,-167.1,173.70,ARM_SWING
29150,1.057,-0.895,-0.391,1.439,22.9,30.1,-97.7,104.77,ARM_SWING
29200,0.872,-0.883,-0.383,1.299,34.7,17.2,-54.6,66.94,ARM_SWING
29250,0.694,-0.825,-0.421,1.157,16.6,-3.5,-8.7,19.07,ARM_SWING
29300,0.655,-0.772,-0.397,1.087,-14.8,-19.6,20.6,32.06,ARM_SWING
29350,0.745,-0.741,-0.355,1.109,-38.2,-27.9,47.9,67.32,ARM_SWING
29400,0.889,-0.693,-0.349,1.180,-21.6,-39.7,78.1,90.23,ARM_SWING
29450,1.023,-0.709,-0.339,1.290,19.6,-51.7,102.5,116.46,ARM_SWING
29500,1.118,-0.794,-0.297,1.403,28.9,-56.8,131.3,145.95,ARM_SWING
29550,1.210,-0.897,-0.346,1.545,8.2,-52.0,175.5,183.23,ARM_SWING
29600,1.262,-0.929,-0.390,1.615,-9.3,-43.7,213.7,218.32,ARM_SWING
29650,1.203,-1.000,-0.329,1.599,-5.8,-43.9,242.7,246.71,ARM_SWING
29700,1.033,-0.928,-0.323,1.426,-37.8,-35.3,252.0,257.25,ARM_SWING
29750,0.772,-0.764,-0.310,1.130,-33.5,-31.3,234.2,238.65,ARM_SWING
29800,0.579,-0.567,-0.211,0.837,-47.3,-32.9,192.0,200.46,ARM_SWING
29850,0.394,-0.419,-0.167,0.599,-40.8,-29.3,141.6,150.25,ARM_SWING
29900,0.291,-0.279,-0.157,0.433,-31.6,-22.1,87.4,95.53,ARM_SWING
29950,0.253,-0.195,-0.096,0.334,-25.2,-6.1,32.3,41.42,ARM_SWING
Recording stopped

Samples dumped: 600
