
Recording started
time,accelX,accelY,accelZ,accelMagnitude,gyroX,gyroY,gyroZ,gyroMagnitude,activity
0,1.003,-0.579,-0.200,1.175,-33.6,8.4,112.0,117.23,ARM_SWING
50,0.973,-0.510,-0.225,1.121,-39.5,12.2,111.3,118.73,ARM_SWING
100,0.903,-0.433,-0.242,1.030,-34.5,7.2,104.0,109.81,ARM_SWING
150,0.835,-0.395,-0.260,0.960,-26.1,3.2,84.4,88.40,ARM_SWING
200,0.792,-0.360,-0.265,0.909,-19.6,-1.8,55.9,59.26,ARM_SWING
250,0.743,-0.331,-0.258,0.853,-8.4,1.1,18.3,20.17,ARM_SWING
300,0.732,-0.351,-0.272,0.856,2.3,5.1,-13.7,14.80,ARM_SWING
350,0.754,-0.387,-0.278,0.892,9.8,5.9,-53.1,54.32,ARM_SWING
400,0.806,-0.424,-0.290,0.956,18.1,2.7,-82.6,84.60,ARM_SWING
450,0.857,-0.467,-0.267,1.012,37.0,-10.1,-103.0,109.91,ARM_SWING
500,0.947,-0.530,-0.248,1.113,55.1,-11.2,-117.5,130.26,ARM_SWING
550,0.939,-0.610,-0.211,1.139,57.3,-15.6,-116.9,131.12,ARM_SWING
600,0.903,-0.648,-0.176,1.125,37.6,-10.6,-109.5,116.26,ARM_SWING
650,0.881,-0.680,-0.215,1.133,27.0,-7.9,-93.7,97.83,ARM_SWING
700,0.823,-0.699,-0.199,1.098,8.4,-5.2,-68.3,69.01,ARM_SWING
750,0.780,-0.706,-0.236,1.078,-0.4,-0.2,-38.0,38.00,ARM_SWING
800,0.780,-0.606,-0.213,1.010,-10.6,-0.4,-7.2,12.82,ARM_SWING
850,0.745,-0.611,-0.288,1.006,5.5,-9.7,25.5,27.83,ARM_SWING
900,0.770,-0.622,-0.292,1.032,12.8,-16.0,44.3,48.81,ARM_SWING
950,0.771,-0.631,-0.256,1.029,-6.5,-5.9,59.9,60.54,ARM_SWING
1000,0.815,-0.623,-0.232,1.052,-31.4,8.4,69.0,76.27,ARM_SWING
1050,0.913,-0.591,-0.237,1.113,-45.0,8.1,77.6,90.07,ARM_SWING
1100,0.992,-0.574,-0.278,1.179,-55.5,-2.0,94.0,109.18,ARM_SWING
1150,1.017,-0.551,-0.298,1.194,-26.4,-7.9,110.3,113.69,ARM_SWING
1200,0.983,-0.566,-0.281,1.169,-6.2,-17.2,113.6,115.06,ARM_SWING
1250,0.924,-0.504,-0.271,1.087,-18.0,-11.4,110.8,112.83,ARM_SWING
1300,0.817,-0.409,-0.277,0.955,-12.9,-18.1,94.9,97.47,ARM_SWING
1350,0.705,-0.336,-0.233,0.815,-5.6,-22.0,56.7,61.08,ARM_SWING
1400,0.621,-0.328,-0.212,0.734,-6.3,-9.0,21.0,23.70,ARM_SWING
1450,0.610,-0.333,-0.219,0.729,-14.5,9.8,-33.6,37.88,ARM_SWING
1500,0.703,-0.379,-0.237,0.833,-1.9,11.3,-72.4,73.30,ARM_SWING
1550,0.784,-0.469,-0.244,0.946,17.2,10.5,-101.0,102.99,ARM_SWING
1600,0.881,-0.521,-0.252,1.054,35.6,6.3,-117.3,122.75,ARM_SWING
1650,0.929,-0.573,-0.261,1.122,49.9,0.7,-123.7,133.39,ARM_SWING
1700,0.990,-0.628,-0.270,1.203,51.7,-5.1,-119.7,130.49,ARM_SWING
1750,0.998,-0.636,-0.260,1.212,54.5,-11.4,-95.4,110.46,ARM_SWING
1800,0.921,-0.670,-0.251,1.166,71.4,-22.9,-63.2,98.06,ARM_SWING
1850,0.835,-0.654,-0.250,1.090,70.3,-15.6,-39.5,82.13,ARM_SWING
1900,0.762,-0.622,-0.265,1.019,-15.1,-6.1,-24.6,29.50,ARM_SWING
1950,0.725,-0.620,-0.329,1.009,1.1,-7.2,-20.5,21.76,ARM_SWING
2000,0.678,-0.585,-0.265,0.934,3.9,-11.8,-3.3,12.86,ARM_SWING
2050,0.696,-0.624,-0.309,0.985,4.2,-7.9,5.0,10.25,ARM_SWING
2100,0.757,-0.645,-0.278,1.033,6.2,-6.7,21.1,22.99,ARM_SWING
2150,0.787,-0.662,-0.250,1.058,-16.6,0.5,41.3,44.51,ARM_SWING
2200,0.864,-0.657,-0.234,1.110,-41.9,11.7,52.8,68.41,ARM_SWING
2250,0.931,-0.636,-0.251,1.155,-41.7,4.6,72.6,83.85,ARM_SWING
2300,0.955,-0.591,-0.256,1.152,-40.8,-5.2,93.2,101.87,ARM_SWING
2350,0.946,-0.537,-0.246,1.115,-30.5,-10.4,101.3,106.30,ARM_SWING
2400,0.935,-0.531,-0.257,1.106,-18.9,-11.1,104.8,107.07,ARM_SWING
2450,0.882,-0.525,-0.263,1.060,-13.3,-10.7,102.6,104.01,ARM_SWING
2500,0.810,-0.496,-0.264,0.986,-8.4,-8.5,90.3,91.09,ARM_SWING
2550,0.747,-0.447,-0.250,0.906,-13.0,-0.4,65.6,66.88,ARM_SWING
2600,0.729,-0.409,-0.242,0.870,-15.6,0.0,32.8,36.32,ARM_SWING
2650,0.708,-0.386,-0.247,0.843,-13.4,5.4,2.8,14.72,ARM_SWING
2700,0.694,-0.370,-0.242,0.823,-6.6,6.7,-30.0,31.44,ARM_SWING
2750,0.732,-0.374,-0.244,0.857,10.4,4.2,-66.5,67.44,ARM_SWING
2800,0.798,-0.425,-0.261,0.941,17.0,6.2,-104.5,106.06,ARM_SWING
2850,0.898,-0.488,-0.260,1.055,38.6,8.6,-133.5,139.23,ARM_SWING
2900,1.011,-0.598,-0.302,1.213,62.3,-4.6,-143.8,156.78,ARM_SWING
2950,1.015,-0.751,-0.266,1.290,81.2,-24.1,-110.4,139.15,ARM_SWING
3000,0.901,-0.774,-0.248,1.213,68.8,-21.8,-73.9,103.30,ARM_SWING
3050,0.763,-0.748,-0.203,1.088,43.6,-21.7,-49.9,69.73,ARM_SWING
3100,0.663,-0.711,-0.204,0.993,12.1,-6.9,-34.8,37.48,ARM_SWING
3150,0.744,-0.593,-0.151,0.963,-18.1,8.4,-41.1,45.69,ARM_SWING
3200,0.664,-0.680,-0.289,0.993,-17.5,7.6,-16.0,24.90,ARM_SWING
3250,0.713,-0.659,-0.282,1.011,-13.0,-2.9,8.1,15.59,ARM_SWING
3300,0.731,-0.682,-0.266,1.035,-1.8,1.0,26.1,26.18,ARM_SWING
3350,0.804,-0.707,-0.246,1.099,-11.9,4.4,45.6,47.33,ARM_SWING
3400,0.921,-0.765,-0.285,1.231,-25.9,12.1,77.8,82.89,ARM_SWING
3450,1.010,-0.768,-0.293,1.302,-17.8,-4.5,119.0,120.41,ARM_SWING
3500,0.963,-0.730,-0.294,1.244,-15.6,-8.0,140.2,141.29,ARM_SWING
3550,0.925,-0.705,-0.281,1.196,-32.1,-3.7,149.5,152.95,ARM_SWING
3600,0.853,-0.581,-0.267,1.066,-32.9,-7.6,145.4,149.27,ARM_SWING
3650,0.761,-0.518,-0.260,0.957,-26.1,-3.5,116.9,119.83,ARM_SWING
3700,0.690,-0.502,-0.251,0.889,-21.0,-3.2,86.4,88.97,ARM_SWING
3750,0.660,-0.426,-0.239,0.821,-24.2,4.0,51.3,56.86,ARM_SWING
3800,0.658,-0.426,-0.241,0.820,-19.4,2.1,17.1,25.95,ARM_SWING
3850,0.599,-0.406,-0.202,0.751,-18.3,10.9,-18.0,27.89,ARM_SWING
3900,0.650,-0.414,-0.234,0.805,-13.3,19.1,-63.2,67.35,ARM_SWING
3950,0.671,-0.555,-0.268,0.911,5.2,15.7,-91.9,93.38,ARM_SWING
4000,0.719,-0.671,-0.286,1.024,20.4,12.6,-105.3,108.00,ARM_SWING
4050,0.708,-0.706,-0.262,1.034,45.0,13.3,-117.1,126.15,ARM_SWING
4100,0.779,-0.767,-0.282,1.129,44.1,14.9,-123.0,131.51,ARM_SWING
4150,0.801,-0.827,-0.267,1.182,48.8,4.4,-102.9,113.97,ARM_SWING
4200,0.811,-0.874,-0.318,1.234,27.7,1.6,-75.0,79.97,ARM_SWING
4250,0.728,-0.740,-0.278,1.075,18.3,-1.7,-48.9,52.24,ARM_SWING
4300,0.702,-0.712,-0.290,1.041,12.6,-1.1,-28.9,31.55,ARM_SWING
4350,0.664,-0.653,-0.284,0.974,1.7,6.0,-21.9,22.77,ARM_SWING
4400,0.656,-0.720,-0.224,0.999,4.1,12.3,-21.0,24.68,ARM_SWING
4450,0.784,-0.709,-0.325,1.106,-20.8,2.2,3.0,21.13,ARM_SWING
4500,0.829,-0.719,-0.322,1.144,-13.4,-3.5,24.8,28.41,ARM_SWING
4550,0.842,-0.693,-0.291,1.129,6.3,-9.8,50.4,51.73,ARM_SWING
4600,0.899,-0.659,-0.287,1.151,7.4,-19.2,73.6,76.42,ARM_SWING
4650,0.908,-0.621,-0.267,1.132,-13.4,-13.2,87.0,89.01,ARM_SWING
4700,0.893,-0.553,-0.256,1.081,-25.7,-10.8,90.3,94.51,ARM_SWING
4750,0.855,-0.483,-0.202,1.003,-35.5,-17.4,79.8,89.06,ARM_SWING
4800,0.820,-0.435,-0.192,0.948,-31.6,-11.5,63.3,71.68,ARM_SWING
4850,0.752,-0.414,-0.165,0.874,-18.6,-9.9,38.0,43.45,ARM_SWING
4900,0.721,-0.418,-0.177,0.852,-23.8,4.0,7.5,25.27,ARM_SWING
4950,0.699,-0.446,-0.185,0.850,-17.0,11.2,-14.7,25.11,ARM_SWING
5000,0.722,-0.490,-0.227,0.902,-2.9,7.3,-38.7,39.49,ARM_SWING
5050,0.759,-0.543,-0.254,0.967,9.4,11.6,-52.1,54.20,ARM_SWING
5100,0.771,-0.569,-0.260,0.993,25.7,10.5,-60.3,66.38,ARM_SWING
5150,0.797,-0.586,-0.272,1.026,25.8,8.6,-60.6,66.42,ARM_SWING
5200,0.800,-0.588,-0.280,1.032,31.5,7.7,-62.3,70.23,ARM_SWING
5250,0.794,-0.599,-0.291,1.036,34.5,5.8,-63.6,72.59,ARM_SWING
5300,0.792,-0.630,-0.296,1.054,26.7,10.2,-63.2,69.36,ARM_SWING
5350,0.792,-0.658,-0.300,1.072,16.5,4.0,-54.5,57.08,ARM_SWING
5400,0.789,-0.675,-0.320,1.087,-18.1,5.8,-35.2,40.00,ARM_SWING
5450,0.793,-0.592,-0.295,1.033,-14.0,8.5,-4.6,17.01,ARM_SWING
5500,0.755,-0.692,-0.284,1.063,-6.0,-0.6,-3.5,6.97,ARM_SWING
5550,0.793,-0.634,-0.248,1.045,-22.9,-9.0,11.0,26.95,ARM_SWING
5600,0.785,-0.653,-0.278,1.058,11.5,-12.5,29.8,34.30,ARM_SWING
5650,0.798,-0.713,-0.295,1.110,12.6,-19.1,48.8,53.90,ARM_SWING
5700,0.831,-0.788,-0.307,1.186,11.4,-27.3,53.8,61.40,ARM_SWING
5750,0.883,-0.788,-0.317,1.225,4.0,-31.2,95.3,100.36,ARM_SWING
5800,0.891,-0.720,-0.313,1.188,-2.9,-37.2,115.7,121.57,ARM_SWING
5850,0.864,-0.634,-0.283,1.108,-13.0,-31.6,116.6,121.50,ARM_SWING
5900,0.836,-0.545,-0.240,1.026,-24.9,-24.9,105.4,111.13,ARM_SWING
5950,0.766,-0.452,-0.237,0.920,-42.9,-8.1,84.3,94.93,ARM_SWING
6000,0.679,-0.334,-0.194,0.781,-44.0,-6.5,45.0,63.27,ARM_SWING
6050,0.657,-0.278,-0.205,0.742,-32.5,1.6,-0.5,32.54,ARM_SWING
6100,0.650,-0.323,-0.197,0.752,-6.5,7.2,-40.5,41.65,ARM_SWING
6150,0.694,-0.397,-0.224,0.830,4.7,22.1,-79.9,83.03,ARM_SWING
6200,0.772,-0.465,-0.252,0.936,22.0,28.8,-107.9,113.82,ARM_SWING
6250,0.836,-0.605,-0.305,1.076,46.4,21.9,-120.6,131.06,ARM_SWING
6300,0.895,-0.685,-0.329,1.174,52.9,10.2,-121.1,132.54,ARM_SWING
6350,0.922,-0.711,-0.295,1.201,85.4,-9.3,-107.3,137.45,ARM_SWING
6400,0.906,-0.736,-0.251,1.194,79.8,-9.9,-82.6,115.28,ARM_SWING
6450,0.832,-0.710,-0.227,1.117,36.9,4.0,-73.0,81.89,ARM_SWING
6500,0.764,-0.698,-0.236,1.061,-0.3,13.0,-62.1,63.45,ARM_SWING
6550,0.799,-0.701,-0.324,1.111,10.0,15.8,-56.0,59.04,ARM_SWING
6600,0.730,-0.685,-0.380,1.071,-29.4,23.8,-34.1,50.93,ARM_SWING
6650,0.732,-0.697,-0.346,1.068,-31.5,0.3,-11.1,33.40,ARM_SWING
6700,0.801,-0.700,-0.348,1.119,-3.2,-7.9,10.2,13.29,ARM_SWING
6750,0.845,-0.695,-0.322,1.140,-7.0,-15.2,41.9,45.12,ARM_SWING
6800,0.889,-0.641,-0.358,1.153,3.3,-16.2,63.4,65.52,ARM_SWING
6850,0.924,-0.622,-0.336,1.163,10.0,-48.2,82.6,96.16,ARM_SWING
6900,0.946,-0.670,-0.319,1.202,37.3,-58.5,105.0,125.85,ARM_SWING
6950,0.976,-0.720,-0.295,1.248,30.4,-50.8,127.4,140.48,ARM_SWING
7000,0.928,-0.728,-0.245,1.205,-3.5,-34.2,136.5,140.76,ARM_SWING
7050,0.860,-0.681,-0.280,1.132,-29.8,-18.4,140.5,144.80,ARM_SWING
7100,0.729,-0.559,-0.236,0.948,-22.9,-16.3,125.3,128.41,ARM_SWING
7150,0.650,-0.458,-0.232,0.828,-35.2,0.0,95.4,101.69,ARM_SWING
7200,0.610,-0.399,-0.206,0.757,-37.3,4.0,55.0,66.58,ARM_SWING
7250,0.595,-0.344,-0.223,0.723,-36.4,10.6,13.6,40.28,ARM_SWING
7300,0.606,-0.357,-0.260,0.750,-26.0,14.5,-25.8,39.39,ARM_SWING
7350,0.619,-0.475,-0.306,0.838,-3.4,23.0,-59.5,63.88,ARM_SWING
7400,0.627,-0.549,-0.315,0.891,24.4,14.0,-82.9,87.54,ARM_SWING
7450,0.660,-0.609,-0.264,0.936,48.7,22.5,-102.4,115.60,ARM_SWING
7500,0.721,-0.625,-0.369,1.023,41.2,39.2,-126.9,139.06,ARM_SWING
7550,0.802,-0.664,-0.342,1.096,35.7,24.3,-141.8,148.23,ARM_SWING
7600,0.895,-0.761,-0.354,1.227,64.7,3.9,-130.2,145.44,ARM_SWING
7650,0.903,-0.809,-0.406,1.279,54.5,0.3,-106.1,119.28,ARM_SWING
7700,0.841,-0.740,-0.329,1.168,34.3,-10.6,-75.8,83.87,ARM_SWING
7750,0.819,-0.752,-0.315,1.156,34.6,-20.7,-47.1,62.00,ARM_SWING
7800,0.709,-0.688,-0.396,1.064,-8.4,-12.8,-12.8,19.96,ARM_SWING
7850,0.753,-0.650,-0.320,1.045,5.5,-22.5,12.1,26.13,ARM_SWING
7900,0.758,-0.623,-0.282,1.021,-10.7,-16.1,22.5,29.66,ARM_SWING
7950,0.764,-0.592,-0.278,1.006,12.1,-16.3,29.4,35.73,ARM_SWING
8000,0.788,-0.606,-0.256,1.027,10.6,-8.0,39.2,41.39,ARM_SWING
8050,0.803,-0.590,-0.255,1.029,-7.9,-2.6,46.9,47.63,ARM_SWING
8100,0.798,-0.592,-0.247,1.024,-29.8,-2.8,56.7,64.12,ARM_SWING
8150,0.823,-0.573,-0.252,1.034,-41.2,0.2,61.8,74.27,ARM_SWING
8200,0.813,-0.530,-0.261,1.005,-37.1,5.9,62.0,72.49,ARM_SWING
8250,0.810,-0.549,-0.287,1.020,-8.3,11.1,65.9,67.34,ARM_SWING
8300,0.783,-0.618,-0.279,1.036,-11.0,6.6,64.6,65.86,ARM_SWING
8350,0.753,-0.519,-0.268,0.953,-17.1,-1.5,55.7,58.29,ARM_SWING
8400,0.721,-0.541,-0.253,0.936,-12.4,7.5,41.5,43.96,ARM_SWING
8450,0.710,-0.532,-0.250,0.922,-1.4,7.9,29.7,30.76,ARM_SWING
8500,0.711,-0.505,-0.264,0.911,-16.6,17.1,14.4,27.84,ARM_SWING
8550,0.719,-0.503,-0.273,0.919,-10.0,10.7,-2.3,14.82,ARM_SWING
8600,0.761,-0.522,-0.272,0.962,-8.3,17.9,-20.9,28.74,ARM_SWING
8650,0.762,-0.542,-0.258,0.970,3.4,12.9,-27.7,30.75,ARM_SWING
8700,0.762,-0.561,-0.259,0.981,7.4,10.8,-33.0,35.50,ARM_SWING
8750,0.775,-0.562,-0.277,0.997,11.0,10.3,-39.4,42.18,ARM_SWING
8800,0.760,-0.592,-0.280,1.003,16.9,5.3,-44.5,47.90,ARM_SWING
8850,0.768,-0.624,-0.287,1.030,17.7,1.9,-43.4,46.91,ARM_SWING
8900,0.752,-0.653,-0.279,1.034,17.1,-0.9,-43.1,46.38,ARM_SWING
8950,0.786,-0.651,-0.269,1.055,8.8,-2.7,-35.1,36.29,ARM_SWING
9000,0.828,-0.617,-0.241,1.060,10.6,-9.0,-30.5,33.52,ARM_SWING
9050,0.790,-0.599,-0.220,1.016,14.9,-8.6,-22.8,28.56,ARM_SWING
9100,0.742,-0.576,-0.221,0.965,11.7,-13.5,-14.8,23.20,ARM_SWING
9150,0.742,-0.566,-0.254,0.967,2.8,-4.2,-18.2,18.89,ARM_SWING
9200,0.788,-0.570,-0.265,1.008,-0.2,-8.8,-14.4,16.88,ARM_SWING
9250,0.798,-0.568,-0.271,1.016,5.8,-10.0,-10.5,15.62,ARM_SWING
9300,0.798,-0.566,-0.259,1.012,4.8,-7.0,-3.0,9.00,ARM_SWING
9350,0.782,-0.564,-0.246,0.995,0.6,0.9,0.2,1.10,ARM_SWING
9400,0.758,-0.560,-0.235,0.971,-7.5,3.9,4.1,9.40,ARM_SWING
9450,0.752,-0.580,-0.239,0.979,-14.9,3.5,2.2,15.46,ARM_SWING
9500,0.800,-0.609,-0.242,1.034,-19.7,6.4,6.7,21.77,ARM_SWING
9550,0.817,-0.648,-0.233,1.068,-19.6,4.8,26.1,32.99,ARM_SWING
9600,0.811,-0.622,-0.240,1.050,-30.5,10.2,41.7,52.66,ARM_SWING
9650,0.802,-0.592,-0.257,1.029,-30.7,7.9,43.6,53.91,ARM_SWING
9700,0.804,-0.571,-0.258,1.019,-24.7,-3.6,48.3,54.37,ARM_SWING
9750,0.802,-0.563,-0.250,1.011,-24.3,3.2,48.5,54.34,ARM_SWING
9800,0.800,-0.537,-0.244,0.994,-24.4,5.1,42.9,49.62,ARM_SWING
9850,0.791,-0.510,-0.241,0.972,-18.3,-0.2,39.5,43.53,ARM_SWING
9900,0.776,-0.493,-0.244,0.951,-17.7,3.5,30.1,35.09,ARM_SWING
9950,0.776,-0.481,-0.257,0.948,-14.4,7.2,18.2,24.30,ARM_SWING
10000,0.768,-0.467,-0.259,0.935,-9.8,2.8,9.3,13.80,ARM_SWING
10050,0.779,-0.454,-0.257,0.938,-0.7,4.1,-7.7,8.75,ARM_SWING
10100,0.790,-0.467,-0.253,0.952,10.7,-1.8,-23.2,25.61,ARM_SWING
10150,0.793,-0.499,-0.248,0.969,17.9,-3.5,-33.4,38.06,ARM_SWING
10200,0.796,-0.515,-0.246,0.979,17.7,-4.4,-40.8,44.69,ARM_SWING
10250,0.819,-0.536,-0.252,1.011,22.2,-1.0,-50.0,54.72,ARM_SWING
10300,0.840,-0.551,-0.241,1.033,33.3,-8.3,-52.9,63.06,ARM_SWING
10350,0.888,-0.569,-0.249,1.084,36.8,-10.4,-47.5,60.98,ARM_SWING
10400,0.876,-0.570,-0.199,1.064,42.9,-13.8,-40.1,60.32,ARM_SWING
10450,0.820,-0.563,-0.184,1.012,45.9,-15.4,-31.7,57.87,ARM_SWING
10500,0.820,-0.609,-0.219,1.045,22.2,-6.3,-30.9,38.57,ARM_SWING
10550,0.730,-0.549,-0.215,0.938,16.8,-9.4,-26.1,32.43,ARM_SWING
10600,0.706,-0.569,-0.220,0.933,26.6,-1.8,-30.9,40.81,ARM_SWING
10650,0.708,-0.601,-0.256,0.963,-25.1,3.4,-30.3,39.49,ARM_SWING
10700,0.698,-0.709,-0.312,1.043,-9.3,4.6,-25.6,27.62,ARM_SWING
10750,0.747,-0.734,-0.344,1.102,-8.2,-12.6,0.0,15.03,ARM_SWING
10800,0.788,-0.757,-0.375,1.155,-4.2,-24.7,19.7,31.87,ARM_SWING
10850,0.836,-0.774,-0.309,1.180,7.0,-38.9,50.2,63.89,ARM_SWING
10900,0.898,-0.839,-0.310,1.267,9.1,-37.5,81.4,90.08,ARM_SWING
10950,0.926,-0.809,-0.299,1.265,0.0,-28.9,119.2,122.65,ARM_SWING
11000,0.930,-0.761,-0.306,1.240,-10.5,-30.4,132.4,136.25,ARM_SWING
11050,0.898,-0.709,-0.293,1.181,-15.0,-23.4,145.6,148.23,ARM_SWING
11100,0.816,-0.633,-0.256,1.064,-17.9,-16.6,140.9,143.00,ARM_SWING
11150,0.739,-0.571,-0.281,0.975,-23.6,-15.9,130.5,133.57,ARM_SWING
11200,0.610,-0.477,-0.254,0.815,-28.3,-7.2,102.2,106.29,ARM_SWING
11250,0.527,-0.358,-0.241,0.681,-27.4,-2.3,68.1,73.44,ARM_SWING
11300,0.477,-0.316,-0.223,0.614,-24.3,11.7,14.6,30.67,ARM_SWING
11350,0.466,-0.354,-0.240,0.633,-18.6,34.9,-37.7,54.64,ARM_SWING
11400,0.539,-0.456,-0.290,0.763,-10.9,37.6,-79.0,88.17,ARM_SWING
11450,0.641,-0.579,-0.300,0.914,8.4,38.8,-111.7,118.54,ARM_SWING
11500,0.736,-0.729,-0.326,1.086,42.0,30.5,-124.6,134.98,ARM_SWING
11550,0.785,-0.734,-0.313,1.119,52.5,32.9,-127.5,141.76,ARM_SWING
11600,0.837,-0.748,-0.258,1.152,61.0,22.9,-134.8,149.72,ARM_SWING
11650,0.908,-0.717,-0.327,1.202,65.3,5.1,-127.5,143.34,ARM_SWING
11700,0.898,-0.721,-0.274,1.184,57.9,4.0,-113.1,127.12,ARM_SWING
11750,0.883,-0.703,-0.254,1.157,29.5,4.0,-97.7,102.13,ARM_SWING
11800,0.818,-0.695,-0.272,1.107,21.4,3.1,-77.3,80.27,ARM_SWING
11850,0.863,-0.625,-0.259,1.097,20.9,13.8,-63.9,68.63,ARM_SWING
11900,0.734,-0.682,-0.315,1.050,-23.7,3.0,-29.8,38.19,ARM_SWING
11950,0.754,-0.718,-0.371,1.105,-37.5,1.4,-10.4,38.94,ARM_SWING
12000,0.775,-0.781,-0.369,1.160,-18.2,-7.5,19.1,27.43,ARM_SWING
12050,0.827,-0.748,-0.383,1.179,-38.0,-13.5,53.6,67.08,ARM_SWING
12100,0.880,-0.757,-0.404,1.229,-32.8,-33.6,85.6,97.63,ARM_SWING
12150,0.936,-0.804,-0.382,1.292,-25.4,-44.3,103.4,115.32,ARM_SWING
12200,0.955,-0.833,-0.388,1.325,-10.2,-54.0,127.9,139.21,ARM_SWING
12250,0.968,-0.841,-0.379,1.337,-12.5,-51.0,142.4,151.77,ARM_SWING
12300,0.955,-0.820,-0.407,1.323,-4.4,-51.8,153.2,161.78,ARM_SWING
12350,0.867,-0.827,-0.415,1.268,14.6,-53.6,160.3,169.65,ARM_SWING
12400,0.762,-0.802,-0.417,1.182,2.3,-60.2,148.8,160.53,ARM_SWING
12450,0.659,-0.732,-0.346,1.044,-13.5,-44.9,131.3,139.42,ARM_SWING
12500,0.605,-0.667,-0.322,0.956,-35.0,-42.2,123.5,135.12,ARM_SWING
12550,0.542,-0.450,-0.283,0.759,-55.9,-19.9,111.5,126.31,ARM_SWING
12600,0.400,-0.281,-0.246,0.547,-50.7,-17.7,83.3,99.11,ARM_SWING
12650,0.279,-0.192,-0.173,0.380,-38.7,-5.8,28.2,48.23,ARM_SWING
12700,0.230,-0.213,-0.181,0.362,-18.6,19.8,-30.1,40.55,ARM_SWING
12750,0.309,-0.344,-0.268,0.534,13.7,28.5,-78.8,84.91,ARM_SWING
12800,0.403,-0.569,-0.346,0.778,52.5,34.0,-111.1,127.50,ARM_SWING
12850,0.467,-0.693,-0.368,0.913,62.6,35.2,-132.4,150.62,ARM_SWING
12900,0.642,-0.798,-0.339,1.079,65.7,42.1,-158.8,176.94,ARM_SWING
12950,0.727,-0.862,-0.293,1.165,65.8,46.9,-180.8,198.04,ARM_SWING
13000,0.877,-0.908,-0.332,1.305,45.7,49.4,-189.5,201.09,ARM_SWING
13050,0.970,-0.878,-0.328,1.349,44.2,46.2,-186.1,196.78,ARM_SWING
13100,0.994,-1.057,-0.390,1.502,33.6,32.9,-162.8,169.46,ARM_SWING
13150,0.924,-1.047,-0.409,1.455,26.4,19.2,-109.1,113.88,ARM_SWING
13200,0.932,-0.782,-0.395,1.279,3.7,20.3,-73.5,76.34,ARM_SWING
13250,0.688,-0.929,-0.607,1.306,-5.3,20.0,-30.5,36.86,ARM_SWING
13300,0.634,-0.888,-0.494,1.198,-41.5,-0.2,7.5,42.17,ARM_SWING
13350,0.714,-0.879,-0.416,1.206,-29.2,-19.6,36.3,50.54,ARM_SWING
13400,0.838,-0.874,-0.380,1.269,4.9,-29.6,66.9,73.32,ARM_SWING
13450,0.919,-0.939,-0.367,1.364,-20.4,-35.7,102.2,110.16,ARM_SWING
13500,0.976,-0.829,-0.273,1.309,-5.1,-45.6,127.4,135.41,ARM_SWING
13550,0.987,-0.883,-0.279,1.353,11.5,-40.2,156.1,161.60,ARM_SWING
13600,0.961,-0.778,-0.239,1.259,-34.3,-36.9,165.9,173.38,ARM_SWING
13650,0.894,-0.660,-0.194,1.128,-56.3,-18.2,159.1,169.75,ARM_SWING
13700,0.799,-0.552,-0.183,0.988,-41.6,-16.6,140.6,147.56,ARM_SWING
13750,0.648,-0.395,-0.179,0.780,-40.5,-6.4,110.7,118.05,ARM_SWING
13800,0.516,-0.331,-0.207,0.647,-31.9,0.1,71.1,77.93,ARM_SWING
13850,0.454,-0.312,-0.237,0.600,-32.5,15.2,26.0,44.31,ARM_SWING
13900,0.443,-0.341,-0.268,0.620,-23.1,22.4,-20.2,37.99,ARM_SWING
13950,0.517,-0.412,-0.324,0.736,-9.5,29.0,-65.9,72.62,ARM_SWING
14000,0.620,-0.523,-0.364,0.889,22.6,29.8,-101.3,107.98,ARM_SWING
14050,0.710,-0.653,-0.349,1.026,52.4,27.4,-117.7,131.72,ARM_SWING
14100,0.771,-0.702,-0.356,1.102,52.0,35.2,-129.2,143.65,ARM_SWING
14150,0.813,-0.682,-0.325,1.110,58.2,24.9,-140.5,154.10,ARM_SWING
14200,0.852,-0.731,-0.304,1.163,58.6,23.3,-148.1,160.97,ARM_SWING
14250,0.894,-0.785,-0.313,1.230,36.4,9.7,-140.0,144.98,ARM_SWING
14300,0.915,-0.762,-0.367,1.246,27.5,19.6,-123.7,128.23,ARM_SWING
14350,0.873,-0.809,-0.381,1.250,28.1,12.0,-94.9,99.70,ARM_SWING
14400,0.700,-0.688,-0.409,1.063,45.5,-22.0,-47.2,69.15,ARM_SWING
14450,0.726,-0.811,-0.354,1.145,15.3,6.2,-28.7,33.11,ARM_SWING
14500,0.762,-0.698,-0.330,1.085,-13.8,-23.8,11.8,29.94,ARM_SWING
14550,0.765,-0.681,-0.304,1.068,-5.9,-17.5,36.2,40.64,ARM_SWING
14600,0.810,-0.626,-0.279,1.061,21.9,-19.7,53.5,61.07,ARM_SWING
14650,0.775,-0.618,-0.202,1.012,11.0,-2.0,64.4,65.36,ARM_SWING
14700,0.891,-0.569,-0.240,1.084,-22.6,-5.1,73.5,77.07,ARM_SWING
14750,0.884,-0.561,-0.204,1.067,-33.5,-8.8,82.8,89.75,ARM_SWING
14800,0.915,-0.534,-0.241,1.086,-59.0,2.4,84.1,102.76,ARM_SWING
14850,0.900,-0.478,-0.222,1.043,-53.6,5.7,79.4,95.97,ARM_SWING
14900,0.843,-0.445,-0.239,0.983,-37.8,7.4,71.6,81.30,ARM_SWING
14950,0.769,-0.448,-0.232,0.920,-21.1,3.9,58.7,62.50,ARM_SWING
15000,0.776,-0.462,-0.284,0.947,-13.5,-2.1,37.2,39.63,ARM_SWING
15050,0.771,-0.469,-0.294,0.949,1.2,-12.7,23.5,26.74,ARM_SWING
15100,0.782,-0.469,-0.287,0.956,6.3,-6.9,10.0,13.69,ARM_SWING
15150,0.805,-0.433,-0.290,0.959,10.3,-1.4,-9.9,14.35,ARM_SWING
15200,0.771,-0.427,-0.254,0.917,19.7,-0.2,-27.8,34.07,ARM_SWING
15250,0.750,-0.445,-0.226,0.901,22.3,7.2,-50.9,56.04,ARM_SWING
15300,0.765,-0.468,-0.223,0.924,18.6,10.3,-71.7,74.79,ARM_SWING
15350,0.814,-0.483,-0.211,0.970,23.5,5.7,-93.5,96.58,ARM_SWING
15400,0.876,-0.538,-0.207,1.049,37.3,5.8,-107.3,113.75,ARM_SWING
15450,0.915,-0.607,-0.186,1.114,34.7,3.5,-101.5,107.32,ARM_SWING
15500,0.924,-0.667,-0.250,1.167,21.6,16.3,-77.4,81.99,ARM_SWING
15550,0.911,-0.598,-0.310,1.133,49.0,9.7,-54.9,74.22,ARM_SWING
15600,0.826,-0.534,-0.278,1.022,47.4,11.4,-36.6,60.96,ARM_SWING
15650,0.864,-0.459,-0.265,1.014,32.6,0.4,-32.6,46.11,ARM_SWING
15700,0.783,-0.553,-0.286,1.000,14.5,-15.5,-7.0,22.35,ARM_SWING
15750,0.813,-0.589,-0.274,1.041,-50.4,-4.4,9.5,51.48,ARM_SWING
15800,0.848,-0.592,-0.317,1.082,34.0,-15.6,25.9,45.50,ARM_SWING
15850,0.811,-0.591,-0.263,1.037,31.7,-16.6,46.4,58.60,ARM_SWING
15900,0.813,-0.639,-0.238,1.061,-2.6,-13.5,60.1,61.65,ARM_SWING
15950,0.936,-0.627,-0.198,1.144,-7.5,-27.2,75.6,80.69,ARM_SWING
16000,0.957,-0.618,-0.241,1.164,-4.2,-31.0,95.4,100.40,ARM_SWING
16050,0.898,-0.577,-0.182,1.083,10.7,-26.9,100.3,104.39,ARM_SWING
16100,0.827,-0.685,-0.219,1.096,31.7,-11.1,118.5,123.17,ARM_SWING
16150,0.729,-0.671,-0.184,1.008,-30.6,0.7,104.7,109.08,ARM_SWING
16200,0.680,-0.660,-0.219,0.973,-18.6,3.3,89.6,91.57,ARM_SWING
16250,0.630,-0.749,-0.192,0.997,-21.8,6.1,88.7,91.54,ARM_SWING
16300,0.592,-0.649,-0.204,0.902,-29.0,7.7,70.3,76.44,ARM_SWING
16350,0.584,-0.594,-0.210,0.859,-30.2,14.9,48.3,58.88,ARM_SWING
16400,0.582,-0.556,-0.240,0.840,-33.7,22.0,24.1,46.91,ARM_SWING
16450,0.606,-0.540,-0.264,0.854,-35.2,28.1,-5.6,45.39,ARM_SWING
16500,0.623,-0.568,-0.298,0.894,-23.0,24.7,-23.3,41.01,ARM_SWING
16550,0.631,-0.581,-0.294,0.907,-5.5,15.7,-40.6,43.88,ARM_SWING
16600,0.644,-0.610,-0.297,0.935,1.8,21.2,-61.6,65.17,ARM_SWING
16650,0.669,-0.628,-0.295,0.964,13.0,21.7,-88.9,92.43,ARM_SWING
16700,0.693,-0.613,-0.309,0.975,25.2,12.8,-87.9,92.33,ARM_SWING
16750,0.738,-0.646,-0.293,1.024,38.9,-2.8,-102.4,109.58,ARM_SWING
16800,0.816,-0.731,-0.263,1.127,40.3,-3.5,-99.8,107.69,ARM_SWING
16850,0.868,-0.739,-0.272,1.172,27.0,-1.6,-81.9,86.25,ARM_SWING
16900,0.869,-0.687,-0.285,1.144,7.7,4.4,-60.2,60.85,ARM_SWING
16950,0.831,-0.638,-0.251,1.077,16.7,-7.7,-42.8,46.58,ARM_SWING
17000,0.818,-0.624,-0.244,1.057,19.0,-10.1,-32.5,38.98,ARM_SWING
17050,0.813,-0.596,-0.221,1.032,12.7,-12.5,-19.5,26.42,ARM_SWING
17100,0.784,-0.580,-0.218,0.999,10.5,-15.6,-8.0,20.44,ARM_SWING
17150,0.780,-0.583,-0.176,0.990,-1.0,-4.6,-0.4,4.72,ARM_SWING
17200,0.782,-0.493,-0.221,0.950,11.3,-14.8,5.1,19.31,ARM_SWING
17250,0.721,-0.541,-0.231,0.931,6.7,0.0,2.3,7.08,ARM_SWING
17300,0.704,-0.549,-0.238,0.924,3.7,4.1,-2.3,5.98,ARM_SWING
17350,0.702,-0.616,-0.240,0.964,-13.3,12.5,-0.7,18.27,ARM_SWING
17400,0.742,-0.670,-0.239,1.028,-33.1,17.7,-4.1,37.76,ARM_SWING
17450,0.847,-0.719,-0.244,1.137,-38.8,6.3,18.9,43.62,ARM_SWING
17500,0.899,-0.712,-0.229,1.169,-33.1,5.8,46.4,57.29,ARM_SWING
17550,0.897,-0.675,-0.214,1.143,-34.1,10.7,70.6,79.13,ARM_SWING
17600,0.891,-0.613,-0.209,1.102,-43.4,17.5,82.7,95.02,ARM_SWING
17650,0.883,-0.565,-0.211,1.069,-42.9,14.8,88.4,99.37,ARM_SWING
17700,0.867,-0.558,-0.208,1.052,-43.8,17.7,83.7,96.11,ARM_SWING
17750,0.843,-0.567,-0.217,1.039,-38.8,13.0,84.0,93.44,ARM_SWING
17800,0.782,-0.556,-0.218,0.984,-30.8,11.0,80.7,87.08,ARM_SWING
17850,0.680,-0.479,-0.206,0.857,-24.9,8.8,61.1,66.56,ARM_SWING
17900,0.616,-0.469,-0.244,0.812,-25.9,9.5,31.4,41.80,ARM_SWING
17950,0.640,-0.437,-0.254,0.816,-18.7,9.2,-5.2,21.48,ARM_SWING
18000,0.685,-0.459,-0.283,0.872,-6.0,9.5,-37.0,38.67,ARM_SWING
18050,0.751,-0.522,-0.296,0.961,1.1,9.8,-57.5,58.34,ARM_SWING
18100,0.795,-0.561,-0.297,1.017,17.0,2.2,-69.7,71.78,ARM_SWING
18150,0.807,-0.549,-0.274,1.014,34.7,-6.3,-77.5,85.15,ARM_SWING
18200,0.814,-0.549,-0.259,1.015,51.7,-11.6,-89.3,103.84,ARM_SWING
18250,0.839,-0.561,-0.245,1.039,59.4,-21.0,-96.6,115.33,ARM_SWING
18300,0.876,-0.610,-0.231,1.092,68.4,-28.5,-92.8,118.75,ARM_SWING
18350,0.897,-0.662,-0.222,1.137,64.6,-29.3,-77.8,105.28,ARM_SWING
18400,0.867,-0.667,-0.234,1.119,54.8,-31.2,-50.9,81.04,ARM_SWING
18450,0.829,-0.654,-0.222,1.079,40.1,-37.3,-30.3,62.59,ARM_SWING
18500,0.791,-0.626,-0.214,1.031,31.4,-29.8,-16.7,46.40,ARM_SWING
18550,0.758,-0.595,-0.218,0.988,19.1,-24.2,-1.7,30.88,ARM_SWING
18600,0.734,-0.559,-0.242,0.954,9.2,-25.2,9.1,28.33,ARM_SWING
18650,0.746,-0.566,-0.279,0.977,13.6,-15.3,14.9,25.32,ARM_SWING
18700,0.750,-0.565,-0.278,0.979,10.2,-9.8,14.7,20.40,ARM_SWING
18750,0.732,-0.658,-0.293,1.027,19.6,-8.9,25.4,33.29,ARM_SWING
18800,0.721,-0.675,-0.291,1.030,1.8,-3.7,39.8,40.01,ARM_SWING
18850,0.749,-0.738,-0.276,1.087,-5.1,-3.5,46.2,46.61,ARM_SWING
18900,0.786,-0.792,-0.268,1.148,-11.4,-2.2,73.5,74.41,ARM_SWING
18950,0.781,-0.743,-0.279,1.113,-21.9,7.1,82.1,85.27,ARM_SWING
19000,0.763,-0.694,-0.280,1.069,-22.9,5.8,92.4,95.37,ARM_SWING
19050,0.736,-0.671,-0.293,1.038,-24.7,4.5,92.6,95.94,ARM_SWING
19100,0.699,-0.640,-0.283,0.989,-19.1,7.8,86.5,88.93,ARM_SWING
19150,0.657,-0.650,-0.303,0.973,-17.7,6.4,76.0,78.30,ARM_SWING
19200,0.618,-0.614,-0.297,0.920,-22.8,5.8,60.4,64.82,ARM_SWING
19250,0.595,-0.593,-0.297,0.891,-25.1,7.0,42.2,49.60,ARM_SWING
19300,0.608,-0.567,-0.290,0.880,-24.2,11.6,21.9,34.64,ARM_SWING
19350,0.606,-0.546,-0.276,0.861,-15.4,7.1,-2.1,17.09,ARM_SWING
19400,0.628,-0.578,-0.278,0.898,-9.2,11.3,-22.1,26.47,ARM_SWING
19450,0.657,-0.602,-0.300,0.940,1.6,11.9,-37.4,39.28,ARM_SWING
19500,0.670,-0.597,-0.292,0.944,13.7,9.0,-50.5,53.09,ARM_SWING
19550,0.682,-0.624,-0.286,0.968,24.7,3.3,-63.0,67.75,ARM_SWING
19600,0.684,-0.622,-0.255,0.959,31.0,-1.1,-69.9,76.47,ARM_SWING
19650,0.701,-0.644,-0.215,0.976,21.7,8.0,-88.2,91.18,ARM_SWING
19700,0.740,-0.671,-0.238,1.027,13.0,16.2,-94.0,96.27,ARM_SWING
19750,0.743,-0.660,-0.210,1.016,2.3,24.1,-102.0,104.83,ARM_SWING
19800,0.799,-0.636,-0.265,1.055,-2.9,25.3,-98.2,101.45,ARM_SWING
19850,0.842,-0.637,-0.292,1.095,12.6,12.1,-89.3,90.99,ARM_SWING
19900,0.880,-0.660,-0.325,1.147,28.0,1.8,-72.0,77.27,ARM_SWING
19950,0.848,-0.686,-0.336,1.141,33.8,-7.2,-45.7,57.30,ARM_SWING
20000,0.802,-0.685,-0.263,1.087,48.7,-8.4,-15.6,51.82,ARM_SWING
20050,0.746,-0.673,-0.274,1.041,14.2,0.4,3.4,14.61,ARM_SWING
20100,0.769,-0.629,-0.291,1.035,-19.4,-10.5,18.4,28.73,ARM_SWING
20150,0.767,-0.627,-0.262,1.025,0.9,-12.7,26.5,29.40,ARM_SWING
20200,0.823,-0.673,-0.243,1.091,11.7,-7.6,43.3,45.49,ARM_SWING
20250,0.885,-0.667,-0.221,1.130,-5.9,-5.3,62.8,63.30,ARM_SWING
20300,0.898,-0.649,-0.217,1.129,-19.3,-3.2,78.8,81.19,ARM_SWING
20350,0.889,-0.634,-0.212,1.112,-37.5,-1.2,91.4,98.80,ARM_SWING
20400,0.860,-0.577,-0.215,1.058,-35.8,-1.0,93.8,100.40,ARM_SWING
20450,0.824,-0.553,-0.225,1.018,-31.9,-2.0,87.2,92.87,ARM_SWING
20500,0.775,-0.522,-0.221,0.960,-29.2,-1.0,74.0,79.56,ARM_SWING
20550,0.736,-0.490,-0.223,0.912,-29.5,-0.5,53.6,61.18,ARM_SWING
20600,0.720,-0.465,-0.222,0.885,-31.2,-1.1,31.6,44.42,ARM_SWING
20650,0.714,-0.455,-0.222,0.875,-24.8,4.2,7.8,26.33,ARM_SWING
20700,0.722,-0.459,-0.233,0.887,-15.2,6.9,-14.4,22.05,ARM_SWING
20750,0.736,-0.473,-0.241,0.907,-3.5,9.5,-34.5,35.95,ARM_SWING
20800,0.767,-0.478,-0.261,0.941,10.4,9.1,-54.0,55.74,ARM_SWING
20850,0.787,-0.489,-0.263,0.963,31.2,5.3,-70.0,76.82,ARM_SWING
20900,0.828,-0.514,-0.249,1.006,43.8,0.5,-85.1,95.71,ARM_SWING
20950,0.870,-0.545,-0.234,1.053,52.9,-3.4,-94.2,108.09,ARM_SWING
21000,0.869,-0.593,-0.232,1.077,52.1,-4.9,-95.3,108.72,ARM_SWING
21050,0.876,-0.619,-0.212,1.093,40.9,-4.6,-88.1,97.24,ARM_SWING
21100,0.855,-0.645,-0.221,1.094,22.1,3.1,-75.2,78.44,ARM_SWING
21150,0.826,-0.693,-0.260,1.109,7.4,4.2,-54.5,55.16,ARM_SWING
21200,0.791,-0.681,-0.288,1.083,1.8,5.8,-34.3,34.83,ARM_SWING
21250,0.738,-0.607,-0.357,1.020,-13.9,6.0,-6.0,16.29,ARM_SWING
21300,0.779,-0.620,-0.312,1.043,-8.4,-11.6,22.1,26.33,ARM_SWING
21350,0.825,-0.624,-0.268,1.069,-29.3,-9.0,38.2,48.98,ARM_SWING
21400,0.836,-0.598,-0.255,1.059,22.5,-14.1,55.0,61.07,ARM_SWING
21450,0.882,-0.574,-0.247,1.081,19.3,-14.0,67.1,71.21,ARM_SWING
21500,0.871,-0.578,-0.206,1.065,0.5,-11.7,76.0,76.90,ARM_SWING
21550,0.874,-0.601,-0.225,1.084,-31.9,-3.4,80.7,86.84,ARM_SWING
21600,0.878,-0.564,-0.223,1.067,-50.6,0.2,84.9,98.84,ARM_SWING
21650,0.840,-0.508,-0.227,1.008,-44.0,2.5,77.6,89.24,ARM_SWING
21700,0.815,-0.490,-0.228,0.978,-36.8,2.3,65.8,75.43,ARM_SWING
21750,0.790,-0.443,-0.218,0.932,-33.2,3.0,50.6,60.59,ARM_SWING
21800,0.757,-0.402,-0.218,0.884,-27.5,4.2,28.9,40.11,ARM_SWING
21850,0.728,-0.393,-0.224,0.857,-16.3,6.9,4.4,18.24,ARM_SWING
21900,0.736,-0.397,-0.247,0.872,-5.1,8.5,-23.7,25.69,ARM_SWING
21950,0.762,-0.432,-0.269,0.916,11.4,8.5,-46.6,48.72,ARM_SWING
22000,0.803,-0.458,-0.265,0.962,25.3,5.6,-67.7,72.49,ARM_SWING
22050,0.858,-0.504,-0.254,1.027,37.6,2.5,-80.4,88.79,ARM_SWING
22100,0.873,-0.548,-0.244,1.059,45.0,-1.1,-81.7,93.28,ARM_SWING
22150,0.874,-0.574,-0.236,1.072,45.6,-4.2,-75.1,87.96,ARM_SWING
22200,0.870,-0.585,-0.232,1.074,41.1,-7.0,-67.8,79.59,ARM_SWING
22250,0.845,-0.599,-0.223,1.060,26.0,-1.7,-58.5,64.04,ARM_SWING
22300,0.842,-0.601,-0.232,1.060,16.5,-5.0,-45.9,49.03,ARM_SWING
22350,0.812,-0.590,-0.236,1.031,7.2,-1.0,-31.8,32.62,ARM_SWING
22400,0.793,-0.599,-0.242,1.023,2.2,-1.9,-17.3,17.54,ARM_SWING
22450,0.802,-0.622,-0.223,1.039,4.1,-4.8,-8.5,10.59,ARM_SWING
22500,0.805,-0.614,-0.270,1.048,-22.1,-1.2,16.1,27.37,ARM_SWING
22550,0.813,-0.586,-0.265,1.037,-5.6,-3.0,29.8,30.47,ARM_SWING
22600,0.858,-0.567,-0.273,1.064,7.5,-5.3,44.5,45.44,ARM_SWING
22650,0.870,-0.547,-0.259,1.060,2.2,-9.8,56.2,57.09,ARM_SWING
22700,0.830,-0.561,-0.229,1.028,-19.1,-5.2,61.9,64.99,ARM_SWING
22750,0.862,-0.555,-0.227,1.050,-39.4,-2.6,63.7,74.95,ARM_SWING
22800,0.855,-0.568,-0.204,1.047,-38.2,-3.0,67.1,77.27,ARM_SWING
22850,0.859,-0.539,-0.223,1.038,-36.1,-0.4,65.7,74.97,ARM_SWING
22900,0.849,-0.503,-0.213,1.010,-30.5,-1.4,61.3,68.48,ARM_SWING
22950,0.815,-0.458,-0.208,0.958,-27.7,0.7,50.5,57.60,ARM_SWING
23000,0.771,-0.424,-0.217,0.906,-25.2,3.5,31.6,40.57,ARM_SWING
23050,0.756,-0.430,-0.248,0.904,-18.2,3.9,10.5,21.37,ARM_SWING
23100,0.768,-0.514,-0.300,0.972,-1.1,0.2,-4.6,4.73,ARM_SWING
23150,0.706,-0.625,-0.339,1.002,17.0,-6.0,-9.8,20.52,ARM_SWING
23200,0.665,-0.648,-0.358,0.995,28.7,-9.9,-15.8,34.22,ARM_SWING
23250,0.700,-0.650,-0.330,1.011,27.5,-16.2,-16.6,35.98,ARM_SWING
23300,0.752,-0.607,-0.257,1.000,29.1,-21.9,-16.1,39.82,ARM_SWING
23350,0.717,-0.563,-0.189,0.931,23.7,-16.7,-19.7,35.05,ARM_SWING
23400,0.732,-0.539,-0.161,0.923,9.9,-7.1,-29.9,32.29,ARM_SWING
23450,0.757,-0.516,-0.170,0.932,2.0,1.4,-41.7,41.77,ARM_SWING
23500,0.795,-0.509,-0.198,0.965,5.8,7.0,-53.2,53.97,ARM_SWING
23550,0.794,-0.522,-0.214,0.974,11.4,8.9,-59.2,60.94,ARM_SWING
23600,0.809,-0.531,-0.235,0.996,14.0,11.2,-65.0,67.43,ARM_SWING
23650,0.832,-0.554,-0.261,1.033,19.2,11.4,-64.4,68.16,ARM_SWING
23700,0.841,-0.581,-0.290,1.063,26.5,4.7,-55.8,61.95,ARM_SWING
23750,0.806,-0.580,-0.243,1.022,21.9,7.1,-45.0,50.55,ARM_SWING
23800,0.807,-0.612,-0.380,1.082,43.3,-4.4,-29.5,52.58,ARM_SWING
23850,0.796,-0.632,-0.315,1.064,23.2,-4.6,-10.9,26.04,ARM_SWING
23900,0.818,-0.645,-0.296,1.083,-3.5,-9.1,9.1,13.34,ARM_SWING
23950,0.834,-0.628,-0.265,1.077,-8.8,-13.3,28.4,32.57,ARM_SWING
24000,0.851,-0.615,-0.244,1.078,-11.4,-13.7,44.7,48.12,ARM_SWING
24050,0.854,-0.620,-0.226,1.079,-12.8,-14.1,61.7,64.57,ARM_SWING
24100,0.860,-0.618,-0.204,1.078,-13.1,-15.1,75.1,77.72,ARM_SWING
24150,0.855,-0.618,-0.191,1.072,-13.1,-12.3,83.7,85.61,ARM_SWING
24200,0.852,-0.580,-0.186,1.047,-17.9,-8.4,85.2,87.46,ARM_SWING
24250,0.806,-0.542,-0.177,0.987,-21.9,-3.0,80.2,83.19,ARM_SWING
24300,0.774,-0.485,-0.201,0.935,-34.4,6.5,67.8,76.30,ARM_SWING
24350,0.744,-0.447,-0.231,0.898,-42.9,14.0,46.7,64.94,ARM_SWING
24400,0.726,-0.423,-0.252,0.877,-43.2,16.2,23.5,51.78,ARM_SWING
24450,0.725,-0.427,-0.277,0.886,-29.2,16.5,-1.1,33.56,ARM_SWING
24500,0.732,-0.456,-0.292,0.911,-16.6,14.0,-24.7,32.89,ARM_SWING
24550,0.765,-0.495,-0.303,0.960,-1.5,10.8,-41.1,42.52,ARM_SWING
24600,0.800,-0.510,-0.287,0.991,15.6,6.5,-53.2,55.82,ARM_SWING
24650,0.853,-0.523,-0.267,1.036,38.3,0.7,-60.1,71.27,ARM_SWING
24700,0.851,-0.525,-0.235,1.027,56.7,-4.7,-67.2,88.05,ARM_SWING
24750,0.842,-0.552,-0.220,1.031,62.6,-8.4,-71.7,95.55,ARM_SWING
24800,0.850,-0.559,-0.192,1.035,59.0,-11.8,-73.9,95.30,ARM_SWING
24850,0.829,-0.584,-0.180,1.030,53.7,-11.6,-71.6,90.25,ARM_SWING
24900,0.823,-0.589,-0.187,1.029,25.9,-5.7,-65.8,70.94,ARM_SWING
24950,0.810,-0.529,-0.163,0.981,28.4,-9.0,-57.6,64.85,ARM_SWING
25000,0.816,-0.593,-0.191,1.027,32.3,-7.2,-44.8,55.70,ARM_SWING
25050,0.947,-0.484,-0.325,1.112,42.5,-7.7,-32.2,53.87,ARM_SWING
25100,0.863,-0.499,-0.218,1.020,17.8,-8.0,-1.8,19.60,ARM_SWING
25150,0.838,-0.503,-0.244,1.007,-18.2,-0.2,7.7,19.76,ARM_SWING
25200,0.833,-0.465,-0.282,0.995,31.2,-9.3,13.7,35.32,ARM_SWING
25250,0.827,-0.498,-0.276,1.004,11.0,-8.8,22.1,26.21,ARM_SWING
25300,0.815,-0.529,-0.260,1.006,0.9,-7.4,27.8,28.78,ARM_SWING
25350,0.885,-0.540,-0.248,1.066,-36.3,-6.4,32.4,49.08,ARM_SWING
25400,0.877,-0.505,-0.191,1.030,-39.7,-11.8,42.1,59.06,ARM_SWING
25450,0.837,-0.540,-0.163,1.009,-59.7,4.6,49.0,77.37,ARM_SWING
25500,0.895,-0.506,-0.229,1.053,-77.9,6.3,54.6,95.34,ARM_SWING
25550,0.871,-0.455,-0.235,1.010,-45.7,-2.9,59.5,75.08,ARM_SWING
25600,0.822,-0.548,-0.226,1.013,-40.1,-7.4,59.0,71.72,ARM_SWING
25650,0.808,-0.461,-0.272,0.969,-53.9,-4.9,51.7,74.85,ARM_SWING
25700,0.788,-0.516,-0.271,0.980,-18.9,-6.8,45.8,50.01,ARM_SWING
25750,0.789,-0.496,-0.305,0.981,-45.2,17.2,44.1,65.45,ARM_SWING
25800,0.786,-0.464,-0.291,0.958,-32.9,21.9,38.5,55.17,ARM_SWING
25850,0.816,-0.465,-0.317,0.991,-47.6,15.1,28.5,57.50,ARM_SWING
25900,0.797,-0.434,-0.323,0.963,-27.5,15.4,23.7,39.43,ARM_SWING
25950,0.801,-0.408,-0.326,0.956,83.5,4.2,3.2,83.67,ARM_SWING
26000,0.771,-0.452,-0.277,0.936,62.6,-8.6,-13.9,64.70,ARM_SWING
26050,0.793,-0.469,-0.277,0.962,44.3,-15.0,-29.5,55.30,ARM_SWING
26100,0.783,-0.482,-0.207,0.942,44.5,-15.4,-39.4,61.40,ARM_SWING
26150,0.813,-0.515,-0.217,0.987,30.8,-6.8,-50.1,59.20,ARM_SWING
26200,0.803,-0.535,-0.220,0.990,15.4,2.7,-58.7,60.75,ARM_SWING
26250,0.825,-0.546,-0.242,1.018,-0.2,4.4,-66.0,66.15,ARM_SWING
26300,0.835,-0.552,-0.242,1.030,4.6,-1.7,-67.5,67.68,ARM_SWING
26350,0.827,-0.562,-0.244,1.029,15.8,-6.8,-60.9,63.28,ARM_SWING
26400,0.806,-0.573,-0.248,1.020,35.4,-12.6,-51.3,63.59,ARM_SWING
26450,0.817,-0.625,-0.252,1.059,46.9,-16.1,-38.5,62.78,ARM_SWING
26500,0.828,-0.621,-0.243,1.063,38.5,-17.2,-19.0,46.25,ARM_SWING
26550,0.837,-0.611,-0.244,1.065,33.8,-16.1,5.8,37.89,ARM_SWING
26600,0.820,-0.571,-0.251,1.030,18.7,-11.3,21.0,30.30,ARM_SWING
26650,0.822,-0.540,-0.128,0.992,10.3,-10.2,30.8,34.04,ARM_SWING
26700,0.818,-0.532,-0.264,1.011,-1.2,-5.6,37.0,37.44,ARM_SWING
26750,0.811,-0.507,-0.259,0.991,-2.1,-2.5,38.7,38.84,ARM_SWING
26800,0.819,-0.471,-0.248,0.977,-16.9,-1.5,35.4,39.26,ARM_SWING
26850,0.812,-0.466,-0.245,0.968,-7.7,0.1,28.7,29.72,ARM_SWING
26900,0.809,-0.460,-0.233,0.959,-9.9,1.2,21.1,23.34,ARM_SWING
26950,0.809,-0.459,-0.221,0.956,-12.7,-2.0,13.8,18.86,ARM_SWING
27000,0.817,-0.476,-0.221,0.971,-14.8,2.6,3.2,15.36,ARM_SWING
27050,0.833,-0.492,-0.225,0.993,-15.0,2.3,-1.5,15.25,ARM_SWING
27100,0.854,-0.495,-0.221,1.012,-8.0,-0.4,-1.3,8.11,ARM_SWING
27150,0.887,-0.450,-0.181,1.011,-7.7,-2.5,-3.2,8.71,ARM_SWING
27200,0.836,-0.374,-0.188,0.935,3.2,-1.5,-13.2,13.66,ARM_SWING
27250,0.831,-0.377,-0.215,0.938,17.2,-0.8,-25.9,31.10,ARM_SWING
27300,0.797,-0.379,-0.240,0.915,18.9,-0.6,-43.5,47.43,ARM_SWING
27350,0.821,-0.434,-0.280,0.970,11.4,1.8,-54.6,55.81,ARM_SWING
27400,0.856,-0.536,-0.293,1.052,6.5,4.4,-54.2,54.77,ARM_SWING
27450,0.881,-0.616,-0.265,1.107,-5.8,5.2,-39.7,40.46,ARM_SWING
27500,0.834,-0.640,-0.224,1.075,-14.7,-0.7,-16.1,21.81,ARM_SWING
27550,0.825,-0.631,-0.236,1.065,-0.8,-7.2,6.7,9.87,ARM_SWING
27600,0.813,-0.591,-0.217,1.028,-1.2,-8.0,26.1,27.32,ARM_SWING
27650,0.793,-0.581,-0.215,1.006,-3.7,-7.4,36.9,37.82,ARM_SWING
27700,0.793,-0.589,-0.216,1.011,-10.9,-6.0,43.9,45.63,ARM_SWING
27750,0.845,-0.583,-0.239,1.054,-8.6,-5.8,53.5,54.50,ARM_SWING
27800,0.873,-0.582,-0.285,1.087,0.9,-10.6,65.0,65.86,ARM_SWING
27850,0.849,-0.586,-0.265,1.065,0.2,-10.5,72.5,73.26,ARM_SWING
27900,0.811,-0.587,-0.271,1.037,-15.5,-3.5,74.8,76.47,ARM_SWING
27950,0.757,-0.575,-0.254,0.984,-24.9,1.0,69.8,74.12,ARM_SWING
28000,0.724,-0.557,-0.255,0.948,-30.5,4.6,58.1,65.78,ARM_SWING
28050,0.722,-0.526,-0.250,0.928,-32.8,7.4,42.6,54.27,ARM_SWING
28100,0.741,-0.499,-0.248,0.927,-32.5,8.8,27.7,43.60,ARM_SWING
28150,0.738,-0.448,-0.237,0.895,-28.5,10.9,9.1,31.84,ARM_SWING
28200,0.726,-0.431,-0.246,0.879,-16.5,9.5,-17.7,26.00,ARM_SWING
28250,0.733,-0.463,-0.259,0.905,-4.2,11.0,-41.3,42.95,ARM_SWING
28300,0.784,-0.476,-0.271,0.956,8.1,9.5,-61.3,62.56,ARM_SWING
28350,0.815,-0.503,-0.269,0.995,22.2,10.2,-73.9,77.83,ARM_SWING
28400,0.865,-0.536,-0.264,1.051,39.1,2.5,-83.0,91.78,ARM_SWING
28450,0.938,-0.558,-0.237,1.117,45.4,-4.2,-78.6,90.87,ARM_SWING
28500,0.939,-0.586,-0.216,1.128,53.8,-6.6,-63.0,83.11,ARM_SWING
28550,0.862,-0.586,-0.201,1.062,42.2,-6.4,-48.3,64.46,ARM_SWING
28600,0.815,-0.567,-0.217,1.016,18.9,-0.8,-45.2,49.00,ARM_SWING
28650,0.767,-0.578,-0.223,0.986,14.0,-3.2,-41.7,44.10,ARM_SWING
28700,0.744,-0.606,-0.249,0.991,6.3,-2.9,-35.7,36.37,ARM_SWING
28750,0.738,-0.614,-0.269,0.997,-3.9,-1.2,-24.2,24.54,ARM_SWING
28800,0.809,-0.644,-0.328,1.085,22.1,-8.4,-14.3,27.63,ARM_SWING
28850,0.827,-0.619,-0.293,1.074,-15.3,-10.5,18.1,25.92,ARM_SWING
28900,0.842,-0.619,-0.292,1.085,0.5,-11.9,37.1,38.96,ARM_SWING
28950,0.830,-0.601,-0.245,1.054,18.4,-9.8,55.0,58.82,ARM_SWING
29000,0.874,-0.617,-0.247,1.098,-2.3,-5.3,65.9,66.15,ARM_SWING
29050,0.904,-0.558,-0.204,1.082,-13.3,-7.5,75.6,77.13,ARM_SWING
29100,0.845,-0.542,-0.176,1.019,-33.7,-2.7,78.7,85.65,ARM_SWING
29150,0.819,-0.536,-0.184,0.996,-47.9,9.7,70.5,85.78,ARM_SWING
29200,0.884,-0.526,-0.200,1.048,-40.7,8.1,64.4,76.61,ARM_SWING
29250,0.829,-0.500,-0.195,0.988,-26.9,8.3,60.1,66.37,ARM_SWING
29300,0.786,-0.443,-0.212,0.927,-32.9,14.6,46.2,58.57,ARM_SWING
29350,0.745,-0.396,-0.225,0.873,-30.1,17.4,23.0,41.69,ARM_SWING
29400,0.726,-0.366,-0.244,0.849,-18.2,17.5,-8.5,26.64,ARM_SWING
29450,0.766,-0.413,-0.259,0.908,-3.0,18.3,-37.3,41.66,ARM_SWING
29500,0.795,-0.442,-0.267,0.948,11.2,16.6,-59.7,62.97,ARM_SWING
29550,0.815,-0.477,-0.264,0.981,25.6,12.1,-74.6,79.79,ARM_SWING
29600,0.886,-0.510,-0.241,1.050,37.2,3.5,-83.0,91.02,ARM_SWING
29650,0.904,-0.565,-0.175,1.080,54.1,-3.1,-78.6,95.47,ARM_SWING
29700,0.919,-0.624,-0.193,1.127,44.3,-0.2,-60.8,75.23,ARM_SWING
29750,0.881,-0.564,-0.235,1.072,42.9,-11.2,-40.7,60.19,ARM_SWING
29800,0.840,-0.570,-0.200,1.035,49.7,-6.0,-29.6,58.16,ARM_SWING
29850,0.779,-0.554,-0.232,0.984,13.3,3.5,-25.0,28.53,ARM_SWING
29900,0.750,-0.564,-0.254,0.972,8.8,-1.6,-22.4,24.12,ARM_SWING
29950,0.754,-0.676,-0.268,1.048,0.3,4.4,-24.9,25.29,ARM_SWING
Recording stopped

Samples dumped: 600
