
Recording started
time,accelX,accelY,accelZ,accelMagnitude,gyroX,gyroY,gyroZ,gyroMagnitude,activity
0,0.714,-0.707,-0.350,1.064,53.7,6.9,-57.1,78.69,ARM_SWING
50,0.731,-0.699,-0.428,1.098,-37.1,24.1,-38.9,58.91,ARM_SWING
100,0.746,-0.756,-0.465,1.159,-54.8,21.4,-0.8,58.84,ARM_SWING
150,0.806,-0.677,-0.495,1.163,15.6,10.7,34.4,39.26,ARM_SWING
200,0.811,-0.674,-0.375,1.119,29.1,-5.3,58.3,65.37,ARM_SWING
250,0.827,-0.644,-0.268,1.082,6.6,0.4,70.1,70.41,ARM_SWING
300,0.894,-0.650,-0.195,1.122,-100.0,13.9,84.7,131.79,ARM_SWING
350,0.942,-0.629,-0.161,1.144,-105.1,8.6,95.5,142.27,ARM_SWING
400,0.976,-0.585,-0.108,1.143,-64.4,10.3,105.2,123.78,ARM_SWING
450,1.001,-0.536,-0.074,1.138,-101.2,9.8,109.3,149.28,ARM_SWING
500,0.967,-0.509,-0.100,1.097,-74.4,19.7,108.0,132.62,ARM_SWING
550,0.874,-0.485,-0.114,1.006,-48.3,13.9,103.9,115.42,ARM_SWING
600,0.846,-0.417,-0.217,0.968,-44.4,11.3,90.0,100.99,ARM_SWING
650,0.847,-0.352,-0.268,0.956,-44.4,-2.3,68.3,81.50,ARM_SWING
700,0.817,-0.289,-0.315,0.922,-31.7,-5.9,39.6,51.07,ARM_SWING
750,0.802,-0.285,-0.350,0.920,-9.5,-1.7,2.3,9.92,ARM_SWING
800,0.810,-0.292,-0.302,0.912,5.3,0.7,-39.6,39.96,ARM_SWING
850,0.841,-0.315,-0.262,0.935,28.7,1.9,-79.0,84.07,ARM_SWING
900,0.838,-0.385,-0.232,0.951,60.7,-5.8,-112.6,128.05,ARM_SWING
950,0.898,-0.454,-0.199,1.026,82.1,-15.8,-144.1,166.60,ARM_SWING
1000,0.972,-0.535,-0.170,1.122,125.2,-27.5,-160.5,205.41,ARM_SWING
1050,0.989,-0.676,-0.120,1.204,174.4,-48.4,-158.5,240.58,ARM_SWING
1100,0.964,-0.841,-0.153,1.288,194.0,-55.7,-131.8,241.06,ARM_SWING
1150,0.890,-0.922,-0.192,1.296,160.2,-38.7,-95.4,190.43,ARM_SWING
1200,0.620,-0.990,-0.172,1.181,24.9,-19.6,-47.2,56.85,ARM_SWING
1250,0.626,-0.914,-0.292,1.146,12.5,0.0,-10.3,16.20,ARM_SWING
1300,0.630,-0.857,-0.302,1.106,-68.7,3.5,22.4,72.34,ARM_SWING
1350,0.698,-0.798,-0.329,1.110,-33.9,-2.1,42.5,54.40,ARM_SWING
1400,0.764,-0.767,-0.267,1.115,-7.6,4.1,67.6,68.15,ARM_SWING
1450,0.835,-0.724,-0.203,1.124,-45.6,17.9,81.9,95.43,ARM_SWING
1500,0.861,-0.655,-0.145,1.091,-50.6,20.7,93.3,108.14,ARM_SWING
1550,0.892,-0.649,-0.133,1.111,-87.7,29.8,99.5,135.94,ARM_SWING
1600,0.918,-0.679,-0.113,1.147,-115.1,32.2,110.8,162.98,ARM_SWING
1650,0.907,-0.639,-0.101,1.114,-135.7,49.2,118.1,186.50,ARM_SWING
1700,0.877,-0.591,-0.114,1.064,-118.0,49.8,111.5,169.81,ARM_SWING
1750,0.850,-0.540,-0.128,1.015,-91.0,45.6,102.5,144.45,ARM_SWING
1800,0.874,-0.496,-0.164,1.018,-69.5,35.2,84.0,114.57,ARM_SWING
1850,0.889,-0.450,-0.203,1.017,-59.9,16.1,71.4,94.58,ARM_SWING
1900,0.867,-0.392,-0.210,0.974,-52.3,6.1,57.1,77.67,ARM_SWING
1950,0.831,-0.345,-0.257,0.936,-28.2,-0.7,35.7,45.50,ARM_SWING
2000,0.783,-0.317,-0.279,0.890,-2.1,1.7,3.2,4.19,ARM_SWING
2050,0.753,-0.313,-0.290,0.865,18.2,5.6,-34.7,39.58,ARM_SWING
2100,0.780,-0.342,-0.310,0.906,42.3,5.1,-89.5,99.12,ARM_SWING
2150,0.814,-0.419,-0.311,0.967,74.3,2.8,-104.7,128.42,ARM_SWING
2200,0.888,-0.497,-0.297,1.060,90.4,-0.8,-136.0,163.31,ARM_SWING
2250,0.952,-0.584,-0.258,1.146,115.7,-20.5,-148.9,189.68,ARM_SWING
2300,1.003,-0.634,-0.221,1.207,146.1,-52.7,-145.2,212.62,ARM_SWING
2350,0.948,-0.682,-0.129,1.175,170.9,-82.3,-127.1,228.33,ARM_SWING
2400,0.918,-0.695,-0.101,1.156,117.3,-73.3,-99.5,170.39,ARM_SWING
2450,0.859,-0.690,-0.069,1.104,74.3,-58.1,-74.6,120.25,ARM_SWING
2500,0.935,-0.652,-0.051,1.141,83.9,-38.5,-62.7,111.59,ARM_SWING
2550,0.751,-0.680,-0.244,1.042,86.8,-29.9,-27.8,95.92,ARM_SWING
2600,0.693,-0.749,-0.323,1.070,37.7,-25.4,-3.5,45.59,ARM_SWING
2650,0.682,-0.710,-0.368,1.051,-16.5,-1.7,14.4,21.97,ARM_SWING
2700,0.677,-0.672,-0.350,1.016,0.5,5.9,30.3,30.87,ARM_SWING
2750,0.703,-0.680,-0.293,1.021,-10.1,12.2,39.2,42.28,ARM_SWING
2800,0.791,-0.699,-0.250,1.085,-25.2,17.9,55.7,63.70,ARM_SWING
2850,0.856,-0.675,-0.199,1.108,-62.4,34.3,75.1,103.49,ARM_SWING
2900,0.862,-0.649,-0.171,1.092,-89.6,40.6,87.6,131.72,ARM_SWING
2950,0.898,-0.603,-0.179,1.096,-99.2,47.3,97.5,146.92,ARM_SWING
3000,0.926,-0.600,-0.172,1.117,-77.0,38.6,101.1,132.82,ARM_SWING
3050,0.936,-0.596,-0.183,1.125,-48.1,29.9,105.1,119.39,ARM_SWING
3100,0.893,-0.560,-0.188,1.071,-31.2,30.1,104.5,113.14,ARM_SWING
3150,0.846,-0.516,-0.189,1.009,-45.2,18.5,94.2,106.11,ARM_SWING
3200,0.853,-0.477,-0.211,1.000,-49.4,19.3,71.9,89.34,ARM_SWING
3250,0.859,-0.459,-0.224,0.999,-58.4,21.4,56.4,83.96,ARM_SWING
3300,0.846,-0.386,-0.278,0.971,-45.2,34.5,37.4,68.06,ARM_SWING
3350,0.813,-0.350,-0.299,0.934,-27.5,12.0,13.8,33.03,ARM_SWING
3400,0.798,-0.321,-0.308,0.914,-13.1,4.7,-23.0,26.88,ARM_SWING
3450,0.813,-0.335,-0.283,0.924,12.8,-2.3,-60.2,61.59,ARM_SWING
3500,0.843,-0.380,-0.252,0.958,40.8,-5.8,-94.5,103.09,ARM_SWING
3550,0.884,-0.447,-0.224,1.016,73.7,-15.4,-127.6,148.16,ARM_SWING
3600,0.923,-0.543,-0.203,1.090,103.6,-30.5,-142.3,178.64,ARM_SWING
3650,0.954,-0.616,-0.163,1.147,135.9,-49.0,-148.0,206.82,ARM_SWING
3700,0.950,-0.665,-0.101,1.164,167.7,-76.1,-135.7,228.76,ARM_SWING
3750,0.914,-0.712,-0.059,1.160,148.8,-75.6,-112.7,201.39,ARM_SWING
3800,0.869,-0.744,-0.070,1.146,108.5,-61.8,-87.9,152.70,ARM_SWING
3850,0.882,-0.847,-0.207,1.240,76.5,-25.0,-71.6,107.72,ARM_SWING
3900,0.708,-0.751,-0.256,1.063,25.6,14.4,-37.3,47.48,ARM_SWING
3950,0.716,-0.754,-0.369,1.103,-44.8,9.4,-6.5,46.23,ARM_SWING
4000,0.737,-0.732,-0.421,1.121,-45.2,9.9,22.8,51.58,ARM_SWING
4050,0.758,-0.718,-0.365,1.106,10.7,7.2,49.8,51.44,ARM_SWING
4100,0.802,-0.672,-0.287,1.085,-36.5,17.3,72.6,83.08,ARM_SWING
4150,0.845,-0.657,-0.279,1.106,-20.3,8.6,86.8,89.56,ARM_SWING
4200,0.924,-0.502,-0.245,1.080,-80.3,22.3,90.7,123.17,ARM_SWING
4250,0.987,-0.626,-0.225,1.190,-87.9,7.6,102.1,134.94,ARM_SWING
4300,1.025,-0.616,-0.183,1.210,-97.9,8.1,119.9,155.00,ARM_SWING
4350,1.032,-0.558,-0.191,1.189,-72.5,4.2,142.3,159.76,ARM_SWING
4400,0.965,-0.508,-0.179,1.105,-34.3,-8.8,125.9,130.79,ARM_SWING
4450,0.884,-0.458,-0.176,1.011,-14.9,-9.1,110.4,111.77,ARM_SWING
4500,0.808,-0.414,-0.170,0.924,-19.6,-4.7,90.6,92.81,ARM_SWING
4550,0.765,-0.354,-0.191,0.864,-46.6,3.5,63.0,78.44,ARM_SWING
4600,0.711,-0.310,-0.206,0.803,-41.1,7.9,29.6,51.26,ARM_SWING
4650,0.685,-0.289,-0.234,0.779,-29.4,24.2,-17.5,41.91,ARM_SWING
4700,0.701,-0.308,-0.260,0.809,-7.0,32.9,-63.6,71.95,ARM_SWING
4750,0.771,-0.360,-0.316,0.908,12.4,44.9,-105.7,115.51,ARM_SWING
4800,0.892,-0.477,-0.365,1.075,41.7,45.5,-131.7,145.44,ARM_SWING
4850,0.962,-0.641,-0.377,1.216,66.9,28.6,-137.1,155.21,ARM_SWING
4900,0.967,-0.715,-0.402,1.268,86.6,10.4,-129.0,155.72,ARM_SWING
4950,0.914,-0.739,-0.358,1.229,118.2,-26.6,-111.8,164.86,ARM_SWING
5000,0.837,-0.728,-0.286,1.146,135.3,-57.5,-78.2,166.52,ARM_SWING
5050,0.760,-0.718,-0.173,1.060,77.6,-55.7,-52.6,109.05,ARM_SWING
5100,0.832,-0.654,-0.012,1.058,122.5,-76.1,-27.1,146.74,ARM_SWING
5150,0.706,-0.753,-0.478,1.138,16.0,-13.9,-14.9,25.91,ARM_SWING
5200,0.664,-0.691,-0.268,0.995,-20.5,-0.9,0.3,20.52,ARM_SWING
5250,0.747,-0.689,-0.349,1.074,-23.4,7.3,17.0,29.83,ARM_SWING
5300,0.778,-0.676,-0.307,1.075,-3.9,7.9,37.5,38.52,ARM_SWING
5350,0.831,-0.667,-0.288,1.104,-32.9,14.0,55.0,65.60,ARM_SWING
5400,0.863,-0.646,-0.246,1.106,-34.7,20.3,74.2,84.39,ARM_SWING
5450,0.914,-0.627,-0.234,1.133,-76.2,20.5,87.4,117.75,ARM_SWING
5500,0.918,-0.593,-0.211,1.113,-102.1,11.7,105.0,146.92,ARM_SWING
5550,0.904,-0.563,-0.241,1.092,-95.4,15.4,109.4,145.97,ARM_SWING
5600,0.894,-0.529,-0.262,1.071,-59.0,5.3,108.7,123.79,ARM_SWING
5650,0.883,-0.522,-0.256,1.057,-31.4,-0.1,100.8,105.58,ARM_SWING
5700,0.832,-0.481,-0.267,0.997,-16.1,-9.3,80.5,82.62,ARM_SWING
5750,0.768,-0.420,-0.262,0.914,-24.1,-10.2,58.1,63.72,ARM_SWING
5800,0.739,-0.381,-0.275,0.876,-21.1,-9.4,38.0,44.47,ARM_SWING
5850,0.696,-0.332,-0.280,0.820,-13.6,-1.8,7.2,15.49,ARM_SWING
5900,0.671,-0.313,-0.271,0.788,7.0,2.2,-32.3,33.12,ARM_SWING
5950,0.690,-0.344,-0.271,0.817,24.0,19.7,-70.4,76.94,ARM_SWING
6000,0.777,-0.404,-0.280,0.919,40.7,21.7,-108.8,118.17,ARM_SWING
6050,0.904,-0.475,-0.282,1.059,49.2,20.9,-135.1,145.29,ARM_SWING
6100,0.999,-0.565,-0.277,1.181,78.8,2.6,-138.5,159.37,ARM_SWING
6150,0.996,-0.619,-0.244,1.198,110.6,-22.6,-126.0,169.17,ARM_SWING
6200,0.986,-0.650,-0.187,1.196,118.5,-39.0,-104.6,162.80,ARM_SWING
6250,0.908,-0.673,-0.146,1.140,90.3,-44.7,-78.6,127.79,ARM_SWING
6300,0.826,-0.679,-0.136,1.078,81.8,-36.0,-56.9,105.95,ARM_SWING
6350,0.849,-0.572,0.050,1.025,82.2,-26.8,-48.9,99.33,ARM_SWING
6400,0.700,-0.683,-0.253,1.010,53.2,3.7,-26.1,59.37,ARM_SWING
6450,0.735,-0.663,-0.332,1.044,-27.0,7.7,-8.9,29.45,ARM_SWING
6500,0.739,-0.725,-0.400,1.110,-6.3,9.0,11.1,15.62,ARM_SWING
6550,0.800,-0.690,-0.427,1.139,27.5,0.7,35.3,44.75,ARM_SWING
6600,0.834,-0.673,-0.345,1.126,-10.4,0.4,59.7,60.60,ARM_SWING
6650,0.846,-0.652,-0.258,1.099,-53.9,8.7,72.8,91.00,ARM_SWING
6700,0.876,-0.637,-0.203,1.102,-96.1,15.6,84.5,128.91,ARM_SWING
6750,0.888,-0.586,-0.172,1.078,-107.4,11.4,90.3,140.78,ARM_SWING
6800,0.889,-0.607,-0.160,1.088,-35.2,17.5,98.8,106.33,ARM_SWING
6850,0.890,-0.589,-0.155,1.078,-90.5,19.6,98.5,135.19,ARM_SWING
6900,0.874,-0.559,-0.162,1.050,-111.4,17.9,100.5,151.10,ARM_SWING
6950,0.851,-0.516,-0.168,1.009,-52.5,3.3,90.7,104.85,ARM_SWING
7000,0.814,-0.470,-0.181,0.957,-24.6,5.1,69.3,73.71,ARM_SWING
7050,0.818,-0.452,-0.230,0.962,-24.4,0.9,53.4,58.72,ARM_SWING
7100,0.834,-0.404,-0.264,0.964,-37.9,-1.0,42.8,57.18,ARM_SWING
7150,0.816,-0.341,-0.294,0.932,-21.0,6.5,22.8,31.67,ARM_SWING
7200,0.752,-0.316,-0.314,0.874,4.3,8.7,-11.9,15.36,ARM_SWING
7250,0.747,-0.314,-0.329,0.875,28.4,10.3,-51.3,59.53,ARM_SWING
7300,0.784,-0.362,-0.327,0.923,41.0,8.5,-88.4,97.82,ARM_SWING
7350,0.858,-0.460,-0.286,1.015,61.3,2.5,-121.8,136.38,ARM_SWING
7400,0.900,-0.583,-0.241,1.099,84.3,-10.9,-128.1,153.74,ARM_SWING
7450,0.940,-0.649,-0.211,1.162,100.5,-23.8,-121.6,159.54,ARM_SWING
7500,0.936,-0.702,-0.145,1.179,114.9,-32.5,-110.6,162.76,ARM_SWING
7550,0.875,-0.713,-0.106,1.134,117.4,-28.0,-87.1,148.84,ARM_SWING
7600,0.783,-0.753,-0.143,1.096,83.2,-16.7,-67.0,108.12,ARM_SWING
7650,0.630,-0.748,-0.369,1.045,16.5,-25.9,-50.6,59.19,ARM_SWING
7700,0.683,-0.716,-0.269,1.025,30.5,10.9,-33.8,46.81,ARM_SWING
7750,0.752,-0.693,-0.355,1.082,-18.4,-0.2,-10.7,21.29,ARM_SWING
7800,0.772,-0.706,-0.363,1.107,-31.2,-4.1,10.7,33.24,ARM_SWING
7850,0.798,-0.676,-0.337,1.099,17.5,-5.8,37.3,41.61,ARM_SWING
7900,0.812,-0.651,-0.270,1.075,1.6,-2.8,56.0,56.09,ARM_SWING
7950,0.849,-0.654,-0.192,1.089,-56.3,9.1,70.2,90.45,ARM_SWING
8000,0.890,-0.604,-0.165,1.088,-55.3,12.5,80.9,98.79,ARM_SWING
8050,0.913,-0.616,-0.147,1.111,-95.4,12.2,88.4,130.63,ARM_SWING
8100,0.936,-0.583,-0.156,1.114,-117.5,5.3,93.9,150.50,ARM_SWING
8150,0.929,-0.538,-0.150,1.084,-95.0,13.1,94.8,134.85,ARM_SWING
8200,0.878,-0.521,-0.125,1.029,-62.0,9.5,87.4,107.58,ARM_SWING
8250,0.824,-0.502,-0.108,0.971,-54.0,20.5,82.0,100.30,ARM_SWING
8300,0.778,-0.462,-0.138,0.915,-65.9,28.0,57.8,92.02,ARM_SWING
8350,0.813,-0.429,-0.220,0.945,-77.9,30.1,43.6,94.21,ARM_SWING
8400,0.811,-0.394,-0.247,0.935,-53.7,17.9,24.3,61.60,ARM_SWING
8450,0.840,-0.373,-0.283,0.962,-19.2,2.5,10.9,22.22,ARM_SWING
8500,0.885,-0.384,-0.316,1.015,11.4,-0.4,-6.9,13.33,ARM_SWING
8550,0.867,-0.379,-0.297,0.992,35.9,-9.9,-23.1,43.82,ARM_SWING
8600,0.819,-0.388,-0.266,0.944,48.6,-3.3,-50.8,70.38,ARM_SWING
8650,0.827,-0.398,-0.233,0.947,67.4,-10.9,-72.1,99.30,ARM_SWING
8700,0.838,-0.449,-0.187,0.969,92.8,-25.0,-98.2,137.40,ARM_SWING
8750,0.857,-0.529,-0.151,1.018,114.9,-33.8,-115.5,166.39,ARM_SWING
8800,0.906,-0.606,-0.118,1.096,127.1,-44.2,-115.8,177.53,ARM_SWING
8850,0.913,-0.682,-0.077,1.142,120.0,-46.9,-107.2,167.61,ARM_SWING
8900,0.891,-0.735,-0.123,1.162,77.9,-32.8,-91.9,124.86,ARM_SWING
8950,0.833,-0.715,-0.175,1.112,43.3,-17.8,-66.5,81.33,ARM_SWING
9000,0.790,-0.699,-0.260,1.086,20.6,-10.8,-42.9,48.80,ARM_SWING
9050,0.795,-0.671,-0.261,1.073,-20.7,24.9,-31.0,44.83,ARM_SWING
9100,0.721,-0.690,-0.338,1.054,-13.4,-0.9,1.2,13.48,ARM_SWING
9150,0.763,-0.666,-0.395,1.087,-63.8,9.8,22.0,68.19,ARM_SWING
9200,0.805,-0.640,-0.365,1.091,3.7,-6.5,45.2,45.81,ARM_SWING
9250,0.822,-0.633,-0.295,1.079,8.0,-7.8,58.2,59.26,ARM_SWING
9300,0.859,-0.664,-0.244,1.113,-44.7,4.2,77.3,89.39,ARM_SWING
9350,0.889,-0.647,-0.167,1.112,-54.4,23.7,89.5,107.38,ARM_SWING
9400,0.891,-0.642,-0.157,1.109,-99.2,20.3,96.9,140.15,ARM_SWING
9450,0.875,-0.580,-0.123,1.057,-117.1,27.9,97.6,154.97,ARM_SWING
9500,0.849,-0.546,-0.132,1.018,-100.1,27.5,87.7,135.90,ARM_SWING
9550,0.831,-0.537,-0.123,0.997,-76.1,25.4,82.8,115.29,ARM_SWING
9600,0.815,-0.532,-0.143,0.984,-69.9,30.0,75.1,106.89,ARM_SWING
9650,0.812,-0.520,-0.191,0.983,-79.5,34.0,59.6,105.02,ARM_SWING
9700,0.837,-0.481,-0.225,0.991,-73.0,22.2,54.8,93.94,ARM_SWING
9750,0.868,-0.427,-0.260,1.002,-52.2,17.7,43.7,70.34,ARM_SWING
9800,0.863,-0.395,-0.283,0.990,-25.3,11.6,30.1,41.00,ARM_SWING
9850,0.835,-0.359,-0.302,0.958,-5.0,2.4,12.8,13.95,ARM_SWING
9900,0.802,-0.322,-0.296,0.914,15.6,-1.5,-12.8,20.23,ARM_SWING
9950,0.774,-0.329,-0.283,0.887,47.7,-6.7,-46.4,66.88,ARM_SWING
10000,0.787,-0.373,-0.260,0.909,70.7,-8.5,-79.0,106.36,ARM_SWING
10050,0.842,-0.426,-0.229,0.971,88.9,-12.2,-112.2,143.67,ARM_SWING
10100,0.899,-0.501,-0.191,1.047,114.5,-25.8,-134.4,178.44,ARM_SWING
10150,0.942,-0.587,-0.164,1.122,142.5,-42.3,-138.6,203.24,ARM_SWING
10200,0.961,-0.667,-0.145,1.179,147.2,-46.2,-129.5,201.43,ARM_SWING
10250,0.941,-0.718,-0.119,1.190,117.8,-49.3,-107.8,167.12,ARM_SWING
10300,0.890,-0.735,-0.149,1.164,83.5,-39.3,-73.0,117.67,ARM_SWING
10350,0.822,-0.720,-0.183,1.108,39.3,-25.2,-41.6,62.53,ARM_SWING
10400,0.784,-0.515,-0.119,0.946,58.1,-17.5,-25.9,65.97,ARM_SWING
10450,0.700,-0.711,-0.269,1.033,35.7,-11.6,-2.8,37.64,ARM_SWING
10500,0.713,-0.692,-0.309,1.041,-48.8,7.7,16.9,52.21,ARM_SWING
10550,0.768,-0.656,-0.334,1.064,-30.3,5.6,34.3,46.11,ARM_SWING
10600,0.797,-0.656,-0.302,1.076,-8.1,10.1,48.7,50.39,ARM_SWING
10650,0.834,-0.630,-0.264,1.078,-33.1,18.4,61.9,72.57,ARM_SWING
10700,0.873,-0.610,-0.218,1.087,-64.9,22.1,70.3,98.20,ARM_SWING
10750,0.906,-0.597,-0.189,1.101,-89.3,19.6,79.4,121.09,ARM_SWING
10800,0.921,-0.563,-0.158,1.091,-96.1,21.6,83.3,129.00,ARM_SWING
10850,0.934,-0.534,-0.148,1.086,-89.0,24.0,88.2,127.58,ARM_SWING
10900,0.933,-0.510,-0.151,1.074,-70.4,14.4,85.1,111.38,ARM_SWING
10950,0.924,-0.461,-0.164,1.046,-64.0,13.8,84.8,107.13,ARM_SWING
11000,0.887,-0.437,-0.164,1.002,-63.3,7.7,77.3,100.21,ARM_SWING
11050,0.856,-0.408,-0.189,0.967,-62.0,14.6,64.9,90.93,ARM_SWING
11100,0.821,-0.374,-0.219,0.928,-52.9,11.7,44.8,70.30,ARM_SWING
11150,0.806,-0.345,-0.245,0.910,-22.6,10.0,29.0,38.10,ARM_SWING
11200,0.803,-0.324,-0.280,0.910,-12.8,13.7,-5.7,19.60,ARM_SWING
11250,0.836,-0.329,-0.291,0.944,21.2,6.5,-29.6,36.98,ARM_SWING
11300,0.927,-0.339,-0.311,1.035,57.7,-7.7,-52.8,78.59,ARM_SWING
11350,0.931,-0.384,-0.300,1.051,90.7,-27.5,-72.6,119.39,ARM_SWING
11400,0.927,-0.427,-0.262,1.054,115.3,-50.4,-88.3,153.72,ARM_SWING
11450,0.935,-0.517,-0.198,1.087,140.7,-73.0,-111.2,193.63,ARM_SWING
11500,0.890,-0.675,-0.105,1.122,148.1,-92.4,-113.6,208.27,ARM_SWING
11550,0.812,-0.816,-0.011,1.151,47.9,-52.9,-105.9,127.70,ARM_SWING
11600,0.777,-0.651,-0.097,1.018,12.6,-24.5,-93.8,97.76,ARM_SWING
11650,0.746,-0.695,-0.170,1.034,30.1,-12.8,-88.4,94.26,ARM_SWING
11700,0.719,-0.679,-0.278,1.027,33.0,-4.3,-75.8,82.78,ARM_SWING
11750,0.836,-0.621,-0.546,1.176,51.5,16.9,-65.4,84.94,ARM_SWING
11800,0.712,-0.702,-0.385,1.071,38.0,3.8,-26.3,46.37,ARM_SWING
11850,0.799,-0.719,-0.533,1.200,-48.9,24.2,8.0,55.14,ARM_SWING
11900,0.815,-0.638,-0.476,1.139,-8.1,13.3,41.2,44.04,ARM_SWING
11950,0.839,-0.684,-0.402,1.155,12.8,0.9,60.7,62.04,ARM_SWING
12000,0.839,-0.590,-0.293,1.067,-57.6,16.5,72.3,93.90,ARM_SWING
12050,0.889,-0.586,-0.221,1.087,-84.9,6.7,86.5,121.39,ARM_SWING
12100,0.908,-0.573,-0.166,1.086,-72.4,6.4,97.0,121.21,ARM_SWING
12150,0.933,-0.523,-0.189,1.086,-74.6,18.4,96.8,123.59,ARM_SWING
12200,0.921,-0.526,-0.146,1.071,-100.5,14.8,97.1,140.53,ARM_SWING
12250,0.911,-0.521,-0.157,1.061,-64.1,12.6,94.5,114.88,ARM_SWING
12300,0.878,-0.523,-0.165,1.035,-45.5,7.9,82.0,94.11,ARM_SWING
12350,0.854,-0.455,-0.170,0.982,-42.7,11.2,71.6,84.11,ARM_SWING
12400,0.838,-0.402,-0.198,0.950,-51.3,8.4,60.0,79.39,ARM_SWING
12450,0.833,-0.373,-0.239,0.943,-54.4,18.7,45.7,73.47,ARM_SWING
12500,0.811,-0.338,-0.270,0.919,-18.3,7.9,24.2,31.35,ARM_SWING
12550,0.791,-0.320,-0.289,0.901,-8.6,9.5,-8.2,15.21,ARM_SWING
12600,0.786,-0.337,-0.301,0.907,18.0,7.0,-32.2,37.55,ARM_SWING
12650,0.821,-0.371,-0.316,0.955,38.7,11.6,-64.0,75.69,ARM_SWING
12700,0.856,-0.425,-0.279,0.996,57.1,8.4,-88.1,105.32,ARM_SWING
12750,0.910,-0.467,-0.277,1.060,71.4,5.5,-103.3,125.69,ARM_SWING
12800,0.950,-0.502,-0.176,1.089,95.3,-11.4,-112.0,147.50,ARM_SWING
12850,0.960,-0.563,-0.158,1.124,118.3,-31.2,-111.7,165.67,ARM_SWING
12900,0.930,-0.587,-0.101,1.104,133.9,-44.1,-104.3,175.36,ARM_SWING
12950,0.902,-0.618,-0.114,1.099,149.4,-48.1,-91.7,181.78,ARM_SWING
13000,0.886,-0.677,-0.267,1.147,184.1,-62.0,-78.1,209.37,ARM_SWING
13050,0.765,-0.625,0.052,0.989,148.2,-45.9,-56.4,165.08,ARM_SWING
13100,0.742,-0.733,-0.288,1.082,74.9,-13.0,-33.6,83.11,ARM_SWING
13150,0.750,-0.697,-0.367,1.088,-7.0,-1.5,-11.3,13.38,ARM_SWING
13200,0.743,-0.723,-0.381,1.105,2.5,-11.8,10.2,15.80,ARM_SWING
13250,0.774,-0.709,-0.345,1.105,35.2,-4.4,30.1,46.52,ARM_SWING
13300,0.815,-0.678,-0.285,1.098,-8.2,3.7,54.7,55.43,ARM_SWING
13350,0.850,-0.648,-0.131,1.077,-50.4,18.7,66.1,85.20,ARM_SWING
13400,0.906,-0.611,-0.205,1.112,-75.5,19.4,80.8,112.27,ARM_SWING
13450,0.932,-0.571,-0.171,1.106,-96.1,10.7,96.7,136.75,ARM_SWING
13500,0.906,-0.554,-0.125,1.069,-100.1,18.2,98.7,141.75,ARM_SWING
13550,0.878,-0.508,-0.129,1.023,-101.0,25.4,94.3,140.49,ARM_SWING
13600,0.840,-0.454,-0.109,0.961,-70.4,19.5,84.7,111.85,ARM_SWING
13650,0.813,-0.451,-0.109,0.936,-53.2,25.4,63.5,86.65,ARM_SWING
13700,0.823,-0.441,-0.130,0.943,-53.4,22.5,48.5,75.56,ARM_SWING
13750,0.845,-0.442,-0.172,0.969,-66.3,26.3,35.0,79.45,ARM_SWING
13800,0.866,-0.411,-0.235,0.987,-52.3,25.7,29.8,65.45,ARM_SWING
13850,0.874,-0.395,-0.295,1.003,-37.0,27.0,21.4,50.56,ARM_SWING
13900,0.874,-0.355,-0.319,0.996,-16.7,14.9,8.6,23.98,ARM_SWING
13950,0.869,-0.344,-0.339,0.994,13.3,5.9,-13.9,20.12,ARM_SWING
14000,0.852,-0.365,-0.325,0.982,43.9,-6.5,-30.3,53.74,ARM_SWING
14050,0.850,-0.388,-0.278,0.975,66.2,-16.1,-49.2,84.04,ARM_SWING
14100,0.855,-0.424,-0.228,0.981,85.0,-20.3,-75.4,115.42,ARM_SWING
14150,0.852,-0.477,-0.191,0.995,106.3,-33.3,-93.1,145.18,ARM_SWING
14200,0.850,-0.523,-0.155,1.010,113.1,-32.6,-106.9,159.00,ARM_SWING
14250,0.859,-0.582,-0.148,1.048,108.5,-36.5,-108.7,157.86,ARM_SWING
14300,0.853,-0.658,-0.171,1.091,77.2,-31.2,-107.0,135.58,ARM_SWING
14350,0.858,-0.679,-0.217,1.115,42.8,-23.0,-87.7,100.26,ARM_SWING
14400,0.842,-0.706,-0.236,1.124,29.4,-22.8,-57.8,68.74,ARM_SWING
14450,0.801,-0.817,-0.210,1.163,-5.5,-10.3,-24.2,26.87,ARM_SWING
14500,0.775,-0.654,-0.334,1.068,27.9,-31.0,15.3,44.42,ARM_SWING
14550,0.755,-0.648,-0.295,1.038,-39.4,3.0,32.3,51.04,ARM_SWING
14600,0.765,-0.614,-0.292,1.023,-3.1,0.4,48.5,48.60,ARM_SWING
14650,0.778,-0.603,-0.277,1.023,-4.2,10.3,53.9,55.04,ARM_SWING
14700,0.808,-0.603,-0.246,1.038,-23.1,14.9,62.8,68.55,ARM_SWING
14750,0.843,-0.591,-0.222,1.053,-63.8,30.7,65.8,96.66,ARM_SWING
14800,0.872,-0.585,-0.209,1.071,-88.9,30.3,71.8,118.22,ARM_SWING
14850,0.886,-0.564,-0.202,1.070,-102.6,32.0,76.6,131.98,ARM_SWING
14900,0.894,-0.532,-0.205,1.060,-88.8,32.8,76.8,121.90,ARM_SWING
14950,0.881,-0.503,-0.197,1.033,-68.6,23.3,75.3,104.49,ARM_SWING
15000,0.880,-0.476,-0.203,1.021,-55.8,15.4,63.0,85.56,ARM_SWING
15050,0.897,-0.461,-0.216,1.031,-48.5,3.1,62.6,79.25,ARM_SWING
15100,0.904,-0.433,-0.225,1.027,-44.9,-1.5,51.5,68.34,ARM_SWING
15150,0.892,-0.418,-0.237,1.013,-32.9,-7.9,39.6,52.09,ARM_SWING
15200,0.846,-0.386,-0.247,0.962,-15.2,-11.6,31.4,36.76,ARM_SWING
15250,0.776,-0.352,-0.257,0.890,2.2,-15.6,11.6,19.56,ARM_SWING
15300,0.736,-0.330,-0.273,0.852,18.4,-13.0,-18.2,28.96,ARM_SWING
15350,0.733,-0.354,-0.264,0.856,45.4,-15.4,-53.2,71.61,ARM_SWING
15400,0.781,-0.406,-0.260,0.918,64.6,-12.2,-91.3,112.51,ARM_SWING
15450,0.834,-0.442,-0.235,0.973,82.5,-18.0,-115.5,143.08,ARM_SWING
15500,0.913,-0.511,-0.233,1.072,99.0,-23.5,-128.9,164.22,ARM_SWING
15550,0.949,-0.583,-0.194,1.131,115.9,-41.3,-130.4,179.28,ARM_SWING
15600,0.938,-0.666,-0.179,1.164,108.1,-36.8,-116.5,163.13,ARM_SWING
15650,0.897,-0.710,-0.175,1.157,70.2,-30.6,-89.1,117.49,ARM_SWING
15700,0.843,-0.702,-0.207,1.116,37.1,-19.1,-61.6,74.40,ARM_SWING
15750,0.784,-0.691,-0.251,1.075,16.9,-2.5,-30.5,34.96,ARM_SWING
15800,0.693,-0.742,-0.196,1.034,37.2,-2.1,-21.2,42.87,ARM_SWING
15850,0.722,-0.672,-0.329,1.040,-50.8,18.9,8.6,54.88,ARM_SWING
15900,0.761,-0.649,-0.370,1.066,-29.9,12.8,32.9,46.26,ARM_SWING
15950,0.820,-0.615,-0.363,1.087,3.8,5.6,46.9,47.39,ARM_SWING
16000,0.851,-0.613,-0.280,1.086,-10.1,7.0,62.0,63.21,ARM_SWING
16050,0.888,-0.586,-0.225,1.087,-66.0,15.5,76.4,102.14,ARM_SWING
16100,0.913,-0.588,-0.203,1.105,-62.0,11.1,90.2,110.01,ARM_SWING
16150,0.936,-0.559,-0.186,1.106,-72.5,15.4,91.0,117.36,ARM_SWING
16200,0.939,-0.523,-0.159,1.087,-107.8,21.5,88.1,140.87,ARM_SWING
16250,0.924,-0.482,-0.161,1.055,-85.0,12.6,89.8,124.29,ARM_SWING
16300,0.885,-0.452,-0.142,1.004,-51.5,2.4,79.1,94.42,ARM_SWING
16350,0.837,-0.428,-0.154,0.953,-45.4,2.8,65.4,79.66,ARM_SWING
16400,0.813,-0.401,-0.174,0.923,-56.3,13.3,50.9,77.05,ARM_SWING
16450,0.833,-0.369,-0.244,0.943,-54.3,17.9,29.3,64.24,ARM_SWING
16500,0.837,-0.334,-0.291,0.947,-27.0,10.8,17.1,33.73,ARM_SWING
16550,0.841,-0.317,-0.315,0.952,9.3,-2.1,-6.8,11.71,ARM_SWING
16600,0.822,-0.326,-0.311,0.937,38.1,-3.6,-35.5,52.20,ARM_SWING
16650,0.837,-0.362,-0.293,0.958,57.2,-9.5,-65.5,87.48,ARM_SWING
16700,0.866,-0.394,-0.256,0.985,82.7,-20.9,-92.8,126.05,ARM_SWING
16750,0.889,-0.440,-0.205,1.013,112.4,-37.3,-112.3,163.21,ARM_SWING
16800,0.905,-0.515,-0.175,1.056,132.0,-44.6,-128.8,189.74,ARM_SWING
16850,0.920,-0.600,-0.140,1.107,136.2,-45.8,-133.7,196.27,ARM_SWING
16900,0.900,-0.687,-0.134,1.140,108.9,-32.9,-129.2,172.15,ARM_SWING
16950,0.871,-0.752,-0.182,1.165,61.8,-19.1,-109.2,126.92,ARM_SWING
17000,0.821,-0.673,0.011,1.062,51.9,-9.8,-78.0,94.20,ARM_SWING
17050,0.768,-0.819,-0.496,1.227,19.6,11.3,-36.2,42.69,ARM_SWING
17100,0.737,-0.828,-0.389,1.175,-56.4,2.3,11.4,57.59,ARM_SWING
17150,0.768,-0.735,-0.387,1.131,-29.5,-0.8,48.4,56.69,ARM_SWING
17200,0.824,-0.696,-0.319,1.125,-9.5,-9.3,76.6,77.75,ARM_SWING
17250,0.862,-0.666,-0.214,1.110,-32.9,7.4,91.7,97.70,ARM_SWING
17300,0.896,-0.619,-0.152,1.100,-74.7,16.6,106.6,131.22,ARM_SWING
17350,0.914,-0.579,-0.119,1.088,-110.6,26.9,111.3,159.20,ARM_SWING
17400,0.905,-0.540,-0.108,1.059,-141.9,37.8,105.9,181.05,ARM_SWING
17450,0.927,-0.495,-0.126,1.058,-139.6,31.5,94.2,171.33,ARM_SWING
17500,0.965,-0.456,-0.142,1.077,-94.3,20.7,84.2,128.10,ARM_SWING
17550,0.991,-0.429,-0.147,1.090,-51.6,5.6,83.5,98.32,ARM_SWING
17600,0.979,-0.408,-0.163,1.073,-30.0,-2.3,84.3,89.51,ARM_SWING
17650,0.930,-0.386,-0.172,1.022,-37.0,-5.3,80.1,88.39,ARM_SWING
17700,0.864,-0.338,-0.213,0.952,-34.8,-0.3,58.7,68.24,ARM_SWING
17750,0.792,-0.289,-0.259,0.882,-17.9,-2.3,24.4,30.35,ARM_SWING
17800,0.745,-0.256,-0.286,0.838,9.8,-0.2,-14.0,17.09,ARM_SWING
17850,0.750,-0.279,-0.290,0.851,46.4,1.8,-60.7,76.42,ARM_SWING
17900,0.784,-0.348,-0.292,0.906,74.3,6.5,-101.4,125.88,ARM_SWING
17950,0.854,-0.400,-0.265,0.980,90.5,6.3,-142.1,168.59,ARM_SWING
18000,0.978,-0.489,-0.236,1.119,117.4,-1.1,-167.3,204.39,ARM_SWING
18050,1.089,-0.618,-0.206,1.269,154.0,-28.0,-171.5,232.19,ARM_SWING
18100,1.075,-0.732,-0.171,1.312,172.1,-60.1,-143.0,231.69,ARM_SWING
18150,0.961,-0.747,-0.057,1.219,87.3,-45.9,-97.6,138.76,ARM_SWING
18200,0.866,-0.729,-0.164,1.144,41.4,-30.1,-55.9,75.79,ARM_SWING
18250,0.869,-0.569,-0.105,1.044,64.3,-24.2,-26.7,73.71,ARM_SWING
18300,0.665,-0.703,-0.318,1.019,16.6,-5.8,-6.0,18.58,ARM_SWING
18350,0.703,-0.696,-0.305,1.035,-41.3,-8.3,16.1,45.10,ARM_SWING
18400,0.788,-0.689,-0.327,1.097,-68.8,6.5,42.7,81.23,ARM_SWING
18450,0.854,-0.648,-0.312,1.116,-9.7,9.4,66.0,67.37,ARM_SWING
18500,0.895,-0.633,-0.284,1.132,-21.5,15.1,86.3,90.21,ARM_SWING
18550,0.942,-0.591,-0.250,1.140,-36.6,20.1,106.4,114.30,ARM_SWING
18600,0.965,-0.548,-0.227,1.133,-73.5,26.0,117.9,141.35,ARM_SWING
18650,0.980,-0.535,-0.202,1.135,-103.0,27.4,115.1,156.87,ARM_SWING
18700,0.991,-0.505,-0.180,1.127,-90.9,22.4,109.3,143.91,ARM_SWING
18750,0.942,-0.469,-0.162,1.065,-61.0,14.4,99.8,117.85,ARM_SWING
18800,0.870,-0.437,-0.165,0.987,-50.9,7.8,92.1,105.52,ARM_SWING
18850,0.836,-0.394,-0.195,0.945,-51.1,5.3,68.7,85.78,ARM_SWING
18900,0.796,-0.349,-0.205,0.893,-39.4,-6.9,47.3,61.95,ARM_SWING
18950,0.757,-0.327,-0.230,0.856,-18.9,-1.1,11.9,22.36,ARM_SWING
19000,0.756,-0.329,-0.254,0.863,1.8,-0.2,-20.3,20.38,ARM_SWING
19050,0.803,-0.338,-0.247,0.906,30.6,1.6,-55.7,63.57,ARM_SWING
19100,0.835,-0.381,-0.217,0.943,63.1,5.1,-85.9,106.71,ARM_SWING
19150,0.878,-0.427,-0.188,0.994,80.2,6.4,-118.5,143.23,ARM_SWING
19200,0.922,-0.493,-0.180,1.061,95.3,2.1,-141.4,170.53,ARM_SWING
19250,0.989,-0.560,-0.172,1.149,103.8,-7.7,-154.3,186.12,ARM_SWING
19300,1.001,-0.678,-0.163,1.220,96.2,-13.0,-144.4,174.00,ARM_SWING
19350,0.968,-0.721,-0.216,1.226,62.4,-30.6,-113.9,133.43,ARM_SWING
19400,0.934,-0.703,-0.262,1.198,79.8,-31.4,-76.7,115.05,ARM_SWING
19450,0.717,-0.508,-0.170,0.895,30.8,-30.5,-31.1,53.35,ARM_SWING
19500,0.727,-0.722,-0.235,1.051,49.7,-11.6,-6.5,51.45,ARM_SWING
19550,0.758,-0.653,-0.385,1.072,-37.1,-11.3,22.1,44.64,ARM_SWING
19600,0.756,-0.630,-0.353,1.045,-7.9,-17.0,42.8,46.73,ARM_SWING
19650,0.793,-0.581,-0.325,1.035,54.2,-13.9,56.4,79.45,ARM_SWING
19700,0.815,-0.597,-0.279,1.048,3.2,3.2,68.0,68.15,ARM_SWING
19750,0.833,-0.581,-0.223,1.040,-30.7,25.9,74.5,84.64,ARM_SWING
19800,0.874,-0.560,-0.216,1.060,-78.6,25.6,81.8,116.30,ARM_SWING
19850,0.900,-0.540,-0.198,1.068,-100.8,18.6,84.0,132.52,ARM_SWING
19900,0.915,-0.510,-0.187,1.064,-111.3,26.1,81.3,140.28,ARM_SWING
19950,0.914,-0.495,-0.187,1.056,-83.8,19.6,73.0,112.85,ARM_SWING
20000,0.908,-0.481,-0.179,1.043,-53.9,9.1,67.6,86.94,ARM_SWING
20050,0.897,-0.468,-0.179,1.027,-46.2,4.4,59.3,75.30,ARM_SWING
20100,0.888,-0.441,-0.206,1.013,-50.4,-0.2,51.7,72.20,ARM_SWING
20150,0.876,-0.410,-0.224,0.993,-36.8,-8.0,41.5,56.04,ARM_SWING
20200,0.845,-0.394,-0.243,0.963,-15.4,-10.4,31.2,36.31,ARM_SWING
20250,0.817,-0.372,-0.271,0.938,-4.0,-7.7,14.9,17.24,ARM_SWING
20300,0.794,-0.339,-0.292,0.911,7.9,-3.9,-10.2,13.48,ARM_SWING
20350,0.783,-0.325,-0.287,0.895,36.1,-4.6,-40.4,54.37,ARM_SWING
20400,0.783,-0.372,-0.294,0.915,59.0,-7.1,-72.8,93.97,ARM_SWING
20450,0.821,-0.408,-0.276,0.957,72.6,-13.0,-100.3,124.50,ARM_SWING
20500,0.869,-0.451,-0.248,1.010,95.7,-23.7,-123.8,158.26,ARM_SWING
20550,0.921,-0.547,-0.213,1.092,113.3,-34.5,-132.7,177.87,ARM_SWING
20600,0.932,-0.621,-0.188,1.136,114.3,-40.6,-124.5,173.82,ARM_SWING
20650,0.915,-0.689,-0.187,1.161,94.7,-33.4,-107.1,146.81,ARM_SWING
20700,0.850,-0.731,-0.207,1.140,60.4,-23.3,-80.0,102.91,ARM_SWING
20750,0.798,-0.723,-0.245,1.104,24.3,-11.9,-42.9,50.72,ARM_SWING
20800,0.695,-0.641,-0.187,0.964,-50.8,35.3,-7.6,62.33,ARM_SWING
20850,0.729,-0.642,-0.317,1.022,-3.8,-7.0,18.7,20.33,ARM_SWING
20900,0.746,-0.626,-0.308,1.021,-52.0,14.2,31.4,62.38,ARM_SWING
20950,0.783,-0.606,-0.312,1.038,-8.0,14.3,45.5,48.36,ARM_SWING
21000,0.834,-0.614,-0.305,1.080,1.4,15.4,60.8,62.74,ARM_SWING
21050,0.874,-0.604,-0.274,1.097,-35.9,24.3,72.1,84.13,ARM_SWING
21100,0.910,-0.582,-0.248,1.108,-68.4,21.7,80.2,107.62,ARM_SWING
21150,0.928,-0.556,-0.221,1.104,-93.2,16.1,86.5,128.17,ARM_SWING
21200,0.945,-0.525,-0.220,1.103,-97.3,15.0,85.6,130.46,ARM_SWING
21250,0.938,-0.492,-0.203,1.078,-78.2,7.7,81.9,113.50,ARM_SWING
21300,0.929,-0.462,-0.182,1.053,-58.5,0.5,75.3,95.36,ARM_SWING
21350,0.919,-0.432,-0.173,1.030,-55.9,-4.4,66.7,87.14,ARM_SWING
21400,0.893,-0.403,-0.183,0.997,-46.9,-7.4,57.7,74.72,ARM_SWING
21450,0.842,-0.379,-0.209,0.947,-30.7,-9.7,46.6,56.64,ARM_SWING
21500,0.803,-0.349,-0.229,0.905,-16.3,-7.9,28.5,33.77,ARM_SWING
21550,0.766,-0.319,-0.251,0.867,3.7,-3.0,-0.9,4.85,ARM_SWING
21600,0.744,-0.311,-0.265,0.849,31.2,1.7,-36.1,47.74,ARM_SWING
21650,0.777,-0.359,-0.284,0.902,50.6,4.4,-72.9,88.85,ARM_SWING
21700,0.841,-0.402,-0.284,0.974,67.2,1.1,-103.1,123.07,ARM_SWING
21750,0.912,-0.456,-0.277,1.057,86.8,-10.2,-126.0,153.34,ARM_SWING
21800,0.957,-0.525,-0.251,1.120,109.7,-26.9,-135.5,176.40,ARM_SWING
21850,0.967,-0.610,-0.214,1.163,123.9,-40.4,-130.4,184.36,ARM_SWING
21900,0.931,-0.687,-0.190,1.173,108.3,-40.5,-112.4,161.25,ARM_SWING
21950,0.882,-0.734,-0.185,1.162,68.1,-28.1,-85.2,112.63,ARM_SWING
22000,0.815,-0.706,-0.223,1.101,42.7,-15.5,-51.4,68.60,ARM_SWING
22050,0.844,-0.711,-0.471,1.200,39.8,-0.4,-32.6,51.45,ARM_SWING
22100,0.705,-0.677,-0.285,1.018,-16.3,2.5,5.8,17.48,ARM_SWING
22150,0.742,-0.691,-0.368,1.079,-63.3,14.5,22.4,68.69,ARM_SWING
22200,0.810,-0.647,-0.341,1.091,-8.2,6.1,44.4,45.56,ARM_SWING
22250,0.874,-0.637,-0.311,1.125,14.6,0.0,67.6,69.16,ARM_SWING
22300,0.909,-0.621,-0.244,1.128,-33.8,10.9,84.9,92.03,ARM_SWING
22350,0.942,-0.569,-0.215,1.121,-70.7,13.5,97.3,121.03,ARM_SWING
22400,0.944,-0.514,-0.176,1.089,-91.2,8.8,102.6,137.56,ARM_SWING
22450,0.921,-0.492,-0.147,1.054,-97.8,17.2,99.5,140.57,ARM_SWING
22500,0.917,-0.448,-0.154,1.032,-80.0,16.4,90.8,122.12,ARM_SWING
22550,0.898,-0.419,-0.160,1.004,-50.4,9.5,77.7,93.10,ARM_SWING
22600,0.880,-0.399,-0.177,0.982,-41.4,5.1,62.6,75.22,ARM_SWING
22650,0.874,-0.383,-0.197,0.974,-42.2,4.0,48.0,64.04,ARM_SWING
22700,0.860,-0.362,-0.226,0.960,-32.2,3.5,30.9,44.76,ARM_SWING
22750,0.851,-0.338,-0.265,0.953,-17.4,3.5,7.9,19.43,ARM_SWING
22800,0.840,-0.339,-0.281,0.948,6.8,0.9,-17.6,18.89,ARM_SWING
22850,0.823,-0.364,-0.284,0.944,31.3,-0.1,-43.8,53.83,ARM_SWING
22900,0.819,-0.393,-0.274,0.949,52.7,-0.8,-71.4,88.75,ARM_SWING
22950,0.824,-0.428,-0.267,0.966,72.8,-6.3,-98.4,122.56,ARM_SWING
23000,0.847,-0.489,-0.258,1.011,94.6,-35.5,-120.4,157.18,ARM_SWING
23050,0.881,-0.580,-0.231,1.080,114.8,-31.8,-127.1,174.20,ARM_SWING
23100,0.889,-0.735,-0.218,1.174,101.9,-41.1,-112.1,156.97,ARM_SWING
23150,0.836,-0.772,-0.242,1.163,72.2,-31.0,-80.5,112.49,ARM_SWING
23200,0.774,-0.804,-0.274,1.149,31.9,-17.2,-45.2,57.94,ARM_SWING
23250,0.599,-0.620,-0.320,0.920,8.9,-31.5,-11.4,34.66,ARM_SWING
23300,0.650,-0.773,-0.227,1.035,11.4,9.8,3.2,15.37,ARM_SWING
23350,0.732,-0.658,-0.294,1.027,-52.2,3.8,28.8,59.74,ARM_SWING
23400,0.772,-0.634,-0.318,1.048,-29.2,5.3,40.6,50.29,ARM_SWING
23450,0.816,-0.601,-0.288,1.054,-3.7,9.3,53.4,54.33,ARM_SWING
23500,0.861,-0.597,-0.275,1.083,-6.5,14.5,67.2,69.05,ARM_SWING
23550,0.889,-0.581,-0.248,1.091,-33.7,19.1,76.6,85.84,ARM_SWING
23600,0.928,-0.569,-0.252,1.117,-67.5,15.0,84.1,108.88,ARM_SWING
23650,0.944,-0.577,-0.244,1.133,-85.3,12.2,91.4,125.61,ARM_SWING
23700,0.930,-0.550,-0.212,1.101,-61.6,0.3,102.2,119.33,ARM_SWING
23750,0.931,-0.592,-0.288,1.140,-40.4,-7.3,109.5,116.94,ARM_SWING
23800,0.824,-0.516,-0.126,0.980,-26.1,-16.5,101.0,105.61,ARM_SWING
23850,0.720,-0.417,-0.226,0.862,-29.7,-16.9,72.2,79.88,ARM_SWING
23900,0.681,-0.352,-0.216,0.796,-24.7,-14.6,35.7,45.80,ARM_SWING
23950,0.657,-0.322,-0.220,0.764,-10.7,-6.7,-6.5,14.20,ARM_SWING
24000,0.689,-0.342,-0.236,0.805,3.5,4.9,-51.7,52.05,ARM_SWING
24050,0.761,-0.400,-0.255,0.897,20.5,14.2,-85.3,88.87,ARM_SWING
24100,0.841,-0.491,-0.265,1.009,45.0,14.9,-109.8,119.60,ARM_SWING
24150,0.893,-0.547,-0.266,1.080,64.6,7.5,-119.4,135.96,ARM_SWING
24200,0.906,-0.605,-0.252,1.118,84.4,-4.6,-121.9,148.34,ARM_SWING
24250,0.918,-0.610,-0.246,1.129,96.3,-21.5,-119.0,154.59,ARM_SWING
24300,0.906,-0.653,-0.205,1.135,95.1,-30.7,-107.4,146.70,ARM_SWING
24350,0.899,-0.671,-0.168,1.134,71.2,-27.7,-85.3,114.51,ARM_SWING
24400,0.846,-0.653,-0.177,1.083,51.1,-24.8,-56.5,80.12,ARM_SWING
24450,0.947,-0.535,-0.160,1.099,80.4,-7.7,-46.0,92.95,ARM_SWING
24500,0.751,-0.632,-0.383,1.054,63.7,-0.9,-10.1,64.50,ARM_SWING
24550,0.719,-0.651,-0.305,1.017,-13.3,3.0,1.8,13.75,ARM_SWING
24600,0.740,-0.678,-0.373,1.071,-14.0,6.9,14.9,21.58,ARM_SWING
24650,0.800,-0.669,-0.370,1.107,34.6,1.6,32.7,47.63,ARM_SWING
24700,0.820,-0.650,-0.295,1.087,-1.8,7.2,49.3,49.86,ARM_SWING
24750,0.857,-0.625,-0.272,1.095,-67.9,16.0,61.0,92.67,ARM_SWING
24800,0.872,-0.604,-0.210,1.081,-93.6,11.3,71.2,118.14,ARM_SWING
24850,0.888,-0.564,-0.184,1.068,-56.7,13.7,75.3,95.25,ARM_SWING
24900,0.895,-0.543,-0.159,1.059,-90.1,9.1,74.2,117.07,ARM_SWING
24950,0.899,-0.515,-0.144,1.046,-95.9,12.6,72.6,120.94,ARM_SWING
25000,0.894,-0.487,-0.153,1.029,-69.4,6.5,69.6,98.50,ARM_SWING
25050,0.900,-0.457,-0.176,1.025,-36.7,0.0,63.7,73.52,ARM_SWING
25100,0.894,-0.436,-0.198,1.014,-39.7,-0.4,58.0,70.29,ARM_SWING
25150,0.875,-0.403,-0.213,0.987,-44.1,-0.1,53.4,69.26,ARM_SWING
25200,0.834,-0.358,-0.244,0.940,-34.7,-0.9,40.6,53.42,ARM_SWING
25250,0.788,-0.317,-0.268,0.891,-17.4,-1.1,14.5,22.68,ARM_SWING
25300,0.748,-0.300,-0.279,0.853,10.9,-0.4,-21.3,23.93,ARM_SWING
25350,0.763,-0.336,-0.280,0.879,35.3,0.3,-57.8,67.73,ARM_SWING
25400,0.796,-0.392,-0.283,0.931,60.4,-3.9,-86.8,105.82,ARM_SWING
25450,0.840,-0.439,-0.275,0.987,77.9,-3.1,-113.8,137.94,ARM_SWING
25500,0.891,-0.506,-0.261,1.057,103.9,-12.3,-128.1,165.40,ARM_SWING
25550,0.918,-0.612,-0.250,1.131,120.0,-23.8,-128.5,177.42,ARM_SWING
25600,0.911,-0.679,-0.233,1.160,106.5,-27.4,-111.5,156.61,ARM_SWING
25650,0.886,-0.719,-0.244,1.167,68.6,-20.5,-81.9,108.78,ARM_SWING
25700,0.830,-0.733,-0.248,1.135,35.0,-11.0,-46.9,59.55,ARM_SWING
25750,0.666,-0.698,-0.301,1.011,-57.2,14.2,-12.0,60.15,ARM_SWING
25800,0.713,-0.683,-0.380,1.058,-35.0,-8.4,16.3,39.51,ARM_SWING
25850,0.749,-0.665,-0.338,1.057,-84.3,16.1,28.0,90.28,ARM_SWING
25900,0.800,-0.636,-0.321,1.071,-10.1,2.6,46.2,47.36,ARM_SWING
25950,0.856,-0.629,-0.296,1.103,-20.4,7.3,63.9,67.47,ARM_SWING
26000,0.898,-0.603,-0.254,1.111,-31.6,9.9,77.4,84.19,ARM_SWING
26050,0.921,-0.569,-0.221,1.105,-64.8,11.2,87.5,109.46,ARM_SWING
26100,0.928,-0.530,-0.198,1.087,-96.9,7.9,92.8,134.40,ARM_SWING
26150,0.910,-0.491,-0.186,1.051,-98.7,15.1,89.1,133.82,ARM_SWING
26200,0.881,-0.463,-0.176,1.011,-77.0,12.8,81.8,113.07,ARM_SWING
26250,0.842,-0.438,-0.170,0.964,-55.0,9.0,70.5,89.87,ARM_SWING
26300,0.820,-0.419,-0.178,0.938,-48.0,8.1,54.9,73.37,ARM_SWING
26350,0.833,-0.415,-0.211,0.954,-44.3,7.1,38.1,58.86,ARM_SWING
26400,0.873,-0.395,-0.245,0.989,-33.2,2.4,24.5,41.33,ARM_SWING
26450,0.867,-0.376,-0.263,0.981,-4.4,-3.6,16.3,17.26,ARM_SWING
26500,0.837,-0.375,-0.278,0.958,17.1,-1.8,4.4,17.75,ARM_SWING
26550,0.793,-0.356,-0.284,0.914,29.6,2.2,-18.4,34.92,ARM_SWING
26600,0.780,-0.366,-0.284,0.907,45.9,2.5,-49.0,67.19,ARM_SWING
26650,0.806,-0.412,-0.281,0.948,65.6,-2.3,-78.7,102.48,ARM_SWING
26700,0.841,-0.456,-0.266,0.993,84.7,-12.6,-103.1,134.02,ARM_SWING
26750,0.883,-0.518,-0.250,1.054,101.2,-27.1,-116.8,156.90,ARM_SWING
26800,0.917,-0.588,-0.226,1.113,107.9,-38.5,-116.9,163.68,ARM_SWING
26850,0.916,-0.642,-0.195,1.135,92.4,-40.1,-104.1,144.85,ARM_SWING
26900,0.878,-0.695,-0.184,1.135,58.3,-28.0,-79.7,102.64,ARM_SWING
26950,0.833,-0.697,-0.208,1.106,30.6,-18.6,-50.4,61.83,ARM_SWING
27000,0.793,-0.635,-0.183,1.032,37.8,-22.8,-20.6,48.71,ARM_SWING
27050,0.714,-0.693,-0.275,1.032,0.4,10.8,-6.0,12.36,ARM_SWING
27100,0.736,-0.635,-0.305,1.019,-70.8,16.5,13.9,74.01,ARM_SWING
27150,0.781,-0.612,-0.352,1.053,-25.2,6.6,31.5,40.88,ARM_SWING
27200,0.818,-0.610,-0.311,1.067,6.4,7.9,49.9,50.93,ARM_SWING
27250,0.859,-0.597,-0.288,1.085,-18.3,15.4,65.6,69.82,ARM_SWING
27300,0.890,-0.573,-0.258,1.089,-58.5,15.6,78.8,99.37,ARM_SWING
27350,0.901,-0.542,-0.241,1.079,-56.1,14.5,85.1,102.95,ARM_SWING
27400,0.909,-0.518,-0.208,1.067,-77.7,13.3,85.2,116.07,ARM_SWING
27450,0.909,-0.496,-0.198,1.054,-77.9,10.2,77.7,110.50,ARM_SWING
27500,0.912,-0.496,-0.199,1.057,-58.1,3.3,66.2,88.14,ARM_SWING
27550,0.921,-0.465,-0.207,1.052,-38.6,-8.2,55.0,67.69,ARM_SWING
27600,0.926,-0.435,-0.207,1.044,-37.1,-15.4,54.9,68.03,ARM_SWING
27650,0.909,-0.415,-0.202,1.019,-29.2,-20.3,53.4,64.16,ARM_SWING
27700,0.857,-0.374,-0.204,0.957,-16.5,-21.1,43.4,51.00,ARM_SWING
27750,0.761,-0.338,-0.217,0.860,1.0,-16.5,19.9,25.87,ARM_SWING
27800,0.695,-0.323,-0.241,0.803,21.4,-7.4,-17.0,28.31,ARM_SWING
27850,0.692,-0.328,-0.258,0.808,41.7,-1.2,-59.2,72.42,ARM_SWING
27900,0.746,-0.386,-0.281,0.886,56.5,2.3,-99.0,114.01,ARM_SWING
27950,0.831,-0.440,-0.288,0.983,73.0,-0.2,-129.5,148.66,ARM_SWING
28000,0.924,-0.531,-0.288,1.104,88.5,-8.7,-143.4,168.74,ARM_SWING
28050,0.964,-0.624,-0.277,1.181,95.7,-19.9,-136.3,167.73,ARM_SWING
28100,0.951,-0.692,-0.263,1.205,89.6,-24.2,-112.6,145.92,ARM_SWING
28150,0.890,-0.749,-0.254,1.191,62.3,-18.8,-78.7,102.12,ARM_SWING
28200,0.813,-0.752,-0.281,1.143,29.1,-10.3,-43.1,53.01,ARM_SWING
28250,0.772,-0.683,-0.254,1.062,-23.8,35.0,-12.6,44.16,ARM_SWING
28300,0.706,-0.675,-0.403,1.057,-25.6,-3.5,18.6,31.84,ARM_SWING
28350,0.758,-0.681,-0.348,1.077,-79.5,13.8,31.1,86.47,ARM_SWING
28400,0.819,-0.647,-0.315,1.090,-6.5,-0.2,53.6,53.99,ARM_SWING
28450,0.871,-0.636,-0.260,1.109,0.0,1.4,73.0,73.01,ARM_SWING
28500,0.895,-0.604,-0.205,1.099,-38.1,17.4,87.5,97.01,ARM_SWING
28550,0.913,-0.564,-0.174,1.087,-67.1,16.8,98.3,120.20,ARM_SWING
28600,0.903,-0.516,-0.151,1.051,-101.3,16.1,99.8,143.11,ARM_SWING
28650,0.894,-0.498,-0.153,1.035,-107.1,24.9,91.6,143.11,ARM_SWING
28700,0.894,-0.462,-0.153,1.018,-86.9,22.1,78.2,118.98,ARM_SWING
28750,0.894,-0.442,-0.167,1.011,-69.1,15.1,63.7,95.19,ARM_SWING
28800,0.908,-0.422,-0.195,1.020,-60.2,9.1,54.2,81.51,ARM_SWING
28850,0.909,-0.392,-0.218,1.014,-37.5,-1.4,47.1,60.22,ARM_SWING
28900,0.902,-0.384,-0.247,1.011,-14.2,-6.4,40.1,43.02,ARM_SWING
28950,0.848,-0.351,-0.263,0.955,2.9,-4.2,24.3,24.83,ARM_SWING
29000,0.779,-0.318,-0.277,0.886,19.8,3.9,-6.9,21.33,ARM_SWING
29050,0.761,-0.310,-0.283,0.869,39.1,5.6,-50.4,64.03,ARM_SWING
29100,0.805,-0.359,-0.286,0.927,64.0,-0.4,-89.0,109.62,ARM_SWING
29150,0.858,-0.417,-0.269,0.991,89.6,-17.0,-120.4,151.04,ARM_SWING
29200,0.924,-0.488,-0.230,1.070,119.2,-36.8,-140.1,187.59,ARM_SWING
29250,0.989,-0.599,-0.180,1.170,136.7,-53.6,-143.1,205.03,ARM_SWING
29300,0.992,-0.674,-0.160,1.210,135.4,-56.7,-125.7,193.26,ARM_SWING
29350,0.931,-0.718,-0.148,1.185,102.6,-44.8,-93.7,145.99,ARM_SWING
29400,0.819,-0.722,-0.190,1.108,46.6,-23.7,-60.5,79.96,ARM_SWING
29450,0.815,-0.687,-0.214,1.087,-28.8,11.4,-52.7,61.13,ARM_SWING
29500,0.687,-0.667,-0.392,1.035,5.1,2.8,-21.4,22.18,ARM_SWING
29550,0.691,-0.663,-0.321,1.010,-74.3,10.4,1.5,75.04,ARM_SWING
29600,0.747,-0.665,-0.335,1.055,-24.4,6.9,25.5,35.96,ARM_SWING
29650,0.818,-0.630,-0.322,1.082,4.9,5.8,50.1,50.67,ARM_SWING
29700,0.854,-0.617,-0.280,1.090,3.2,10.9,71.4,72.30,ARM_SWING
29750,0.903,-0.599,-0.239,1.110,-44.7,21.9,84.4,97.99,ARM_SWING
29800,0.955,-0.559,-0.222,1.129,-84.1,20.2,95.6,128.92,ARM_SWING
29850,0.978,-0.520,-0.188,1.123,-98.6,20.7,101.9,143.30,ARM_SWING
29900,1.001,-0.487,-0.180,1.128,-77.5,12.8,100.5,127.56,ARM_SWING
29950,0.963,-0.460,-0.167,1.080,-57.4,12.6,91.4,108.66,ARM_SWING
Recording stopped

Samples dumped: 600
