
Recording started
time,accelX,accelY,accelZ,accelMagnitude,gyroX,gyroY,gyroZ,gyroMagnitude,activity
0,0.698,-0.746,-0.362,1.084,-24.2,1.1,9.3,25.95,ARM_SWING
50,0.771,-0.590,-0.303,1.017,-20.3,1.9,22.9,30.66,ARM_SWING
100,0.750,-0.651,-0.281,1.032,-39.6,14.0,43.2,60.25,ARM_SWING
150,0.752,-0.644,-0.264,1.025,-50.4,25.2,57.5,80.51,ARM_SWING
200,0.753,-0.609,-0.248,1.000,-69.0,28.9,61.3,96.72,ARM_SWING
250,0.787,-0.610,-0.220,1.020,-64.3,33.6,57.1,92.32,ARM_SWING
300,0.843,-0.631,-0.194,1.071,-77.2,37.8,70.6,111.23,ARM_SWING
350,0.899,-0.593,-0.209,1.097,-89.3,43.5,77.7,126.11,ARM_SWING
400,0.946,-0.533,-0.213,1.107,-98.4,39.9,81.8,134.04,ARM_SWING
450,0.966,-0.471,-0.214,1.096,-98.2,29.7,84.0,132.59,ARM_SWING
500,0.959,-0.404,-0.224,1.064,-85.4,29.1,72.5,115.74,ARM_SWING
550,0.920,-0.364,-0.239,1.018,-62.6,13.3,59.4,87.32,ARM_SWING
600,0.923,-0.320,-0.282,1.017,-33.8,-2.9,42.7,54.54,ARM_SWING
650,0.893,-0.284,-0.269,0.975,6.3,-24.2,22.8,33.84,ARM_SWING
700,0.829,-0.280,-0.271,0.916,34.0,-33.9,-5.6,48.34,ARM_SWING
750,0.835,-0.293,-0.251,0.920,52.2,-33.3,-42.7,75.21,ARM_SWING
800,0.844,-0.352,-0.231,0.943,80.9,-37.3,-74.7,116.26,ARM_SWING
850,0.841,-0.425,-0.217,0.967,106.1,-44.1,-97.9,150.95,ARM_SWING
900,0.835,-0.487,-0.152,0.979,120.2,-55.7,-116.9,176.68,ARM_SWING
950,0.849,-0.567,-0.151,1.032,104.9,-39.2,-132.7,173.64,ARM_SWING
1000,0.893,-0.671,-0.155,1.128,67.9,-24.7,-134.1,152.33,ARM_SWING
1050,0.927,-0.695,-0.175,1.172,55.2,-27.4,-109.9,126.00,ARM_SWING
1100,0.920,-0.684,-0.191,1.162,53.6,-26.5,-70.7,92.59,ARM_SWING
1150,0.879,-0.645,-0.221,1.112,65.4,-33.0,-31.5,79.74,ARM_SWING
1200,0.733,-0.559,-0.308,0.972,70.4,-39.9,3.4,80.99,ARM_SWING
1250,0.662,-0.589,-0.304,0.937,76.2,-6.4,-0.3,76.47,ARM_SWING
1300,0.618,-0.617,-0.515,1.014,-8.5,27.3,-3.1,28.76,ARM_SWING
1350,0.703,-0.591,-0.536,1.063,-27.5,20.8,3.4,34.65,ARM_SWING
1400,0.799,-0.627,-0.475,1.121,-19.0,12.6,24.0,33.10,ARM_SWING
1450,0.832,-0.663,-0.354,1.121,-54.1,9.3,44.9,70.92,ARM_SWING
1500,0.831,-0.502,-0.263,1.006,-67.2,7.7,64.1,93.19,ARM_SWING
1550,0.844,-0.586,-0.195,1.046,-90.3,12.1,75.9,118.58,ARM_SWING
1600,0.862,-0.541,-0.155,1.029,-88.1,13.3,76.5,117.43,ARM_SWING
1650,0.868,-0.529,-0.127,1.024,-73.0,15.6,76.7,107.03,ARM_SWING
1700,0.868,-0.525,-0.106,1.020,-76.0,17.3,70.3,104.96,ARM_SWING
1750,0.869,-0.556,-0.112,1.038,-72.4,23.8,73.7,106.02,ARM_SWING
1800,0.857,-0.535,-0.116,1.017,-77.4,26.1,68.8,106.80,ARM_SWING
1850,0.879,-0.497,-0.164,1.023,-81.3,27.8,64.1,107.20,ARM_SWING
1900,0.947,-0.476,-0.277,1.095,-87.8,25.6,59.0,108.84,ARM_SWING
1950,0.973,-0.393,-0.333,1.101,-72.1,9.8,62.0,95.60,ARM_SWING
2000,0.963,-0.288,-0.352,1.065,-16.3,-10.9,54.3,57.73,ARM_SWING
2050,0.904,-0.226,-0.318,0.985,31.9,-32.4,33.7,56.60,ARM_SWING
2100,0.839,-0.243,-0.317,0.929,43.1,-37.1,3.6,56.98,ARM_SWING
2150,0.798,-0.247,-0.281,0.881,46.2,-32.7,-26.8,62.63,ARM_SWING
2200,0.765,-0.310,-0.250,0.862,68.5,-15.4,-69.4,98.72,ARM_SWING
2250,0.775,-0.384,-0.233,0.896,84.8,-17.7,-108.5,138.84,ARM_SWING
2300,0.855,-0.469,-0.202,0.996,97.5,-31.6,-140.5,173.91,ARM_SWING
2350,0.950,-0.637,-0.242,1.169,126.7,-43.6,-145.5,197.80,ARM_SWING
2400,0.996,-0.763,-0.176,1.267,146.7,-53.4,-110.8,191.44,ARM_SWING
2450,0.852,-0.842,-0.155,1.208,115.0,-52.5,-69.3,144.17,ARM_SWING
2500,0.770,-0.766,-0.167,1.099,64.3,-46.8,-47.1,92.43,ARM_SWING
2550,0.741,-0.670,-0.210,1.021,41.2,-40.3,-30.5,65.21,ARM_SWING
2600,0.710,-0.653,-0.216,0.989,31.9,-35.5,-28.4,55.54,ARM_SWING
2650,0.724,-0.522,-0.230,0.922,-8.5,-9.6,-17.1,21.37,ARM_SWING
2700,0.660,-0.589,-0.289,0.931,21.2,7.4,2.4,22.58,ARM_SWING
2750,0.712,-0.620,-0.398,1.025,7.7,12.6,6.6,16.17,ARM_SWING
2800,0.748,-0.650,-0.390,1.065,-11.0,18.1,19.5,28.79,ARM_SWING
2850,0.768,-0.640,-0.351,1.060,-8.8,24.4,30.5,40.04,ARM_SWING
2900,0.814,-0.633,-0.299,1.074,-62.0,25.0,41.0,78.42,ARM_SWING
2950,0.854,-0.594,-0.272,1.075,-61.0,21.7,54.5,84.63,ARM_SWING
3000,0.886,-0.576,-0.233,1.082,-60.3,11.5,61.8,87.11,ARM_SWING
3050,0.924,-0.584,-0.203,1.112,-50.8,3.9,73.8,89.68,ARM_SWING
3100,0.923,-0.559,-0.173,1.093,-42.8,7.2,82.2,92.95,ARM_SWING
3150,0.870,-0.509,-0.151,1.019,-29.4,6.9,87.9,92.94,ARM_SWING
3200,0.822,-0.482,-0.154,0.965,-34.7,17.5,77.4,86.61,ARM_SWING
3250,0.791,-0.457,-0.214,0.938,-54.0,29.4,62.5,87.67,ARM_SWING
3300,0.817,-0.400,-0.281,0.952,-64.4,25.4,42.0,80.97,ARM_SWING
3350,0.809,-0.326,-0.299,0.922,-42.3,17.2,23.3,51.26,ARM_SWING
3400,0.801,-0.339,-0.330,0.930,-12.1,12.4,-6.5,18.50,ARM_SWING
3450,0.819,-0.376,-0.338,0.962,12.1,2.7,-31.5,33.85,ARM_SWING
3500,0.830,-0.391,-0.317,0.971,28.4,-5.2,-50.9,58.52,ARM_SWING
3550,0.844,-0.427,-0.290,0.989,48.1,-14.2,-73.9,89.31,ARM_SWING
3600,0.895,-0.470,-0.252,1.042,72.3,-25.6,-85.8,115.08,ARM_SWING
3650,0.898,-0.557,-0.203,1.076,83.0,-24.8,-87.0,122.77,ARM_SWING
3700,0.858,-0.636,-0.236,1.094,70.9,-20.3,-72.8,103.63,ARM_SWING
3750,0.848,-0.612,-0.246,1.074,46.8,-12.3,-63.4,79.76,ARM_SWING
3800,0.828,-0.584,-0.272,1.049,48.6,-15.1,-58.4,77.46,ARM_SWING
3850,0.794,-0.610,-0.273,1.038,24.7,-18.9,-49.4,58.38,ARM_SWING
3900,0.736,-0.611,-0.292,1.000,41.3,-10.2,-39.3,57.92,ARM_SWING
3950,0.661,-0.745,-0.352,1.056,-5.3,2.0,-20.8,21.56,ARM_SWING
4000,0.713,-0.596,-0.375,1.002,3.5,-6.8,-7.4,10.64,ARM_SWING
4050,0.765,-0.613,-0.311,1.028,-27.0,-4.1,0.9,27.32,ARM_SWING
4100,0.781,-0.637,-0.280,1.046,-15.8,2.0,17.8,23.88,ARM_SWING
4150,0.814,-0.634,-0.260,1.064,-27.9,2.8,37.1,46.50,ARM_SWING
4200,0.851,-0.654,-0.220,1.096,-48.2,7.9,52.5,71.71,ARM_SWING
4250,0.889,-0.668,-0.216,1.133,-53.9,5.2,77.2,94.30,ARM_SWING
4300,0.894,-0.576,-0.175,1.078,-62.0,6.0,92.7,111.68,ARM_SWING
4350,0.884,-0.561,-0.164,1.060,-52.8,17.3,95.5,110.49,ARM_SWING
4400,0.840,-0.568,-0.183,1.030,-59.4,30.2,98.2,118.67,ARM_SWING
4450,0.799,-0.511,-0.176,0.965,-80.0,38.6,83.3,121.77,ARM_SWING
4500,0.792,-0.471,-0.214,0.946,-88.2,45.4,68.8,120.72,ARM_SWING
4550,0.828,-0.455,-0.260,0.980,-94.7,44.8,50.8,116.43,ARM_SWING
4600,0.888,-0.385,-0.264,1.003,-77.1,23.3,37.8,88.97,ARM_SWING
4650,0.897,-0.355,-0.278,1.004,-34.3,11.2,21.9,42.21,ARM_SWING
4700,0.894,-0.371,-0.268,1.004,-0.7,3.4,8.4,9.09,ARM_SWING
4750,0.843,-0.362,-0.273,0.957,17.5,-5.2,-5.3,19.01,ARM_SWING
4800,0.804,-0.361,-0.274,0.923,35.7,-5.3,-24.6,43.68,ARM_SWING
4850,0.807,-0.366,-0.273,0.927,59.7,-16.8,-50.3,79.85,ARM_SWING
4900,0.825,-0.411,-0.258,0.957,71.9,-20.8,-82.6,111.47,ARM_SWING
4950,0.846,-0.480,-0.231,1.000,81.2,-29.2,-97.5,130.20,ARM_SWING
5000,0.900,-0.625,-0.199,1.114,82.5,-39.0,-100.5,135.75,ARM_SWING
5050,0.929,-0.702,-0.231,1.187,69.5,-30.9,-81.0,111.11,ARM_SWING
5100,0.880,-0.690,-0.184,1.133,68.0,-37.5,-58.9,97.47,ARM_SWING
5150,0.831,-0.605,-0.203,1.048,67.6,-48.0,-40.6,92.32,ARM_SWING
5200,0.814,-0.548,-0.204,1.002,73.5,-51.5,-34.0,95.97,ARM_SWING
5250,0.806,-0.499,-0.196,0.968,87.5,-53.9,-36.6,109.09,ARM_SWING
5300,0.717,-0.537,-0.217,0.922,94.6,-32.2,-40.1,107.68,ARM_SWING
5350,0.608,-0.637,-0.272,0.922,59.0,-13.5,-38.9,71.95,ARM_SWING
5400,0.606,-0.623,-0.304,0.921,33.5,11.6,-47.7,59.43,ARM_SWING
5450,0.698,-0.720,-0.391,1.076,-29.1,28.2,-36.0,54.20,ARM_SWING
5500,0.802,-0.712,-0.419,1.151,-38.1,18.2,-11.7,43.81,ARM_SWING
5550,0.842,-0.693,-0.366,1.150,-11.7,12.8,20.0,26.47,ARM_SWING
5600,0.851,-0.683,-0.311,1.135,-45.7,10.9,51.8,69.93,ARM_SWING
5650,0.885,-0.635,-0.261,1.120,-74.4,8.2,67.5,100.79,ARM_SWING
5700,0.911,-0.588,-0.222,1.107,-73.0,7.0,75.7,105.40,ARM_SWING
5750,0.932,-0.537,-0.226,1.099,-66.7,5.7,83.4,106.94,ARM_SWING
5800,0.932,-0.542,-0.179,1.093,-58.3,5.9,86.8,104.73,ARM_SWING
5850,0.931,-0.528,-0.158,1.082,-61.3,3.2,89.4,108.44,ARM_SWING
5900,0.897,-0.523,-0.149,1.049,-55.4,3.7,88.8,104.73,ARM_SWING
5950,0.835,-0.508,-0.140,0.987,-57.4,9.8,83.4,101.72,ARM_SWING
6000,0.760,-0.537,-0.186,0.949,-56.9,14.4,79.6,98.90,ARM_SWING
6050,0.686,-0.520,-0.221,0.889,-57.8,29.0,53.9,84.18,ARM_SWING
6100,0.683,-0.458,-0.293,0.873,-53.9,27.8,47.6,77.10,ARM_SWING
6150,0.701,-0.426,-0.324,0.882,-47.6,30.5,24.0,61.42,ARM_SWING
6200,0.752,-0.389,-0.350,0.916,-30.5,29.4,1.0,42.37,ARM_SWING
6250,0.792,-0.383,-0.367,0.953,-7.6,22.0,-21.9,31.96,ARM_SWING
6300,0.807,-0.380,-0.353,0.959,11.3,11.9,-46.3,49.12,ARM_SWING
6350,0.815,-0.403,-0.320,0.964,36.5,3.0,-67.7,76.97,ARM_SWING
6400,0.848,-0.474,-0.291,1.014,64.6,-3.9,-81.1,103.76,ARM_SWING
6450,0.878,-0.604,-0.269,1.099,86.4,-20.6,-84.6,122.66,ARM_SWING
6500,0.861,-0.668,-0.240,1.116,102.2,-42.9,-74.6,133.61,ARM_SWING
6550,0.823,-0.659,-0.198,1.073,117.5,-52.0,-62.9,143.06,ARM_SWING
6600,0.779,-0.637,-0.167,1.020,104.0,-49.8,-62.1,130.97,ARM_SWING
6650,0.786,-0.624,-0.155,1.015,98.4,-55.9,-57.6,126.98,ARM_SWING
6700,0.765,-0.611,-0.176,0.995,88.8,-51.8,-54.4,116.31,ARM_SWING
6750,0.751,-0.619,-0.199,0.993,70.0,-38.3,-55.0,96.91,ARM_SWING
6800,0.739,-0.623,-0.266,1.002,36.4,-14.9,-39.3,55.60,ARM_SWING
6850,0.750,-0.691,-0.412,1.100,7.8,-4.1,-48.8,49.59,ARM_SWING
6900,0.804,-0.671,-0.424,1.130,-9.1,3.8,-30.1,31.67,ARM_SWING
6950,0.792,-0.630,-0.380,1.081,8.6,-7.7,-8.8,14.52,ARM_SWING
7000,0.743,-0.651,-0.334,1.043,15.2,-3.0,12.4,19.84,ARM_SWING
7050,0.732,-0.637,-0.302,1.016,-26.8,3.9,24.6,36.59,ARM_SWING
7100,0.755,-0.628,-0.280,1.021,-60.5,7.8,32.3,69.02,ARM_SWING
7150,0.797,-0.623,-0.259,1.044,-77.4,15.6,42.8,89.81,ARM_SWING
7200,0.836,-0.623,-0.232,1.068,-72.9,11.7,51.5,90.02,ARM_SWING
7250,0.856,-0.606,-0.206,1.069,-63.3,13.1,62.5,89.92,ARM_SWING
7300,0.854,-0.575,-0.187,1.046,-57.1,12.8,71.6,92.47,ARM_SWING
7350,0.856,-0.548,-0.172,1.031,-63.2,25.3,74.2,100.70,ARM_SWING
7400,0.865,-0.524,-0.174,1.026,-67.3,21.5,73.3,101.81,ARM_SWING
7450,0.868,-0.510,-0.173,1.021,-70.4,19.7,72.3,102.82,ARM_SWING
7500,0.860,-0.491,-0.181,1.007,-73.7,24.7,65.0,101.33,ARM_SWING
7550,0.837,-0.470,-0.214,0.983,-75.8,30.6,56.9,99.60,ARM_SWING
7600,0.813,-0.434,-0.266,0.959,-69.4,32.1,48.8,90.71,ARM_SWING
7650,0.817,-0.381,-0.296,0.949,-50.8,28.7,34.7,67.89,ARM_SWING
7700,0.826,-0.356,-0.324,0.956,-19.8,13.7,20.1,31.36,ARM_SWING
7750,0.817,-0.352,-0.333,0.950,7.5,6.5,1.3,10.01,ARM_SWING
7800,0.808,-0.356,-0.341,0.947,27.3,-1.7,-18.7,33.13,ARM_SWING
7850,0.813,-0.373,-0.325,0.952,50.6,-9.8,-42.3,66.68,ARM_SWING
7900,0.824,-0.411,-0.304,0.970,72.1,-20.5,-58.9,95.33,ARM_SWING
7950,0.844,-0.461,-0.275,1.000,92.0,-33.3,-79.3,125.94,ARM_SWING
8000,0.858,-0.529,-0.234,1.035,102.4,-38.9,-87.5,140.20,ARM_SWING
8050,0.873,-0.565,-0.196,1.058,98.1,-36.2,-88.4,136.93,ARM_SWING
8100,0.886,-0.587,-0.191,1.080,86.8,-41.7,-73.2,120.96,ARM_SWING
8150,0.917,-0.584,-0.217,1.109,76.0,-38.4,-59.4,103.82,ARM_SWING
8200,0.876,-0.570,-0.262,1.077,67.3,-40.1,-51.0,93.48,ARM_SWING
8250,0.772,-0.567,-0.264,0.994,40.1,-29.1,-51.3,71.32,ARM_SWING
8300,0.728,-0.586,-0.259,0.970,18.1,-19.8,-55.2,61.37,ARM_SWING
8350,0.742,-0.566,-0.234,0.962,-2.9,-12.3,-45.4,47.13,ARM_SWING
8400,0.711,-0.652,-0.262,1.000,-6.0,2.8,-23.1,24.03,ARM_SWING
8450,0.755,-0.667,-0.295,1.050,-16.3,3.9,-0.6,16.77,ARM_SWING
8500,0.792,-0.683,-0.301,1.088,-14.7,10.6,26.8,32.35,ARM_SWING
8550,0.800,-0.612,-0.293,1.049,-29.4,6.7,45.9,54.92,ARM_SWING
8600,0.839,-0.610,-0.244,1.066,-72.2,18.7,56.7,93.69,ARM_SWING
8650,0.889,-0.592,-0.246,1.096,-68.1,16.0,77.5,104.40,ARM_SWING
8700,0.926,-0.549,-0.236,1.102,-66.0,13.3,87.0,110.01,ARM_SWING
8750,0.943,-0.532,-0.232,1.107,-55.3,19.6,92.8,109.79,ARM_SWING
8800,0.952,-0.497,-0.222,1.097,-66.6,22.6,93.8,117.24,ARM_SWING
8850,0.953,-0.455,-0.223,1.079,-67.6,21.2,90.3,114.77,ARM_SWING
8900,0.900,-0.432,-0.235,1.026,-60.8,17.9,75.6,98.65,ARM_SWING
8950,0.838,-0.424,-0.246,0.971,-58.1,14.0,71.8,93.42,ARM_SWING
9000,0.780,-0.384,-0.255,0.906,-57.8,18.4,53.1,80.62,ARM_SWING
9050,0.749,-0.345,-0.267,0.867,-43.8,12.2,29.5,54.20,ARM_SWING
9100,0.722,-0.339,-0.278,0.845,-16.5,-1.8,0.7,16.61,ARM_SWING
9150,0.764,-0.358,-0.280,0.889,3.9,-1.1,-27.5,27.80,ARM_SWING
9200,0.813,-0.374,-0.279,0.937,33.1,-14.8,-50.4,62.09,ARM_SWING
9250,0.834,-0.404,-0.248,0.959,65.2,-21.0,-70.5,98.30,ARM_SWING
9300,0.958,-0.437,-0.198,1.071,88.4,-24.2,-80.7,122.12,ARM_SWING
9350,0.927,-0.491,-0.170,1.063,103.2,-20.7,-89.7,138.29,ARM_SWING
9400,0.871,-0.540,-0.197,1.044,95.0,-17.7,-91.0,132.74,ARM_SWING
9450,0.863,-0.538,-0.215,1.039,74.0,-17.0,-99.3,125.00,ARM_SWING
9500,0.877,-0.572,-0.233,1.073,71.8,-14.4,-107.5,130.07,ARM_SWING
9550,0.866,-0.663,-0.233,1.115,67.6,-20.0,-95.9,119.02,ARM_SWING
9600,0.858,-0.676,-0.238,1.118,40.4,-15.6,-74.4,86.09,ARM_SWING
9650,0.833,-0.695,-0.288,1.122,66.9,-14.3,-43.9,81.29,ARM_SWING
9700,0.775,-0.769,-0.276,1.126,29.5,-14.4,-14.0,35.69,ARM_SWING
9750,0.774,-0.650,-0.307,1.056,-5.1,-8.8,21.3,23.60,ARM_SWING
9800,0.758,-0.610,-0.302,1.019,-26.9,-2.8,26.6,37.93,ARM_SWING
9850,0.773,-0.592,-0.276,1.012,16.8,-0.9,42.5,45.71,ARM_SWING
9900,0.802,-0.598,-0.265,1.035,-32.3,8.0,52.5,62.16,ARM_SWING
9950,0.845,-0.600,-0.243,1.064,-58.5,15.8,58.8,84.44,ARM_SWING
10000,0.881,-0.572,-0.244,1.078,-69.4,16.1,71.1,100.65,ARM_SWING
10050,0.881,-0.565,-0.242,1.074,-65.5,12.8,73.1,98.98,ARM_SWING
10100,0.885,-0.599,-0.249,1.097,-65.7,8.0,77.3,101.76,ARM_SWING
10150,0.895,-0.591,-0.244,1.100,-63.4,4.3,85.8,106.77,ARM_SWING
10200,0.883,-0.583,-0.247,1.087,-63.6,0.6,89.0,109.39,ARM_SWING
10250,0.852,-0.548,-0.231,1.039,-63.4,2.8,82.6,104.16,ARM_SWING
10300,0.817,-0.501,-0.230,0.986,-66.2,2.7,75.5,100.45,ARM_SWING
10350,0.801,-0.456,-0.228,0.949,-66.9,7.8,65.7,94.09,ARM_SWING
10400,0.791,-0.401,-0.232,0.917,-57.8,14.0,50.6,78.08,ARM_SWING
10450,0.768,-0.367,-0.241,0.885,-33.2,8.1,34.0,48.21,ARM_SWING
10500,0.752,-0.337,-0.271,0.867,-10.7,8.6,5.8,14.90,ARM_SWING
10550,0.745,-0.316,-0.280,0.856,15.1,3.0,-17.5,23.31,ARM_SWING
10600,0.779,-0.370,-0.300,0.913,48.0,-2.4,-51.5,70.44,ARM_SWING
10650,0.815,-0.448,-0.325,0.985,66.8,-4.6,-73.2,99.21,ARM_SWING
10700,0.835,-0.496,-0.325,1.024,85.4,-18.2,-93.6,128.01,ARM_SWING
10750,0.849,-0.550,-0.301,1.055,109.4,-35.5,-103.8,154.93,ARM_SWING
10800,0.890,-0.599,-0.239,1.099,115.2,-47.6,-114.1,168.98,ARM_SWING
10850,0.876,-0.641,-0.194,1.103,101.8,-41.8,-106.9,153.42,ARM_SWING
10900,0.866,-0.666,-0.170,1.106,78.8,-34.9,-100.5,132.39,ARM_SWING
10950,0.873,-0.655,-0.177,1.106,58.2,-28.0,-84.6,106.43,ARM_SWING
11000,0.851,-0.665,-0.220,1.102,50.8,-24.5,-66.5,87.20,ARM_SWING
11050,0.805,-0.649,-0.293,1.075,36.5,-11.8,-46.0,59.90,ARM_SWING
11100,0.739,-0.762,-0.342,1.115,28.9,-12.5,-35.6,47.53,ARM_SWING
11150,0.702,-0.704,-0.391,1.068,33.0,-8.4,0.3,34.05,ARM_SWING
11200,0.732,-0.681,-0.424,1.086,-6.7,-0.5,7.6,10.14,ARM_SWING
11250,0.775,-0.652,-0.372,1.079,6.5,-0.4,30.5,31.19,ARM_SWING
11300,0.798,-0.645,-0.334,1.079,-28.2,0.6,49.7,57.15,ARM_SWING
11350,0.808,-0.623,-0.284,1.059,-48.7,7.4,61.7,78.95,ARM_SWING
11400,0.813,-0.591,-0.260,1.038,-50.9,7.4,70.8,87.51,ARM_SWING
11450,0.804,-0.585,-0.235,1.022,-54.0,12.1,70.3,89.47,ARM_SWING
11500,0.796,-0.582,-0.210,1.008,-49.4,11.8,70.4,86.81,ARM_SWING
11550,0.857,-0.577,-0.214,1.055,-66.2,27.8,67.4,98.48,ARM_SWING
11600,0.878,-0.553,-0.211,1.059,-68.5,25.6,71.3,102.13,ARM_SWING
11650,0.861,-0.517,-0.223,1.029,-66.1,22.9,71.9,100.32,ARM_SWING
11700,0.827,-0.488,-0.211,0.983,-71.0,23.1,72.2,103.86,ARM_SWING
11750,0.813,-0.466,-0.229,0.965,-74.7,28.8,66.1,103.82,ARM_SWING
11800,0.821,-0.412,-0.267,0.957,-66.5,29.5,54.2,90.72,ARM_SWING
11850,0.816,-0.389,-0.301,0.953,-50.8,29.4,43.2,72.88,ARM_SWING
11900,0.806,-0.348,-0.330,0.938,-29.2,24.9,22.4,44.43,ARM_SWING
11950,0.801,-0.340,-0.354,0.939,-3.8,18.2,-7.7,20.12,ARM_SWING
12000,0.828,-0.358,-0.358,0.971,21.2,5.8,-28.2,35.75,ARM_SWING
12050,0.865,-0.381,-0.330,1.001,43.7,-2.4,-47.3,64.44,ARM_SWING
12100,0.854,-0.411,-0.304,0.995,72.7,-15.6,-58.6,94.67,ARM_SWING
12150,0.856,-0.442,-0.264,0.999,83.0,-19.6,-83.2,119.14,ARM_SWING
12200,0.847,-0.489,-0.226,1.004,92.3,-29.8,-98.5,138.24,ARM_SWING
12250,0.853,-0.549,-0.203,1.035,80.7,-24.0,-110.8,139.16,ARM_SWING
12300,0.894,-0.596,-0.197,1.092,77.7,-26.1,-105.5,133.60,ARM_SWING
12350,0.908,-0.630,-0.202,1.123,78.1,-24.2,-88.3,120.34,ARM_SWING
12400,0.868,-0.644,-0.222,1.103,74.7,-34.5,-65.5,105.17,ARM_SWING
12450,0.798,-0.634,-0.268,1.054,51.9,-25.5,-43.7,72.48,ARM_SWING
12500,0.705,-0.641,-0.342,1.012,35.4,-34.9,-25.5,55.87,ARM_SWING
12550,0.685,-0.700,-0.289,1.021,52.3,-12.3,-23.1,58.48,ARM_SWING
12600,0.730,-0.675,-0.367,1.060,10.5,-10.0,3.9,15.02,ARM_SWING
12650,0.776,-0.678,-0.367,1.094,-8.8,-1.6,23.3,24.96,ARM_SWING
12700,0.791,-0.630,-0.339,1.067,-14.7,9.3,43.3,46.66,ARM_SWING
12750,0.781,-0.617,-0.299,1.039,-31.3,14.2,59.8,68.97,ARM_SWING
12800,0.793,-0.607,-0.279,1.037,-60.1,22.1,68.6,93.84,ARM_SWING
12850,0.821,-0.591,-0.263,1.045,-75.3,23.8,75.6,109.32,ARM_SWING
12900,0.842,-0.572,-0.245,1.047,-78.0,28.4,78.4,114.18,ARM_SWING
12950,0.837,-0.579,-0.240,1.046,-74.9,30.3,77.3,111.82,ARM_SWING
13000,0.838,-0.588,-0.233,1.050,-77.6,30.1,75.9,112.64,ARM_SWING
13050,0.851,-0.555,-0.217,1.039,-80.8,28.4,75.7,114.31,ARM_SWING
13100,0.860,-0.543,-0.227,1.042,-77.9,17.6,69.5,105.87,ARM_SWING
13150,0.869,-0.489,-0.241,1.026,-76.3,2.7,67.4,101.84,ARM_SWING
13200,0.855,-0.437,-0.261,0.995,-55.8,-0.4,63.2,84.31,ARM_SWING
13250,0.834,-0.418,-0.261,0.969,-41.9,3.3,46.7,62.83,ARM_SWING
13300,0.806,-0.382,-0.271,0.932,-28.9,1.6,32.8,43.74,ARM_SWING
13350,0.775,-0.344,-0.288,0.895,-15.7,5.3,10.8,19.78,ARM_SWING
13400,0.757,-0.325,-0.314,0.882,7.6,9.5,-20.3,23.67,ARM_SWING
13450,0.760,-0.346,-0.324,0.896,36.6,4.7,-43.6,57.12,ARM_SWING
13500,0.803,-0.410,-0.333,0.961,63.6,-4.4,-73.0,96.92,ARM_SWING
13550,0.855,-0.471,-0.327,1.029,81.3,-11.1,-94.5,125.15,ARM_SWING
13600,0.876,-0.539,-0.311,1.075,103.9,-27.0,-100.3,146.92,ARM_SWING
13650,0.874,-0.584,-0.278,1.087,111.7,-43.2,-105.0,159.27,ARM_SWING
13700,0.854,-0.618,-0.245,1.082,104.0,-38.8,-102.6,151.16,ARM_SWING
13750,0.833,-0.659,-0.219,1.084,97.0,-40.5,-95.2,141.82,ARM_SWING
13800,0.804,-0.713,-0.224,1.098,80.5,-33.6,-78.3,117.22,ARM_SWING
13850,0.776,-0.725,-0.266,1.095,47.5,-19.4,-60.2,79.10,ARM_SWING
13900,0.821,-0.644,-0.254,1.074,46.9,-6.0,-44.2,64.72,ARM_SWING
13950,0.712,-0.708,-0.394,1.079,22.7,0.4,-9.5,24.61,ARM_SWING
14000,0.727,-0.688,-0.391,1.075,-26.0,1.0,9.3,27.63,ARM_SWING
14050,0.755,-0.648,-0.369,1.061,-9.7,3.0,28.2,29.97,ARM_SWING
14100,0.781,-0.633,-0.343,1.062,-21.2,10.9,45.7,51.54,ARM_SWING
14150,0.808,-0.629,-0.295,1.066,-39.6,12.4,61.4,74.11,ARM_SWING
14200,0.830,-0.605,-0.272,1.063,-66.5,26.3,70.1,100.14,ARM_SWING
14250,0.845,-0.589,-0.248,1.059,-75.3,22.0,77.7,110.41,ARM_SWING
14300,0.846,-0.545,-0.223,1.031,-77.3,27.4,75.2,111.27,ARM_SWING
14350,0.843,-0.555,-0.203,1.030,-70.9,27.8,73.8,106.05,ARM_SWING
14400,0.831,-0.566,-0.201,1.025,-82.1,30.7,70.0,112.17,ARM_SWING
14450,0.832,-0.505,-0.221,0.998,-83.9,26.3,65.8,109.82,ARM_SWING
14500,0.837,-0.476,-0.242,0.993,-81.5,11.9,58.8,101.20,ARM_SWING
14550,0.847,-0.440,-0.260,0.989,-62.0,11.5,51.1,81.16,ARM_SWING
14600,0.851,-0.417,-0.264,0.984,-32.3,-3.1,39.6,51.20,ARM_SWING
14650,0.847,-0.407,-0.270,0.978,-8.5,-3.2,24.8,26.41,ARM_SWING
14700,0.817,-0.389,-0.283,0.948,8.8,-9.4,18.3,22.38,ARM_SWING
14750,0.783,-0.360,-0.315,0.918,16.8,-7.9,-4.2,19.03,ARM_SWING
14800,0.764,-0.342,-0.325,0.898,43.9,-5.9,-30.1,53.55,ARM_SWING
14850,0.781,-0.391,-0.326,0.932,63.4,-15.0,-61.6,89.66,ARM_SWING
14900,0.803,-0.453,-0.307,0.972,72.7,-18.8,-86.3,114.40,ARM_SWING
14950,0.839,-0.521,-0.287,1.028,81.5,-26.6,-97.9,130.13,ARM_SWING
15000,0.857,-0.581,-0.269,1.070,77.9,-23.3,-104.7,132.56,ARM_SWING
15050,0.868,-0.605,-0.248,1.087,80.2,-30.1,-96.3,128.89,ARM_SWING
15100,0.866,-0.623,-0.236,1.093,79.9,-32.9,-89.0,124.05,ARM_SWING
15150,0.832,-0.645,-0.237,1.079,68.5,-25.9,-79.3,107.94,ARM_SWING
15200,0.787,-0.661,-0.262,1.061,47.1,-21.0,-62.7,81.18,ARM_SWING
15250,0.756,-0.658,-0.293,1.044,29.4,-11.6,-42.9,53.29,ARM_SWING
15300,0.826,-0.556,-0.373,1.063,23.1,-8.3,-25.6,35.47,ARM_SWING
15350,0.746,-0.647,-0.361,1.051,-2.1,-6.5,7.2,9.92,ARM_SWING
15400,0.761,-0.651,-0.356,1.063,-10.2,6.0,21.2,24.28,ARM_SWING
15450,0.785,-0.630,-0.335,1.061,-7.3,8.9,40.6,42.20,ARM_SWING
15500,0.803,-0.618,-0.310,1.060,-40.4,9.8,58.5,71.77,ARM_SWING
15550,0.827,-0.601,-0.285,1.061,-48.0,20.0,69.4,86.72,ARM_SWING
15600,0.852,-0.585,-0.265,1.067,-71.0,27.4,78.8,109.55,ARM_SWING
15650,0.865,-0.574,-0.255,1.069,-74.6,21.6,82.6,113.38,ARM_SWING
15700,0.861,-0.566,-0.250,1.060,-70.2,17.2,85.1,111.65,ARM_SWING
15750,0.858,-0.575,-0.252,1.063,-68.6,1.8,84.7,109.01,ARM_SWING
15800,0.852,-0.524,-0.244,1.030,-66.9,12.6,75.3,101.51,ARM_SWING
15850,0.840,-0.477,-0.238,0.995,-53.0,-0.8,63.7,82.87,ARM_SWING
15900,0.813,-0.476,-0.225,0.969,-44.3,-1.1,55.3,70.86,ARM_SWING
15950,0.794,-0.450,-0.234,0.942,-37.1,-2.1,42.6,56.53,ARM_SWING
16000,0.786,-0.414,-0.249,0.923,-25.6,15.4,27.7,40.74,ARM_SWING
16050,0.775,-0.387,-0.269,0.907,-9.5,2.8,6.8,12.01,ARM_SWING
16100,0.773,-0.379,-0.295,0.910,11.6,-2.9,-12.1,17.01,ARM_SWING
16150,0.766,-0.403,-0.314,0.921,39.1,0.1,-40.3,56.15,ARM_SWING
16200,0.783,-0.454,-0.329,0.963,52.9,-0.3,-62.8,82.11,ARM_SWING
16250,0.820,-0.579,-0.336,1.059,48.3,-4.3,-72.3,87.06,ARM_SWING
16300,0.827,-0.528,-0.317,1.031,42.7,-19.8,-79.5,92.39,ARM_SWING
16350,0.835,-0.591,-0.335,1.076,79.8,-22.6,-82.4,116.91,ARM_SWING
16400,0.810,-0.660,-0.305,1.088,74.2,-33.9,-82.1,115.74,ARM_SWING
16450,0.755,-0.607,-0.259,1.003,72.2,-35.9,-83.4,116.01,ARM_SWING
16500,0.739,-0.614,-0.237,0.990,64.7,-34.6,-77.9,107.01,ARM_SWING
16550,0.752,-0.593,-0.232,0.985,65.8,-32.7,-75.3,105.21,ARM_SWING
16600,0.771,-0.629,-0.272,1.032,63.9,-16.9,-69.6,95.98,ARM_SWING
16650,0.808,-0.711,-0.372,1.139,51.1,-8.1,-50.8,72.51,ARM_SWING
16700,0.800,-0.643,-0.395,1.100,13.2,0.8,-20.3,24.23,ARM_SWING
16750,0.788,-0.687,-0.397,1.118,19.1,-3.5,1.2,19.46,ARM_SWING
16800,0.779,-0.690,-0.252,1.071,22.3,6.1,25.6,34.49,ARM_SWING
16850,0.784,-0.634,-0.323,1.059,-6.6,8.1,46.9,48.05,ARM_SWING
16900,0.786,-0.723,-0.288,1.106,-26.8,12.1,68.7,74.73,ARM_SWING
16950,0.786,-0.658,-0.236,1.052,-52.7,15.7,77.7,95.19,ARM_SWING
17000,0.777,-0.657,-0.213,1.040,-65.1,26.0,77.9,104.80,ARM_SWING
17050,0.794,-0.622,-0.194,1.027,-73.9,28.2,80.2,112.64,ARM_SWING
17100,0.807,-0.614,-0.180,1.030,-56.3,26.6,77.9,99.73,ARM_SWING
17150,0.814,-0.628,-0.174,1.043,-63.5,29.1,79.0,105.45,ARM_SWING
17200,0.815,-0.578,-0.189,1.017,-63.4,17.0,70.9,96.62,ARM_SWING
17250,0.811,-0.533,-0.192,0.989,-59.6,18.4,60.5,86.90,ARM_SWING
17300,0.815,-0.501,-0.200,0.977,-60.5,11.4,45.6,76.61,ARM_SWING
17350,0.809,-0.464,-0.223,0.959,-62.7,16.1,34.7,73.45,ARM_SWING
17400,0.811,-0.414,-0.262,0.948,-59.0,25.2,35.5,73.32,ARM_SWING
17450,0.823,-0.355,-0.301,0.945,-43.9,14.0,9.5,47.05,ARM_SWING
17500,0.810,-0.312,-0.316,0.924,-8.5,9.5,-14.1,19.01,ARM_SWING
17550,0.803,-0.317,-0.322,0.921,27.2,4.8,-40.8,49.27,ARM_SWING
17600,0.839,-0.374,-0.320,0.973,58.5,-1.0,-70.0,91.23,ARM_SWING
17650,0.882,-0.415,-0.301,1.020,84.2,-14.9,-90.1,124.22,ARM_SWING
17700,0.933,-0.516,-0.287,1.104,106.9,-30.9,-110.0,156.47,ARM_SWING
17750,0.964,-0.612,-0.250,1.169,130.4,-51.3,-106.6,176.07,ARM_SWING
17800,0.888,-0.684,-0.195,1.138,126.1,-57.8,-90.4,165.57,ARM_SWING
17850,0.799,-0.685,-0.168,1.066,100.6,-60.3,-75.5,139.49,ARM_SWING
17900,0.729,-0.678,-0.153,1.007,75.3,-52.2,-71.1,115.97,ARM_SWING
17950,0.699,-0.690,-0.180,0.999,50.2,-37.5,-62.8,88.71,ARM_SWING
18000,0.750,-0.649,-0.223,1.017,11.2,-11.6,-57.4,59.62,ARM_SWING
18050,0.677,-0.688,-0.279,1.005,19.9,5.8,-28.1,34.92,ARM_SWING
18100,0.733,-0.737,-0.386,1.109,-25.4,14.9,-11.7,31.69,ARM_SWING
18150,0.782,-0.722,-0.407,1.139,-19.5,18.4,20.4,33.69,ARM_SWING
18200,0.798,-0.672,-0.353,1.101,2.8,20.6,49.3,53.50,ARM_SWING
18250,0.807,-0.662,-0.365,1.106,-41.4,15.1,67.4,80.53,ARM_SWING
18300,0.822,-0.636,-0.296,1.081,-60.0,14.0,77.1,98.69,ARM_SWING
18350,0.851,-0.612,-0.261,1.080,-66.0,19.1,83.3,107.98,ARM_SWING
18400,0.870,-0.611,-0.224,1.086,-69.2,20.5,86.6,112.73,ARM_SWING
18450,0.870,-0.597,-0.198,1.074,-79.5,19.3,87.7,119.93,ARM_SWING
18500,0.854,-0.561,-0.176,1.037,-67.6,22.1,80.5,107.42,ARM_SWING
18550,0.823,-0.545,-0.174,1.002,-62.2,21.5,77.0,101.29,ARM_SWING
18600,0.790,-0.517,-0.174,0.960,-66.0,22.4,71.4,99.78,ARM_SWING
18650,0.777,-0.488,-0.191,0.937,-72.3,19.9,52.3,91.43,ARM_SWING
18700,0.797,-0.464,-0.229,0.950,-74.8,27.7,37.1,87.97,ARM_SWING
18750,0.833,-0.409,-0.278,0.969,-59.5,20.8,23.4,67.23,ARM_SWING
18800,0.816,-0.358,-0.281,0.934,-27.4,6.3,16.4,32.55,ARM_SWING
18850,0.787,-0.361,-0.306,0.918,4.9,7.0,-5.3,10.05,ARM_SWING
18900,0.783,-0.354,-0.325,0.919,20.6,3.9,-26.4,33.71,ARM_SWING
18950,0.823,-0.377,-0.328,0.963,43.8,6.2,-58.8,73.58,ARM_SWING
19000,0.851,-0.434,-0.316,1.006,68.3,-6.7,-80.0,105.40,ARM_SWING
19050,0.870,-0.504,-0.295,1.048,86.7,-21.3,-90.6,127.20,ARM_SWING
19100,0.889,-0.533,-0.277,1.073,101.4,-33.9,-97.8,144.90,ARM_SWING
19150,0.870,-0.575,-0.244,1.071,114.8,-50.4,-100.3,160.56,ARM_SWING
19200,0.855,-0.628,-0.196,1.079,105.6,-69.9,-97.5,159.82,ARM_SWING
19250,0.848,-0.657,-0.162,1.085,98.0,-50.5,-91.0,142.95,ARM_SWING
19300,0.799,-0.700,-0.142,1.072,80.8,-33.1,-74.4,114.72,ARM_SWING
19350,0.756,-0.742,-0.243,1.087,50.1,-21.1,-46.8,71.73,ARM_SWING
19400,0.677,-0.732,-0.220,1.021,39.4,1.2,-35.4,52.98,ARM_SWING
19450,0.706,-0.693,-0.365,1.054,31.5,3.0,-14.1,34.64,ARM_SWING
19500,0.710,-0.714,-0.407,1.086,7.5,5.6,0.0,9.36,ARM_SWING
19550,0.765,-0.708,-0.376,1.108,15.7,10.9,23.5,30.29,ARM_SWING
19600,0.813,-0.680,-0.336,1.112,-27.5,14.4,52.0,60.56,ARM_SWING
19650,0.836,-0.645,-0.301,1.098,-65.9,15.9,67.8,95.88,ARM_SWING
19700,0.846,-0.619,-0.261,1.080,-65.8,18.7,79.5,104.88,ARM_SWING
19750,0.861,-0.608,-0.217,1.076,-75.1,23.3,81.9,113.54,ARM_SWING
19800,0.879,-0.581,-0.169,1.067,-84.5,20.3,83.5,120.52,ARM_SWING
19850,0.845,-0.566,-0.153,1.028,-63.7,22.3,83.9,107.68,ARM_SWING
19900,0.806,-0.608,-0.167,1.023,-67.6,26.7,79.1,107.42,ARM_SWING
19950,0.798,-0.604,-0.191,1.019,-70.4,25.5,74.2,105.41,ARM_SWING
20000,0.784,-0.582,-0.209,0.999,-60.4,17.0,72.1,95.58,ARM_SWING
20050,0.768,-0.548,-0.236,0.973,-59.5,10.9,60.6,85.62,ARM_SWING
20100,0.764,-0.510,-0.259,0.954,-56.0,10.8,48.3,74.74,ARM_SWING
20150,0.773,-0.467,-0.286,0.947,-40.4,7.9,35.4,54.29,ARM_SWING
20200,0.766,-0.421,-0.303,0.925,-23.3,3.5,19.8,30.78,ARM_SWING
20250,0.757,-0.400,-0.321,0.914,-2.0,3.0,-0.7,3.67,ARM_SWING
20300,0.756,-0.379,-0.329,0.907,21.0,0.1,-28.2,35.16,ARM_SWING
20350,0.750,-0.421,-0.339,0.924,47.1,-3.5,-52.5,70.62,ARM_SWING
20400,0.786,-0.480,-0.335,0.980,70.4,-12.4,-76.1,104.41,ARM_SWING
20450,0.808,-0.562,-0.301,1.029,92.2,-27.3,-91.5,132.73,ARM_SWING
20500,0.804,-0.623,-0.263,1.051,104.0,-40.6,-98.9,149.15,ARM_SWING
20550,0.791,-0.654,-0.223,1.050,97.8,-43.7,-99.6,146.27,ARM_SWING
20600,0.796,-0.680,-0.211,1.068,74.6,-36.8,-97.5,128.16,ARM_SWING
20650,0.787,-0.697,-0.214,1.073,60.5,-30.3,-88.6,111.48,ARM_SWING
20700,0.768,-0.706,-0.241,1.071,48.0,-23.7,-75.0,92.14,ARM_SWING
20750,0.752,-0.716,-0.280,1.075,25.1,-15.7,-59.5,66.46,ARM_SWING
20800,0.758,-0.734,-0.373,1.119,8.2,-6.3,-40.8,42.09,ARM_SWING
20850,0.742,-0.705,-0.347,1.081,-11.9,1.4,-6.3,13.54,ARM_SWING
20900,0.761,-0.691,-0.366,1.091,-28.0,2.7,13.4,31.16,ARM_SWING
20950,0.784,-0.647,-0.348,1.074,-12.8,3.8,36.8,39.15,ARM_SWING
21000,0.786,-0.639,-0.314,1.061,-17.2,9.2,55.6,58.92,ARM_SWING
21050,0.793,-0.610,-0.285,1.040,-46.6,13.2,68.1,83.57,ARM_SWING
21100,0.807,-0.591,-0.255,1.032,-66.8,14.3,75.5,101.82,ARM_SWING
21150,0.837,-0.614,-0.239,1.065,-72.1,17.4,80.4,109.39,ARM_SWING
21200,0.861,-0.634,-0.241,1.096,-67.3,20.7,82.1,108.16,ARM_SWING
21250,0.854,-0.625,-0.247,1.087,-55.7,18.2,85.4,103.57,ARM_SWING
21300,0.823,-0.605,-0.238,1.049,-47.9,12.6,84.6,98.03,ARM_SWING
21350,0.803,-0.585,-0.222,1.018,-56.0,12.8,79.5,98.08,ARM_SWING
21400,0.810,-0.504,-0.234,0.982,-60.3,12.6,67.7,91.53,ARM_SWING
21450,0.812,-0.456,-0.257,0.966,-48.5,8.4,53.3,72.55,ARM_SWING
21500,0.794,-0.394,-0.268,0.926,-27.7,2.0,35.6,45.15,ARM_SWING
21550,0.757,-0.357,-0.281,0.883,-6.5,-1.3,12.1,13.80,ARM_SWING
21600,0.743,-0.351,-0.294,0.873,10.2,-0.7,-16.9,19.75,ARM_SWING
21650,0.761,-0.392,-0.312,0.911,31.0,-3.4,-49.3,58.34,ARM_SWING
21700,0.801,-0.461,-0.325,0.980,53.1,-11.4,-71.7,89.95,ARM_SWING
21750,0.856,-0.542,-0.346,1.071,53.4,-29.4,-86.5,105.82,ARM_SWING
21800,0.839,-0.479,-0.283,1.007,68.8,-41.8,-98.7,127.37,ARM_SWING
21850,0.839,-0.606,-0.286,1.074,77.9,-40.4,-105.0,136.84,ARM_SWING
21900,0.821,-0.633,-0.243,1.065,60.3,-36.8,-105.8,127.22,ARM_SWING
21950,0.806,-0.649,-0.246,1.064,72.6,-35.3,-101.9,130.00,ARM_SWING
22000,0.792,-0.678,-0.258,1.074,65.7,-31.2,-92.4,117.59,ARM_SWING
22050,0.777,-0.674,-0.267,1.063,75.8,-27.3,-75.1,110.14,ARM_SWING
22100,0.787,-0.739,-0.325,1.127,70.8,-17.7,-56.0,91.99,ARM_SWING
22150,0.808,-0.705,-0.492,1.180,57.6,-7.0,-36.1,68.34,ARM_SWING
22200,0.708,-0.678,-0.431,1.071,13.4,10.3,4.8,17.57,ARM_SWING
22250,0.689,-0.633,-0.407,1.020,-19.4,11.4,17.7,28.63,ARM_SWING
22300,0.723,-0.620,-0.395,1.031,7.8,9.7,27.5,30.19,ARM_SWING
22350,0.763,-0.646,-0.333,1.054,-26.3,16.1,38.4,49.25,ARM_SWING
22400,0.790,-0.645,-0.290,1.060,-40.0,18.4,49.4,66.17,ARM_SWING
22450,0.800,-0.658,-0.257,1.067,-58.5,24.4,61.3,88.18,ARM_SWING
22500,0.839,-0.618,-0.242,1.070,-80.3,29.0,72.7,112.14,ARM_SWING
22550,0.875,-0.589,-0.230,1.080,-81.4,29.3,80.4,118.10,ARM_SWING
22600,0.887,-0.543,-0.236,1.066,-85.1,24.1,81.7,120.41,ARM_SWING
22650,0.900,-0.503,-0.230,1.056,-74.4,12.1,82.3,111.60,ARM_SWING
22700,0.890,-0.466,-0.224,1.029,-54.0,0.6,76.7,93.80,ARM_SWING
22750,0.850,-0.435,-0.214,0.979,-43.3,-6.1,64.6,78.01,ARM_SWING
22800,0.813,-0.418,-0.204,0.937,-42.9,-3.2,48.5,64.83,ARM_SWING
22850,0.783,-0.391,-0.229,0.905,-34.4,3.9,29.2,45.29,ARM_SWING
22900,0.770,-0.376,-0.272,0.899,-22.1,7.1,9.5,25.08,ARM_SWING
22950,0.765,-0.366,-0.311,0.903,1.1,7.0,-12.8,14.63,ARM_SWING
23000,0.784,-0.389,-0.334,0.937,26.3,1.0,-35.2,43.95,ARM_SWING
23050,0.802,-0.436,-0.343,0.975,49.0,-5.8,-54.3,73.37,ARM_SWING
23100,0.813,-0.478,-0.322,0.997,75.0,-10.0,-71.4,104.03,ARM_SWING
23150,0.833,-0.536,-0.304,1.036,90.0,-20.7,-86.9,126.81,ARM_SWING
23200,0.824,-0.580,-0.270,1.043,104.1,-32.8,-90.3,141.66,ARM_SWING
23250,0.826,-0.623,-0.230,1.060,96.8,-35.2,-86.3,134.38,ARM_SWING
23300,0.826,-0.645,-0.228,1.073,62.7,-20.9,-78.8,102.85,ARM_SWING
23350,0.817,-0.629,-0.241,1.059,43.4,-14.7,-68.1,82.08,ARM_SWING
23400,0.795,-0.625,-0.262,1.045,35.0,-13.9,-58.3,69.41,ARM_SWING
23450,0.764,-0.643,-0.290,1.040,21.7,-11.2,-45.6,51.73,ARM_SWING
23500,0.783,-0.632,-0.366,1.071,17.3,-7.0,-34.0,38.79,ARM_SWING
23550,0.745,-0.659,-0.335,1.050,-3.9,-2.8,-4.6,6.65,ARM_SWING
23600,0.747,-0.672,-0.352,1.065,-19.3,3.5,13.2,23.64,ARM_SWING
23650,0.771,-0.647,-0.340,1.062,-0.2,6.3,34.0,34.58,ARM_SWING
23700,0.792,-0.642,-0.318,1.068,-26.2,5.6,52.9,59.30,ARM_SWING
23750,0.822,-0.630,-0.292,1.076,-51.5,9.7,63.3,82.18,ARM_SWING
23800,0.840,-0.614,-0.274,1.076,-71.2,9.0,72.8,102.23,ARM_SWING
23850,0.851,-0.586,-0.273,1.069,-75.6,7.3,80.0,110.31,ARM_SWING
23900,0.851,-0.570,-0.262,1.057,-61.8,4.5,80.0,101.19,ARM_SWING
23950,0.845,-0.559,-0.249,1.043,-47.8,2.0,76.0,89.80,ARM_SWING
24000,0.842,-0.550,-0.240,1.034,-41.1,-0.4,70.3,81.43,ARM_SWING
24050,0.826,-0.531,-0.230,1.009,-42.4,-1.2,66.2,78.62,ARM_SWING
24100,0.806,-0.502,-0.234,0.978,-42.7,-0.7,58.1,72.11,ARM_SWING
24150,0.786,-0.471,-0.246,0.949,-33.7,0.0,46.8,57.67,ARM_SWING
24200,0.765,-0.437,-0.271,0.922,-18.7,-0.9,30.7,35.96,ARM_SWING
24250,0.755,-0.417,-0.292,0.911,-3.3,0.2,11.4,11.87,ARM_SWING
24300,0.760,-0.405,-0.324,0.920,10.0,2.1,-8.1,13.04,ARM_SWING
24350,0.759,-0.410,-0.340,0.927,29.9,-2.0,-29.6,42.12,ARM_SWING
24400,0.763,-0.453,-0.334,0.948,49.7,-7.5,-51.1,71.68,ARM_SWING
24450,0.786,-0.501,-0.315,0.984,55.7,-11.6,-69.4,89.74,ARM_SWING
24500,0.792,-0.548,-0.303,1.010,58.3,-15.7,-80.7,100.79,ARM_SWING
24550,0.797,-0.587,-0.287,1.031,54.3,-18.5,-87.2,104.38,ARM_SWING
24600,0.801,-0.594,-0.281,1.036,48.7,-19.3,-92.1,105.96,ARM_SWING
24650,0.805,-0.623,-0.271,1.053,54.1,-24.9,-90.5,108.34,ARM_SWING
24700,0.803,-0.636,-0.256,1.056,59.2,-28.5,-85.2,107.59,ARM_SWING
24750,0.774,-0.676,-0.267,1.062,53.9,-22.9,-73.8,94.21,ARM_SWING
24800,0.737,-0.678,-0.306,1.047,32.6,-11.2,-57.6,67.13,ARM_SWING
24850,0.726,-0.666,-0.363,1.050,15.4,-1.6,-40.5,43.36,ARM_SWING
24900,0.812,-0.577,-0.467,1.100,9.8,4.5,-21.9,24.41,ARM_SWING
24950,0.775,-0.648,-0.407,1.089,-10.5,4.9,8.9,14.61,ARM_SWING
25000,0.792,-0.645,-0.383,1.091,-19.8,6.9,33.4,39.44,ARM_SWING
25050,0.806,-0.614,-0.335,1.067,-16.3,10.2,53.2,56.57,ARM_SWING
25100,0.823,-0.605,-0.306,1.066,-35.0,13.0,69.0,78.45,ARM_SWING
25150,0.835,-0.610,-0.272,1.069,-52.3,17.2,78.4,95.80,ARM_SWING
25200,0.843,-0.609,-0.255,1.071,-63.7,20.1,85.4,108.42,ARM_SWING
25250,0.813,-0.585,-0.237,1.029,-71.6,21.0,83.9,112.28,ARM_SWING
25300,0.813,-0.572,-0.254,1.026,-76.7,21.8,75.1,109.54,ARM_SWING
25350,0.858,-0.542,-0.267,1.049,-79.0,12.4,66.6,104.07,ARM_SWING
25400,0.886,-0.511,-0.267,1.057,-65.7,-5.3,62.4,90.77,ARM_SWING
25450,0.884,-0.483,-0.259,1.040,-55.6,-7.4,55.0,78.56,ARM_SWING
25500,0.868,-0.439,-0.252,1.005,-38.7,-11.6,48.1,62.82,ARM_SWING
25550,0.836,-0.410,-0.253,0.965,-20.8,-12.3,40.2,46.90,ARM_SWING
25600,0.794,-0.366,-0.257,0.911,-5.8,-9.5,26.9,29.11,ARM_SWING
25650,0.750,-0.327,-0.271,0.862,14.6,-5.2,2.9,15.77,ARM_SWING
25700,0.717,-0.317,-0.283,0.833,39.7,-4.4,-30.9,50.50,ARM_SWING
25750,0.722,-0.361,-0.291,0.858,56.0,-1.7,-67.0,87.34,ARM_SWING
25800,0.775,-0.423,-0.291,0.930,68.2,-2.5,-97.0,118.60,ARM_SWING
25850,0.886,-0.557,-0.311,1.092,85.4,-12.1,-115.0,143.75,ARM_SWING
25900,0.945,-0.673,-0.283,1.194,91.1,-26.3,-111.8,146.60,ARM_SWING
25950,0.884,-0.658,-0.244,1.129,92.9,-32.8,-97.0,138.26,ARM_SWING
26000,0.828,-0.649,-0.237,1.078,80.7,-30.9,-86.3,122.13,ARM_SWING
26050,0.789,-0.636,-0.224,1.038,68.1,-28.7,-81.2,109.79,ARM_SWING
26100,0.767,-0.680,-0.238,1.052,60.1,-21.7,-73.0,97.01,ARM_SWING
26150,0.862,-0.603,-0.197,1.070,60.6,-4.6,-71.4,93.76,ARM_SWING
26200,0.718,-0.724,-0.343,1.076,57.7,-0.7,-28.2,64.23,ARM_SWING
26250,0.719,-0.792,-0.389,1.138,3.0,4.3,3.4,6.25,ARM_SWING
26300,0.727,-0.720,-0.374,1.089,-14.3,12.1,29.3,34.78,ARM_SWING
26350,0.777,-0.700,-0.347,1.102,1.0,15.7,51.2,53.56,ARM_SWING
26400,0.821,-0.664,-0.310,1.100,-49.7,14.8,68.3,85.76,ARM_SWING
26450,0.849,-0.682,-0.246,1.116,-54.5,15.4,84.2,101.47,ARM_SWING
26500,0.844,-0.648,-0.207,1.084,-71.2,20.1,92.2,118.21,ARM_SWING
26550,0.822,-0.649,-0.194,1.065,-82.6,26.9,89.6,124.80,ARM_SWING
26600,0.827,-0.708,-0.198,1.107,-82.6,31.0,89.1,125.39,ARM_SWING
26650,0.820,-0.652,-0.195,1.066,-90.9,24.0,86.8,127.96,ARM_SWING
26700,0.833,-0.573,-0.169,1.025,-78.8,8.6,79.4,112.20,ARM_SWING
26750,0.849,-0.535,-0.153,1.015,-71.1,-1.1,68.0,98.39,ARM_SWING
26800,0.862,-0.481,-0.162,1.000,-75.5,0.5,57.1,94.66,ARM_SWING
26850,0.862,-0.424,-0.189,0.979,-59.3,1.8,48.5,76.63,ARM_SWING
26900,0.835,-0.388,-0.215,0.946,-39.4,1.7,37.4,54.35,ARM_SWING
26950,0.787,-0.353,-0.249,0.898,-15.5,3.7,20.5,25.97,ARM_SWING
27000,0.761,-0.335,-0.298,0.883,5.9,13.1,-5.8,15.49,ARM_SWING
27050,0.753,-0.378,-0.325,0.903,24.2,18.7,-33.3,45.21,ARM_SWING
27100,0.777,-0.429,-0.374,0.963,56.4,13.6,-59.4,83.03,ARM_SWING
27150,0.779,-0.514,-0.371,1.004,90.2,-3.3,-84.2,123.44,ARM_SWING
27200,0.797,-0.646,-0.365,1.089,109.2,-27.0,-98.6,149.58,ARM_SWING
27250,0.793,-0.715,-0.311,1.112,118.5,-47.8,-101.7,163.31,ARM_SWING
27300,0.754,-0.727,-0.243,1.075,100.3,-49.6,-95.3,146.98,ARM_SWING
27350,0.776,-0.705,-0.242,1.076,70.5,-42.6,-87.9,120.46,ARM_SWING
27400,0.778,-0.705,-0.210,1.071,64.1,-40.3,-77.1,108.06,ARM_SWING
27450,0.752,-0.698,-0.238,1.053,49.3,-35.7,-63.9,88.25,ARM_SWING
27500,0.732,-0.808,-0.193,1.107,22.7,-8.8,-55.5,60.61,ARM_SWING
27550,0.663,-0.682,-0.399,1.031,35.8,-17.4,-31.3,50.64,ARM_SWING
27600,0.648,-0.729,-0.371,1.044,-20.6,-1.4,-16.8,26.62,ARM_SWING
27650,0.694,-0.737,-0.432,1.101,-0.1,4.9,4.4,6.59,ARM_SWING
27700,0.743,-0.737,-0.387,1.116,29.5,8.3,31.5,43.95,ARM_SWING
27750,0.775,-0.694,-0.352,1.098,-33.7,12.2,52.5,63.57,ARM_SWING
27800,0.807,-0.673,-0.301,1.093,-44.6,12.9,66.4,81.02,ARM_SWING
27850,0.826,-0.649,-0.274,1.086,-69.3,15.6,76.5,104.39,ARM_SWING
27900,0.837,-0.616,-0.250,1.069,-77.3,19.3,81.4,113.90,ARM_SWING
27950,0.836,-0.605,-0.230,1.057,-68.4,23.3,82.6,109.75,ARM_SWING
28000,0.840,-0.558,-0.218,1.032,-57.4,22.8,79.1,100.36,ARM_SWING
28050,0.830,-0.527,-0.211,1.006,-50.2,20.2,70.8,89.11,ARM_SWING
28100,0.822,-0.486,-0.216,0.979,-53.9,13.6,60.1,81.87,ARM_SWING
28150,0.820,-0.454,-0.229,0.965,-54.5,8.9,47.5,72.84,ARM_SWING
28200,0.812,-0.433,-0.235,0.950,-38.0,6.1,35.0,52.02,ARM_SWING
28250,0.798,-0.416,-0.252,0.935,-23.4,7.7,21.2,32.50,ARM_SWING
28300,0.793,-0.400,-0.285,0.933,-11.9,11.2,3.5,16.71,ARM_SWING
28350,0.790,-0.391,-0.315,0.936,0.7,13.0,-14.5,19.49,ARM_SWING
28400,0.801,-0.421,-0.320,0.960,31.0,3.0,-36.4,47.91,ARM_SWING
28450,0.797,-0.467,-0.313,0.975,54.9,-4.4,-54.7,77.62,ARM_SWING
28500,0.806,-0.522,-0.305,1.008,66.9,-11.5,-89.3,112.17,ARM_SWING
28550,0.807,-0.555,-0.296,1.023,76.6,-20.7,-80.5,113.03,ARM_SWING
28600,0.806,-0.593,-0.282,1.040,82.3,-28.2,-85.4,121.91,ARM_SWING
28650,0.800,-0.624,-0.273,1.051,72.5,-23.7,-88.5,116.83,ARM_SWING
28700,0.791,-0.656,-0.284,1.066,59.4,-19.6,-87.6,107.64,ARM_SWING
28750,0.790,-0.684,-0.303,1.088,42.0,-15.1,-79.2,90.91,ARM_SWING
28800,0.755,-0.730,-0.326,1.100,26.5,-9.2,-58.0,64.43,ARM_SWING
28850,0.715,-0.719,-0.343,1.070,8.8,-1.7,-32.7,33.91,ARM_SWING
28900,0.743,-0.700,-0.395,1.095,16.3,-4.6,-9.6,19.47,ARM_SWING
28950,0.719,-0.698,-0.347,1.060,-26.2,-2.8,25.9,36.95,ARM_SWING
29000,0.744,-0.673,-0.303,1.048,-39.1,-0.6,40.4,56.23,ARM_SWING
29050,0.801,-0.684,-0.281,1.090,-24.9,4.4,57.5,62.81,ARM_SWING
29100,0.855,-0.653,-0.247,1.104,-39.5,4.4,74.2,84.17,ARM_SWING
29150,0.871,-0.632,-0.227,1.100,-47.8,7.2,85.9,98.57,ARM_SWING
29200,0.867,-0.612,-0.220,1.084,-64.8,12.6,91.7,112.99,ARM_SWING
29250,0.862,-0.584,-0.221,1.064,-68.6,17.7,93.4,117.23,ARM_SWING
29300,0.871,-0.537,-0.244,1.052,-71.4,19.3,88.6,115.41,ARM_SWING
29350,0.873,-0.482,-0.253,1.029,-74.9,13.5,78.2,109.12,ARM_SWING
29400,0.853,-0.415,-0.256,0.983,-58.9,3.9,64.6,87.51,ARM_SWING
29450,0.824,-0.395,-0.260,0.950,-37.0,-1.1,46.6,59.51,ARM_SWING
29500,0.789,-0.366,-0.266,0.910,-19.8,-3.5,26.6,33.34,ARM_SWING
29550,0.764,-0.339,-0.271,0.879,2.5,-3.0,0.7,3.97,ARM_SWING
29600,0.749,-0.353,-0.285,0.876,33.1,-2.1,-29.1,44.12,ARM_SWING
29650,0.776,-0.425,-0.295,0.933,58.2,-6.0,-57.8,82.24,ARM_SWING
29700,0.811,-0.504,-0.285,0.996,79.3,-14.9,-78.7,112.71,ARM_SWING
29750,0.819,-0.591,-0.287,1.050,95.8,-26.8,-89.9,134.08,ARM_SWING
29800,0.817,-0.629,-0.263,1.064,91.7,-37.1,-97.0,138.54,ARM_SWING
29850,0.816,-0.657,-0.224,1.071,85.3,-41.8,-101.7,139.16,ARM_SWING
29900,0.812,-0.691,-0.213,1.087,71.8,-36.9,-98.4,127.28,ARM_SWING
29950,0.834,-0.705,-0.197,1.110,65.3,-34.9,-89.2,115.93,ARM_SWING
Recording stopped

Samples dumped: 600
