
Recording started
time,accelX,accelY,accelZ,accelMagnitude,gyroX,gyroY,gyroZ,gyroMagnitude,activity
0,0.682,-0.477,-0.378,0.914,28.6,6.9,-64.2,70.62,ARM_SWING
50,0.724,-0.556,-0.371,0.985,40.6,-3.2,-95.6,103.91,ARM_SWING
100,0.801,-0.648,-0.344,1.086,55.1,-4.2,-116.0,128.49,ARM_SWING
150,0.796,-0.701,-0.254,1.091,10.8,1.4,-125.9,126.37,ARM_SWING
200,0.867,-0.713,-0.309,1.164,19.1,12.2,-123.7,125.76,ARM_SWING
250,0.749,-0.678,-0.269,1.045,17.9,5.8,-120.6,122.06,ARM_SWING
300,0.844,-0.711,-0.234,1.128,15.1,-0.1,-105.0,106.08,ARM_SWING
350,0.827,-0.643,-0.157,1.059,7.2,5.4,-91.4,91.84,ARM_SWING
400,0.803,-0.580,-0.276,1.028,-6.6,-4.0,-70.8,71.22,ARM_SWING
450,0.794,-0.772,-0.071,1.110,49.4,15.7,-46.4,69.57,ARM_SWING
500,0.765,-0.563,-0.318,1.002,49.9,12.7,-23.9,56.77,ARM_SWING
550,0.752,-0.553,-0.363,1.002,45.8,3.4,-7.3,46.50,ARM_SWING
600,0.815,-0.582,-0.353,1.062,21.5,-16.3,0.6,26.99,ARM_SWING
650,0.847,-0.590,-0.365,1.095,-10.5,-31.0,19.0,37.85,ARM_SWING
700,0.879,-0.542,-0.338,1.087,-23.0,-29.4,38.8,53.84,ARM_SWING
750,0.805,-0.544,-0.302,1.017,-32.2,-18.1,48.5,60.96,ARM_SWING
800,0.924,-0.534,-0.333,1.118,10.9,-16.5,61.2,64.32,ARM_SWING
850,0.884,-0.527,-0.209,1.050,-42.0,-8.3,78.7,89.59,ARM_SWING
900,0.786,-0.531,-0.176,0.965,-19.6,1.1,81.1,83.44,ARM_SWING
950,0.903,-0.523,-0.222,1.067,-33.5,10.5,77.2,84.81,ARM_SWING
1000,0.952,-0.548,-0.248,1.126,-23.7,2.8,81.9,85.31,ARM_SWING
1050,0.894,-0.544,-0.204,1.066,-14.9,-4.8,91.5,92.83,ARM_SWING
1100,0.812,-0.601,-0.277,1.048,-58.1,-4.2,88.4,105.87,ARM_SWING
1150,0.695,-0.614,-0.264,0.964,-43.7,13.2,88.6,99.67,ARM_SWING
1200,0.618,-0.549,-0.311,0.883,-32.8,8.4,73.2,80.65,ARM_SWING
1250,0.568,-0.539,-0.310,0.842,-19.8,9.5,55.5,59.69,ARM_SWING
1300,0.603,-0.551,-0.381,0.901,-16.8,11.0,45.8,50.01,ARM_SWING
1350,0.625,-0.504,-0.395,0.895,-14.6,11.3,27.0,32.71,ARM_SWING
1400,0.757,-0.487,-0.481,1.021,-1.1,6.1,2.5,6.68,ARM_SWING
1450,0.831,-0.457,-0.506,1.075,-4.9,8.6,-25.9,27.73,ARM_SWING
1500,0.815,-0.478,-0.404,1.028,23.0,-12.6,-58.4,64.02,ARM_SWING
1550,0.802,-0.481,-0.351,0.999,48.2,-21.7,-77.2,93.56,ARM_SWING
1600,0.780,-0.541,-0.294,0.994,60.4,-15.6,-97.4,115.66,ARM_SWING
1650,0.806,-0.591,-0.261,1.033,44.5,-11.7,-108.5,117.85,ARM_SWING
1700,0.832,-0.619,-0.242,1.065,34.7,-4.9,-109.9,115.35,ARM_SWING
1750,0.909,-0.623,-0.273,1.135,28.5,-9.1,-99.9,104.28,ARM_SWING
1800,0.891,-0.671,-0.248,1.143,40.8,-11.1,-80.4,90.84,ARM_SWING
1850,0.804,-0.674,-0.209,1.070,36.6,-10.1,-59.4,70.50,ARM_SWING
1900,0.770,-0.623,-0.219,1.014,23.3,-6.5,-47.7,53.48,ARM_SWING
1950,0.716,-0.586,-0.238,0.955,21.7,-3.7,-40.5,46.10,ARM_SWING
2000,0.626,-0.468,-0.357,0.859,17.6,-9.8,-27.7,34.25,ARM_SWING
2050,0.675,-0.574,-0.327,0.944,30.4,7.5,-10.4,32.99,ARM_SWING
2100,0.780,-0.602,-0.402,1.064,10.5,5.3,-3.1,12.16,ARM_SWING
2150,0.807,-0.607,-0.401,1.087,-7.9,-10.7,16.4,21.12,ARM_SWING
2200,0.848,-0.592,-0.367,1.097,-21.6,-16.5,32.9,42.68,ARM_SWING
2250,0.766,-0.581,-0.315,1.012,-22.6,-16.9,50.6,57.94,ARM_SWING
2300,0.795,-0.595,-0.249,1.024,-29.5,-12.1,60.2,68.12,ARM_SWING
2350,0.859,-0.655,-0.266,1.113,-7.9,-19.7,71.6,74.68,ARM_SWING
2400,0.763,-0.600,-0.233,0.998,-33.9,-6.3,86.4,93.03,ARM_SWING
2450,0.901,-0.559,-0.276,1.096,-81.9,6.3,91.7,123.11,ARM_SWING
2500,0.819,-0.530,-0.278,1.014,-9.8,-4.2,85.8,86.46,ARM_SWING
2550,0.780,-0.544,-0.317,1.002,11.3,8.1,76.4,77.65,ARM_SWING
2600,0.795,-0.531,-0.310,1.005,-16.8,9.2,58.1,61.18,ARM_SWING
2650,0.793,-0.503,-0.257,0.974,-62.8,-7.7,44.5,77.35,ARM_SWING
2700,0.744,-0.499,-0.290,0.942,-25.2,3.6,41.9,49.03,ARM_SWING
2750,0.744,-0.445,-0.314,0.922,-16.4,5.3,28.1,32.96,ARM_SWING
2800,0.746,-0.407,-0.336,0.914,-2.1,7.5,2.5,8.18,ARM_SWING
2850,0.757,-0.421,-0.335,0.929,6.3,9.9,-29.5,31.75,ARM_SWING
2900,0.790,-0.469,-0.364,0.988,19.4,3.9,-52.9,56.48,ARM_SWING
2950,0.799,-0.507,-0.351,1.009,28.8,-1.0,-65.1,71.19,ARM_SWING
3000,0.833,-0.522,-0.307,1.030,27.5,-5.1,-77.5,82.39,ARM_SWING
3050,0.858,-0.517,-0.279,1.040,26.8,-2.2,-91.3,95.18,ARM_SWING
3100,0.853,-0.572,-0.262,1.060,30.5,5.6,-93.9,98.89,ARM_SWING
3150,0.852,-0.583,-0.256,1.064,26.1,2.8,-89.4,93.17,ARM_SWING
3200,0.803,-0.585,-0.232,1.020,24.5,6.7,-80.5,84.41,ARM_SWING
3250,0.835,-0.627,-0.264,1.077,23.3,5.7,-66.5,70.69,ARM_SWING
3300,0.824,-0.554,-0.305,1.039,10.0,3.9,-45.1,46.36,ARM_SWING
3350,0.847,-0.489,-0.307,1.025,30.1,0.9,-27.9,41.05,ARM_SWING
3400,0.809,-0.487,-0.320,0.997,12.1,10.3,-21.0,26.33,ARM_SWING
3450,0.815,-0.354,-0.296,0.937,-4.2,10.0,-14.0,17.71,ARM_SWING
3500,0.820,-0.357,-0.361,0.964,1.9,0.8,-14.7,14.84,ARM_SWING
3550,0.848,-0.445,-0.387,1.033,-4.7,-2.8,-10.9,12.20,ARM_SWING
3600,0.859,-0.508,-0.431,1.087,-4.3,-9.8,4.6,11.65,ARM_SWING
3650,0.866,-0.529,-0.402,1.092,-3.5,-16.3,25.4,30.38,ARM_SWING
3700,0.873,-0.549,-0.345,1.087,-8.0,-25.2,44.1,51.42,ARM_SWING
3750,0.826,-0.516,-0.275,1.012,-12.6,-23.4,59.7,65.35,ARM_SWING
3800,0.828,-0.510,-0.274,1.010,-20.7,-21.4,67.6,73.87,ARM_SWING
3850,0.818,-0.483,-0.240,0.980,-33.3,-20.8,67.7,78.26,ARM_SWING
3900,0.888,-0.463,-0.264,1.036,-24.0,-15.8,65.5,71.53,ARM_SWING
3950,0.860,-0.429,-0.282,1.002,1.9,-19.5,65.7,68.56,ARM_SWING
4000,0.811,-0.526,-0.254,0.999,3.5,-15.5,63.8,65.75,ARM_SWING
4050,0.887,-0.546,-0.259,1.073,-8.4,-9.6,61.6,62.91,ARM_SWING
4100,0.840,-0.531,-0.301,1.038,-25.3,-11.7,64.3,70.08,ARM_SWING
4150,0.782,-0.430,-0.347,0.958,-17.2,-9.7,65.9,68.79,ARM_SWING
4200,0.767,-0.414,-0.390,0.955,-19.4,3.6,47.8,51.71,ARM_SWING
4250,0.722,-0.350,-0.375,0.886,-10.0,5.6,25.0,27.50,ARM_SWING
4300,0.691,-0.344,-0.395,0.867,-3.0,6.0,5.1,8.43,ARM_SWING
4350,0.804,-0.364,-0.399,0.969,4.9,5.1,-35.7,36.39,ARM_SWING
4400,0.833,-0.399,-0.361,0.992,34.8,1.5,-58.5,68.08,ARM_SWING
4450,0.834,-0.485,-0.319,1.016,68.6,4.9,-80.9,106.18,ARM_SWING
4500,0.829,-0.502,-0.294,1.013,47.9,8.7,-92.6,104.62,ARM_SWING
4550,0.851,-0.551,-0.297,1.056,30.5,3.7,-100.4,105.00,ARM_SWING
4600,0.875,-0.569,-0.281,1.081,27.9,-0.2,-100.4,104.20,ARM_SWING
4650,0.869,-0.627,-0.237,1.097,28.4,7.7,-91.3,95.92,ARM_SWING
4700,0.835,-0.583,-0.261,1.051,21.3,11.4,-76.8,80.51,ARM_SWING
4750,0.825,-0.580,-0.199,1.028,11.2,6.5,-58.7,60.11,ARM_SWING
4800,0.826,-0.458,-0.265,0.981,6.6,-0.9,-40.6,41.14,ARM_SWING
4850,0.808,-0.326,-0.335,0.933,19.5,-14.8,-27.8,37.04,ARM_SWING
4900,0.815,-0.371,-0.278,0.938,49.6,3.2,-16.3,52.31,ARM_SWING
4950,0.798,-0.417,-0.340,0.962,51.1,-5.7,-4.4,51.60,ARM_SWING
5000,0.895,-0.447,-0.352,1.061,35.2,-32.9,0.2,48.18,ARM_SWING
5050,0.882,-0.463,-0.349,1.056,29.7,-30.2,17.0,45.64,ARM_SWING
5100,0.879,-0.478,-0.322,1.051,-1.7,-17.9,26.3,31.86,ARM_SWING
5150,0.876,-0.464,-0.265,1.026,-18.5,-13.7,35.2,42.06,ARM_SWING
5200,0.884,-0.534,-0.294,1.074,-21.1,-12.1,43.8,50.10,ARM_SWING
5250,0.893,-0.515,-0.273,1.066,-7.9,-18.1,58.9,62.12,ARM_SWING
5300,0.792,-0.586,-0.208,1.007,-20.0,-0.4,76.6,79.17,ARM_SWING
5350,0.799,-0.575,-0.215,1.008,-57.8,8.8,80.8,99.73,ARM_SWING
5400,0.793,-0.568,-0.225,1.001,-57.5,5.3,82.3,100.54,ARM_SWING
5450,0.755,-0.564,-0.206,0.965,-48.0,12.3,78.7,93.00,ARM_SWING
5500,0.761,-0.555,-0.199,0.963,-39.3,12.3,78.0,88.20,ARM_SWING
5550,0.808,-0.559,-0.294,1.026,-43.1,16.3,70.0,83.81,ARM_SWING
5600,0.848,-0.476,-0.313,1.022,-61.3,16.8,64.9,90.84,ARM_SWING
5650,0.832,-0.448,-0.329,1.001,-31.5,18.6,58.1,68.66,ARM_SWING
5700,0.797,-0.422,-0.403,0.988,-20.7,18.6,42.7,50.97,ARM_SWING
5750,0.778,-0.398,-0.405,0.963,-18.9,15.6,27.2,36.61,ARM_SWING
5800,0.723,-0.388,-0.411,0.918,-4.8,9.8,9.6,14.53,ARM_SWING
5850,0.687,-0.453,-0.403,0.916,10.0,1.9,-9.1,13.65,ARM_SWING
5900,0.715,-0.467,-0.360,0.927,14.1,-2.2,-27.1,30.63,ARM_SWING
5950,0.750,-0.522,-0.381,0.990,27.2,1.1,-37.5,46.34,ARM_SWING
6000,0.790,-0.541,-0.356,1.022,20.7,-4.4,-43.3,48.19,ARM_SWING
6050,0.884,-0.516,-0.350,1.082,23.3,-3.5,-54.5,59.37,ARM_SWING
6100,0.849,-0.555,-0.310,1.061,51.1,-6.9,-61.6,80.33,ARM_SWING
6150,0.859,-0.528,-0.269,1.044,56.7,-7.4,-61.6,84.05,ARM_SWING
6200,0.823,-0.554,-0.245,1.022,38.4,-7.8,-69.4,79.70,ARM_SWING
6250,0.822,-0.561,-0.235,1.023,26.2,-10.5,-74.2,79.39,ARM_SWING
6300,0.830,-0.553,-0.239,1.026,28.9,-11.0,-64.0,71.08,ARM_SWING
6350,0.797,-0.566,-0.248,1.008,43.5,-7.6,-58.8,73.54,ARM_SWING
6400,0.801,-0.538,-0.267,1.001,-7.0,-14.7,-45.3,48.14,ARM_SWING
6450,0.793,-0.487,-0.256,0.965,29.2,-1.0,-41.9,51.08,ARM_SWING
6500,0.779,-0.504,-0.228,0.955,70.4,4.9,-31.0,77.08,ARM_SWING
6550,0.777,-0.489,-0.235,0.948,10.8,-9.3,-27.8,31.24,ARM_SWING
6600,0.765,-0.652,-0.334,1.059,7.1,-7.8,-11.9,15.90,ARM_SWING
6650,0.874,-0.504,-0.315,1.057,2.1,-12.5,-10.9,16.72,ARM_SWING
6700,0.858,-0.555,-0.299,1.065,10.0,-8.0,2.0,12.96,ARM_SWING
6750,0.820,-0.584,-0.321,1.057,-16.4,-9.3,24.2,30.68,ARM_SWING
6800,0.793,-0.563,-0.299,1.017,-34.5,-5.2,43.4,55.69,ARM_SWING
6850,0.812,-0.537,-0.297,1.018,-21.6,-12.4,52.8,58.38,ARM_SWING
6900,0.782,-0.537,-0.242,0.979,-29.4,-10.5,62.1,69.51,ARM_SWING
6950,0.796,-0.526,-0.255,0.988,-37.5,-1.4,66.9,76.71,ARM_SWING
7000,0.823,-0.499,-0.239,0.992,-30.3,-0.7,67.2,73.72,ARM_SWING
7050,0.879,-0.528,-0.245,1.054,-25.6,3.8,66.7,71.55,ARM_SWING
7100,0.892,-0.500,-0.249,1.052,-34.0,3.6,66.8,75.04,ARM_SWING
7150,0.883,-0.506,-0.285,1.057,-59.5,3.5,74.2,95.17,ARM_SWING
7200,0.870,-0.486,-0.328,1.049,-45.6,6.9,74.1,87.28,ARM_SWING
7250,0.840,-0.440,-0.327,1.003,-34.3,2.3,73.3,80.96,ARM_SWING
7300,0.819,-0.392,-0.370,0.980,-14.6,-8.3,60.0,62.31,ARM_SWING
7350,0.791,-0.368,-0.349,0.940,2.8,-2.8,39.5,39.70,ARM_SWING
7400,0.808,-0.345,-0.391,0.962,3.8,1.4,0.9,4.15,ARM_SWING
7450,0.779,-0.364,-0.401,0.949,26.3,-3.9,-33.8,43.00,ARM_SWING
7500,0.807,-0.472,-0.383,1.010,32.2,1.4,-64.9,72.46,ARM_SWING
7550,0.852,-0.478,-0.366,1.043,26.4,2.7,-79.0,83.34,ARM_SWING
7600,0.858,-0.545,-0.320,1.066,45.3,-0.7,-82.8,94.38,ARM_SWING
7650,0.867,-0.548,-0.290,1.066,31.7,3.5,-89.2,94.73,ARM_SWING
7700,0.837,-0.532,-0.281,1.031,31.2,-5.9,-87.0,92.61,ARM_SWING
7750,0.838,-0.533,-0.271,1.029,44.9,-21.0,-84.2,97.71,ARM_SWING
7800,0.825,-0.569,-0.178,1.018,54.7,-23.8,-74.9,95.75,ARM_SWING
7850,0.818,-0.555,-0.266,1.024,56.9,-22.8,-64.4,88.91,ARM_SWING
7900,0.795,-0.522,-0.214,0.975,38.2,-15.8,-49.3,64.34,ARM_SWING
7950,0.784,-0.467,-0.245,0.945,26.0,-14.0,-36.6,47.03,ARM_SWING
8000,0.762,-0.449,-0.163,0.899,-8.2,2.3,-35.7,36.70,ARM_SWING
8050,0.806,-0.453,-0.344,0.986,34.5,9.4,-33.2,48.79,ARM_SWING
8100,0.922,-0.506,-0.374,1.116,23.5,-7.9,-21.3,32.69,ARM_SWING
8150,0.894,-0.585,-0.346,1.123,14.0,-15.7,-2.7,21.21,ARM_SWING
8200,0.832,-0.617,-0.378,1.103,-15.2,-9.4,23.7,29.68,ARM_SWING
8250,0.787,-0.583,-0.350,1.040,-39.9,1.9,49.8,63.84,ARM_SWING
8300,0.825,-0.546,-0.323,1.041,-42.5,16.8,62.3,77.26,ARM_SWING
8350,0.803,-0.518,-0.226,0.982,-27.4,-6.1,76.6,81.58,ARM_SWING
8400,0.897,-0.536,-0.283,1.083,-50.4,-3.1,79.5,94.18,ARM_SWING
8450,0.879,-0.506,-0.206,1.035,-41.0,-2.7,87.7,96.85,ARM_SWING
8500,0.812,-0.495,-0.192,0.970,-33.6,4.8,85.8,92.27,ARM_SWING
8550,0.813,-0.515,-0.192,0.981,-47.4,12.0,70.6,85.88,ARM_SWING
8600,0.837,-0.531,-0.206,1.012,-51.5,18.4,56.0,78.27,ARM_SWING
8650,0.876,-0.490,-0.238,1.032,-59.8,12.6,59.4,85.22,ARM_SWING
8700,0.846,-0.471,-0.274,1.006,-58.2,25.4,58.4,86.27,ARM_SWING
8750,0.787,-0.435,-0.348,0.964,-46.7,24.5,47.6,71.04,ARM_SWING
8800,0.760,-0.378,-0.309,0.903,-29.4,16.6,31.1,45.90,ARM_SWING
8850,0.740,-0.432,-0.403,0.947,-10.3,6.5,16.2,20.27,ARM_SWING
8900,0.772,-0.456,-0.410,0.986,1.7,9.2,-2.5,9.68,ARM_SWING
8950,0.817,-0.468,-0.421,1.031,8.8,2.5,-17.2,19.48,ARM_SWING
9000,0.790,-0.498,-0.400,1.016,23.4,0.4,-29.1,37.34,ARM_SWING
9050,0.775,-0.461,-0.329,0.960,19.0,-2.8,-30.6,36.13,ARM_SWING
9100,0.837,-0.465,-0.326,1.011,30.1,-4.5,-39.5,49.86,ARM_SWING
9150,0.904,-0.470,-0.359,1.080,28.7,1.3,-53.3,60.55,ARM_SWING
9200,0.905,-0.465,-0.311,1.064,42.7,-12.5,-58.4,73.42,ARM_SWING
9250,0.888,-0.467,-0.308,1.050,46.3,-20.4,-61.6,79.71,ARM_SWING
9300,0.845,-0.510,-0.252,1.019,39.0,-13.0,-62.1,74.47,ARM_SWING
9350,0.826,-0.507,-0.227,0.995,30.7,-7.9,-73.0,79.59,ARM_SWING
9400,0.823,-0.531,-0.213,1.002,33.3,-5.7,-69.0,76.83,ARM_SWING
9450,0.826,-0.533,-0.204,1.004,31.2,-7.2,-64.8,72.28,ARM_SWING
9500,0.809,-0.510,-0.199,0.977,36.2,-1.4,-59.3,69.49,ARM_SWING
9550,0.793,-0.484,-0.219,0.954,31.7,0.0,-43.7,53.99,ARM_SWING
9600,0.792,-0.440,-0.256,0.941,26.8,5.3,-37.2,46.15,ARM_SWING
9650,0.780,-0.415,-0.299,0.933,24.7,7.7,-22.8,34.49,ARM_SWING
9700,0.783,-0.460,-0.367,0.979,9.1,-1.1,-21.2,23.10,ARM_SWING
9750,0.837,-0.518,-0.353,1.046,16.5,6.5,-6.7,18.96,ARM_SWING
9800,0.921,-0.562,-0.397,1.150,5.8,-0.1,-0.4,5.81,ARM_SWING
9850,0.913,-0.591,-0.366,1.148,-1.6,-20.3,27.3,34.06,ARM_SWING
9900,0.860,-0.560,-0.348,1.084,2.3,-26.8,51.8,58.37,ARM_SWING
9950,0.793,-0.552,-0.325,1.019,-0.6,-19.3,65.5,68.29,ARM_SWING
10000,0.886,-0.490,-0.341,1.068,-30.9,-17.9,68.1,76.89,ARM_SWING
10050,0.874,-0.502,-0.235,1.035,-6.5,-23.7,71.1,75.23,ARM_SWING
10100,0.789,-0.538,-0.235,0.983,-64.1,-24.7,77.6,103.64,ARM_SWING
10150,0.810,-0.531,-0.228,0.995,-66.7,-4.2,71.3,97.73,ARM_SWING
10200,0.807,-0.547,-0.213,0.998,-18.8,12.6,68.3,71.95,ARM_SWING
10250,0.793,-0.520,-0.232,0.976,-35.7,31.0,62.3,78.21,ARM_SWING
10300,0.765,-0.492,-0.253,0.944,-44.3,22.1,57.7,76.03,ARM_SWING
10350,0.754,-0.496,-0.279,0.945,-41.6,18.0,48.8,66.60,ARM_SWING
10400,0.748,-0.497,-0.284,0.942,-48.6,16.3,43.7,67.36,ARM_SWING
10450,0.704,-0.513,-0.357,0.941,-24.0,8.9,39.8,47.32,ARM_SWING
10500,0.739,-0.492,-0.388,0.969,-14.1,16.2,28.5,35.69,ARM_SWING
10550,0.772,-0.474,-0.437,1.006,-7.7,13.5,17.7,23.55,ARM_SWING
10600,0.808,-0.474,-0.423,1.028,-6.1,4.2,1.3,7.52,ARM_SWING
10650,0.821,-0.477,-0.400,1.030,13.6,3.2,-16.5,21.62,ARM_SWING
10700,0.860,-0.473,-0.332,1.036,25.7,0.3,-29.4,39.05,ARM_SWING
10750,0.803,-0.471,-0.291,0.975,35.2,-6.4,-44.3,56.94,ARM_SWING
10800,0.790,-0.486,-0.269,0.966,47.8,-5.5,-56.4,74.14,ARM_SWING
10850,0.806,-0.495,-0.266,0.983,46.9,-5.9,-64.4,79.89,ARM_SWING
10900,0.841,-0.496,-0.267,1.012,48.6,-13.9,-78.1,93.03,ARM_SWING
10950,0.853,-0.527,-0.225,1.028,47.7,-21.2,-81.6,96.87,ARM_SWING
11000,0.853,-0.565,-0.209,1.044,50.7,-24.7,-77.9,96.17,ARM_SWING
11050,0.883,-0.583,-0.243,1.086,36.1,-12.1,-69.8,79.51,ARM_SWING
11100,0.810,-0.525,-0.240,0.995,26.7,-9.8,-60.1,66.49,ARM_SWING
11150,0.762,-0.493,-0.193,0.928,5.8,-9.3,-44.5,45.83,ARM_SWING
11200,0.759,-0.477,-0.274,0.937,46.2,3.0,-49.1,67.49,ARM_SWING
11250,0.812,-0.491,-0.288,0.992,7.3,4.2,-49.1,49.82,ARM_SWING
11300,0.842,-0.501,-0.355,1.042,42.2,4.0,-40.6,58.70,ARM_SWING
11350,0.883,-0.580,-0.494,1.166,57.1,-5.5,-25.5,62.78,ARM_SWING
11400,0.828,-0.612,-0.466,1.130,71.2,-43.1,-2.5,83.27,ARM_SWING
11450,0.741,-0.663,-0.394,1.070,40.5,-42.7,28.9,65.56,ARM_SWING
11500,0.720,-0.634,-0.322,1.012,-18.8,-22.7,45.9,54.55,ARM_SWING
11550,0.843,-0.575,-0.308,1.066,-31.8,-6.5,50.2,59.78,ARM_SWING
11600,0.816,-0.587,-0.217,1.028,-18.4,-2.5,72.1,74.45,ARM_SWING
11650,0.842,-0.560,-0.229,1.037,-24.0,7.1,84.9,88.51,ARM_SWING
11700,0.851,-0.521,-0.239,1.026,-35.2,14.1,94.7,102.01,ARM_SWING
11750,0.915,-0.505,-0.240,1.072,-29.5,7.2,92.6,97.45,ARM_SWING
11800,0.855,-0.580,-0.228,1.058,-7.9,7.9,96.1,96.75,ARM_SWING
11850,0.719,-0.543,-0.246,0.934,-31.9,19.1,90.7,98.03,ARM_SWING
11900,0.654,-0.528,-0.249,0.877,-47.4,27.6,70.4,89.25,ARM_SWING
11950,0.681,-0.555,-0.295,0.927,-27.2,30.8,58.7,71.65,ARM_SWING
12000,0.742,-0.558,-0.342,0.989,-31.5,27.0,42.4,59.32,ARM_SWING
12050,0.863,-0.519,-0.414,1.089,-17.8,23.1,20.5,35.65,ARM_SWING
12100,0.871,-0.474,-0.429,1.080,-8.3,11.9,-1.6,14.60,ARM_SWING
12150,0.764,-0.427,-0.387,0.957,7.9,6.4,-24.4,26.43,ARM_SWING
12200,0.744,-0.421,-0.364,0.929,6.3,6.1,-49.3,50.07,ARM_SWING
12250,0.760,-0.447,-0.287,0.927,7.7,12.3,-74.7,76.10,ARM_SWING
12300,0.823,-0.488,-0.282,0.997,29.0,16.1,-98.9,104.31,ARM_SWING
12350,0.847,-0.553,-0.257,1.044,26.2,7.8,-104.5,108.02,ARM_SWING
12400,0.888,-0.691,-0.221,1.147,-25.2,0.0,-98.4,101.58,ARM_SWING
12450,0.847,-0.601,-0.261,1.071,-71.1,8.2,-83.6,110.05,ARM_SWING
12500,0.831,-0.447,-0.234,0.972,-27.5,9.2,-72.4,77.99,ARM_SWING
12550,0.844,-0.471,-0.251,0.999,3.2,13.9,-58.2,59.92,ARM_SWING
12600,0.853,-0.398,-0.200,0.962,-6.3,3.5,-44.3,44.88,ARM_SWING
12650,0.828,-0.362,-0.264,0.941,21.2,9.8,-37.9,44.52,ARM_SWING
12700,0.778,-0.369,-0.306,0.914,19.0,10.8,-36.0,42.11,ARM_SWING
12750,0.863,-0.400,-0.382,1.025,61.4,5.4,-25.9,66.86,ARM_SWING
12800,0.939,-0.510,-0.411,1.145,36.3,-0.3,-14.0,38.91,ARM_SWING
12850,0.991,-0.659,-0.446,1.271,0.4,-19.3,3.3,19.58,ARM_SWING
12900,0.873,-0.571,-0.407,1.120,1.8,-21.8,33.0,39.59,ARM_SWING
12950,0.776,-0.560,-0.388,1.033,0.1,-14.6,63.2,64.86,ARM_SWING
13000,0.829,-0.561,-0.340,1.057,-28.9,-12.8,77.1,83.33,ARM_SWING
13050,0.908,-0.483,-0.292,1.069,-28.7,-30.5,83.8,93.68,ARM_SWING
13100,0.859,-0.522,-0.256,1.037,-2.7,-23.8,87.2,90.43,ARM_SWING
13150,0.861,-0.583,-0.264,1.073,6.7,-13.0,99.7,100.77,ARM_SWING
13200,0.904,-0.600,-0.267,1.117,-4.2,-8.7,108.4,108.83,ARM_SWING
13250,0.845,-0.593,-0.281,1.070,-58.5,-6.3,100.8,116.72,ARM_SWING
13300,0.769,-0.490,-0.291,0.957,-45.9,-2.1,99.4,109.51,ARM_SWING
13350,0.711,-0.401,-0.266,0.859,-25.3,1.7,77.3,81.35,ARM_SWING
13400,0.669,-0.405,-0.279,0.830,-24.0,13.3,48.3,55.55,ARM_SWING
13450,0.663,-0.388,-0.344,0.842,-16.8,20.7,18.6,32.51,ARM_SWING
13500,0.679,-0.420,-0.346,0.870,-15.7,24.2,-2.5,28.95,ARM_SWING
13550,0.731,-0.430,-0.371,0.926,-17.0,21.2,-29.8,40.33,ARM_SWING
13600,0.827,-0.466,-0.376,1.021,2.0,13.1,-50.0,51.73,ARM_SWING
13650,0.912,-0.502,-0.341,1.095,19.3,6.6,-73.5,76.28,ARM_SWING
13700,0.893,-0.527,-0.329,1.088,33.7,9.4,-86.3,93.12,ARM_SWING
13750,0.869,-0.511,-0.289,1.049,45.9,0.3,-88.5,99.70,ARM_SWING
13800,0.846,-0.553,-0.207,1.032,53.3,-1.9,-93.1,107.29,ARM_SWING
13850,0.844,-0.551,-0.281,1.046,34.2,5.1,-91.1,97.44,ARM_SWING
13900,0.866,-0.569,-0.270,1.071,45.6,-0.5,-91.4,102.14,ARM_SWING
13950,0.857,-0.621,-0.250,1.087,44.5,0.5,-70.5,83.37,ARM_SWING
14000,0.853,-0.640,-0.242,1.094,27.1,-2.7,-45.2,52.77,ARM_SWING
14050,0.826,-0.544,-0.206,1.010,50.7,13.4,-30.5,60.67,ARM_SWING
14100,0.765,-0.503,-0.203,0.938,41.0,8.3,-25.8,49.15,ARM_SWING
14150,0.785,-0.422,-0.283,0.935,63.9,9.0,-7.2,64.93,ARM_SWING
14200,0.792,-0.423,-0.365,0.969,36.0,13.7,1.0,38.53,ARM_SWING
14250,0.832,-0.476,-0.377,1.030,3.5,-3.7,-1.1,5.21,ARM_SWING
14300,0.949,-0.509,-0.351,1.133,-15.6,-11.4,0.0,19.32,ARM_SWING
14350,0.963,-0.545,-0.311,1.149,-17.1,-16.6,19.1,30.54,ARM_SWING
14400,0.858,-0.575,-0.299,1.075,-24.9,-10.9,31.7,41.76,ARM_SWING
14450,0.844,-0.530,-0.272,1.033,-27.7,-15.4,43.6,53.90,ARM_SWING
14500,0.779,-0.501,-0.247,0.959,-21.7,-21.1,54.7,62.52,ARM_SWING
14550,0.802,-0.498,-0.210,0.967,-16.9,-24.5,53.5,61.22,ARM_SWING
14600,0.833,-0.518,-0.153,0.993,-8.7,-24.0,56.0,61.54,ARM_SWING
14650,0.827,-0.558,-0.109,1.004,7.4,-5.7,54.4,55.20,ARM_SWING
14700,0.810,-0.558,-0.168,0.998,-3.9,4.2,67.0,67.24,ARM_SWING
14750,0.798,-0.570,-0.244,1.011,-52.5,4.6,67.1,85.32,ARM_SWING
14800,0.837,-0.526,-0.285,1.029,-51.5,13.2,61.6,81.37,ARM_SWING
14850,0.815,-0.517,-0.355,1.028,-32.1,8.1,61.6,69.93,ARM_SWING
14900,0.806,-0.496,-0.394,1.025,-27.2,4.5,56.9,63.23,ARM_SWING
14950,0.789,-0.403,-0.389,0.968,-19.6,1.7,49.5,53.27,ARM_SWING
15000,0.812,-0.401,-0.318,0.960,-13.0,2.5,29.3,32.15,ARM_SWING
15050,0.808,-0.379,-0.351,0.959,-0.8,-0.7,-2.5,2.72,ARM_SWING
15100,0.813,-0.362,-0.329,0.949,12.0,-3.2,-33.7,35.92,ARM_SWING
15150,0.761,-0.444,-0.294,0.929,31.9,0.6,-63.0,70.62,ARM_SWING
15200,0.810,-0.506,-0.289,0.998,39.3,-1.7,-81.3,90.32,ARM_SWING
15250,0.821,-0.547,-0.246,1.017,45.0,-3.6,-91.9,102.39,ARM_SWING
15300,0.846,-0.623,-0.211,1.072,45.7,-8.3,-92.7,103.69,ARM_SWING
15350,0.898,-0.639,-0.159,1.114,33.9,-8.6,-84.9,91.82,ARM_SWING
15400,0.882,-0.605,-0.181,1.085,31.5,5.6,-71.9,78.70,ARM_SWING
15450,0.835,-0.528,-0.219,1.012,26.6,16.4,-55.6,63.78,ARM_SWING
15500,0.774,-0.522,-0.230,0.961,37.8,-6.4,-40.3,55.62,ARM_SWING
15550,0.761,-0.509,-0.221,0.942,32.2,-12.4,-34.1,48.51,ARM_SWING
15600,0.748,-0.558,-0.295,0.979,28.3,-5.7,-28.2,40.36,ARM_SWING
15650,0.783,-0.565,-0.321,1.018,1.0,-8.2,-16.7,18.63,ARM_SWING
15700,0.801,-0.569,-0.305,1.029,15.0,-3.1,-7.8,17.19,ARM_SWING
15750,0.853,-0.575,-0.331,1.081,-10.1,-5.6,8.2,14.16,ARM_SWING
15800,0.833,-0.563,-0.291,1.047,-32.6,1.7,27.1,42.43,ARM_SWING
15850,0.804,-0.558,-0.295,1.022,-52.8,11.8,32.2,62.96,ARM_SWING
15900,0.931,-0.512,-0.296,1.103,-53.8,-8.1,45.4,70.86,ARM_SWING
15950,0.842,-0.539,-0.223,1.024,-28.1,-7.1,63.0,69.35,ARM_SWING
16000,0.796,-0.534,-0.249,0.990,-53.4,2.3,65.6,84.62,ARM_SWING
16050,0.813,-0.505,-0.193,0.976,-41.6,7.3,60.2,73.54,ARM_SWING
16100,0.871,-0.542,-0.261,1.059,-15.6,-0.2,69.5,71.23,ARM_SWING
16150,0.869,-0.525,-0.251,1.046,-15.6,-4.4,71.4,73.22,ARM_SWING
16200,0.860,-0.569,-0.288,1.071,-60.8,-6.5,64.0,88.51,ARM_SWING
16250,0.850,-0.484,-0.305,1.025,-39.6,-5.8,73.9,84.04,ARM_SWING
16300,0.822,-0.433,-0.312,0.980,-16.1,-3.4,62.1,64.24,ARM_SWING
16350,0.810,-0.412,-0.323,0.964,-9.7,0.0,48.9,49.85,ARM_SWING
16400,0.800,-0.350,-0.336,0.936,-14.2,2.3,23.5,27.55,ARM_SWING
16450,0.776,-0.370,-0.345,0.926,-17.8,7.4,-7.7,20.76,ARM_SWING
16500,0.824,-0.378,-0.344,0.970,11.4,-3.3,-41.5,43.16,ARM_SWING
16550,0.848,-0.434,-0.298,0.998,50.6,-22.6,-62.6,83.61,ARM_SWING
16600,0.826,-0.489,-0.307,1.008,55.3,-19.3,-80.5,99.55,ARM_SWING
16650,0.815,-0.555,-0.232,1.013,67.4,-8.8,-88.4,111.51,ARM_SWING
16700,0.822,-0.569,-0.240,1.028,39.4,0.4,-98.3,105.90,ARM_SWING
16750,0.854,-0.572,-0.247,1.057,13.2,1.4,-100.7,101.57,ARM_SWING
16800,0.873,-0.586,-0.283,1.089,7.0,-3.0,-95.4,95.70,ARM_SWING
16850,0.876,-0.596,-0.286,1.097,12.3,-9.8,-75.3,76.92,ARM_SWING
16900,0.829,-0.594,-0.273,1.056,20.0,-9.8,-45.5,50.66,ARM_SWING
16950,0.716,-0.419,-0.395,0.919,28.2,-31.6,-19.3,46.54,ARM_SWING
17000,0.721,-0.464,-0.273,0.900,45.6,-6.9,-13.2,47.97,ARM_SWING
17050,0.779,-0.486,-0.338,0.978,32.6,-0.4,-11.6,34.60,ARM_SWING
17100,0.862,-0.514,-0.385,1.075,2.9,-16.3,-11.4,20.10,ARM_SWING
17150,0.851,-0.559,-0.378,1.086,-8.1,-18.0,5.2,20.41,ARM_SWING
17200,0.776,-0.570,-0.368,1.031,-20.5,-7.1,31.2,38.00,ARM_SWING
17250,0.762,-0.533,-0.316,0.982,-40.1,10.0,43.5,60.00,ARM_SWING
17300,0.806,-0.481,-0.333,0.996,-45.0,-0.6,48.0,65.80,ARM_SWING
17350,0.756,-0.555,-0.253,0.971,-29.6,0.4,58.1,65.21,ARM_SWING
17400,0.815,-0.535,-0.297,1.019,-40.1,16.8,72.9,84.88,ARM_SWING
17450,0.876,-0.511,-0.284,1.053,-44.8,6.7,83.0,94.56,ARM_SWING
17500,0.933,-0.457,-0.312,1.085,-56.2,2.3,80.1,97.88,ARM_SWING
17550,0.920,-0.459,-0.299,1.071,-58.8,-11.8,71.9,93.63,ARM_SWING
17600,0.836,-0.446,-0.296,0.993,-35.7,-8.4,72.2,80.98,ARM_SWING
17650,0.776,-0.413,-0.287,0.925,-16.7,-10.0,66.9,69.67,ARM_SWING
17700,0.772,-0.411,-0.281,0.919,-7.4,1.2,59.4,59.87,ARM_SWING
17750,0.811,-0.406,-0.336,0.967,-20.0,12.6,44.1,50.04,ARM_SWING
17800,0.869,-0.345,-0.380,1.009,-10.8,24.2,5.9,27.15,ARM_SWING
17850,0.811,-0.387,-0.385,0.978,2.3,6.0,-22.8,23.69,ARM_SWING
17900,0.822,-0.409,-0.351,0.983,26.0,-5.1,-42.1,49.74,ARM_SWING
17950,0.823,-0.429,-0.329,0.985,43.0,-3.7,-63.2,76.53,ARM_SWING
18000,0.838,-0.501,-0.337,1.033,51.9,17.0,-81.6,98.19,ARM_SWING
18050,0.827,-0.520,-0.314,1.026,25.9,27.0,-87.9,95.53,ARM_SWING
18100,0.857,-0.510,-0.313,1.045,18.1,10.5,-95.2,97.47,ARM_SWING
18150,0.855,-0.534,-0.269,1.043,15.4,3.2,-87.9,89.30,ARM_SWING
18200,0.870,-0.547,-0.273,1.063,23.2,1.4,-82.1,85.33,ARM_SWING
18250,0.852,-0.566,-0.342,1.079,1.2,-7.0,-65.2,65.59,ARM_SWING
18300,0.829,-0.545,-0.301,1.037,15.6,-2.3,-42.8,45.61,ARM_SWING
18350,0.791,-0.569,-0.300,1.020,29.1,8.1,-19.8,36.12,ARM_SWING
18400,0.763,-0.444,-0.311,0.936,17.0,-5.6,-5.3,18.67,ARM_SWING
18450,0.770,-0.517,-0.350,0.991,17.4,-22.8,16.5,33.09,ARM_SWING
18500,0.861,-0.536,-0.348,1.072,-13.7,-13.0,25.6,31.81,ARM_SWING
18550,0.897,-0.564,-0.324,1.108,-17.5,-21.2,35.3,44.74,ARM_SWING
18600,0.911,-0.510,-0.363,1.105,-32.2,-23.1,54.0,66.98,ARM_SWING
18650,0.842,-0.491,-0.338,1.032,-26.6,-22.3,66.9,75.37,ARM_SWING
18700,0.761,-0.470,-0.289,0.940,-14.7,-8.6,77.9,79.74,ARM_SWING
18750,0.799,-0.531,-0.315,1.010,-11.2,6.8,80.4,81.46,ARM_SWING
18800,0.822,-0.549,-0.304,1.034,-29.5,5.6,85.2,90.34,ARM_SWING
18850,0.821,-0.561,-0.332,1.048,-56.5,-5.8,73.8,93.13,ARM_SWING
18900,0.787,-0.520,-0.356,1.008,-34.1,-8.6,83.1,90.24,ARM_SWING
18950,0.801,-0.464,-0.338,0.985,-23.3,-5.1,71.0,74.90,ARM_SWING
19000,0.799,-0.404,-0.352,0.962,-11.2,-6.4,56.2,57.66,ARM_SWING
19050,0.805,-0.376,-0.358,0.958,-3.9,-9.3,36.0,37.39,ARM_SWING
19100,0.781,-0.397,-0.398,0.962,5.8,3.9,4.4,8.26,ARM_SWING
19150,0.746,-0.385,-0.405,0.932,3.5,4.9,-25.6,26.30,ARM_SWING
19200,0.776,-0.425,-0.361,0.956,28.0,-4.6,-54.8,61.71,ARM_SWING
19250,0.771,-0.473,-0.324,0.961,39.8,6.9,-77.5,87.40,ARM_SWING
19300,0.773,-0.476,-0.250,0.942,31.3,16.0,-94.4,100.73,ARM_SWING
19350,0.811,-0.495,-0.293,0.994,38.1,16.3,-105.1,112.97,ARM_SWING
19400,0.843,-0.540,-0.296,1.044,29.8,8.9,-106.6,111.04,ARM_SWING
19450,0.865,-0.577,-0.304,1.083,25.4,6.0,-104.4,107.61,ARM_SWING
19500,0.903,-0.648,-0.328,1.159,22.6,1.3,-76.5,79.78,ARM_SWING
19550,0.901,-0.650,-0.302,1.151,3.9,-0.2,-49.6,49.75,ARM_SWING
19600,0.832,-0.527,-0.292,1.027,-4.6,-3.2,-20.5,21.25,ARM_SWING
19650,0.734,-0.448,-0.284,0.906,9.2,1.2,-11.5,14.78,ARM_SWING
19700,0.774,-0.482,-0.334,0.971,-16.7,0.7,-14.0,21.80,ARM_SWING
19750,0.862,-0.499,-0.367,1.061,16.7,5.6,-2.8,17.84,ARM_SWING
19800,0.870,-0.543,-0.378,1.093,17.7,-4.4,15.5,23.94,ARM_SWING
19850,0.813,-0.526,-0.352,1.030,-12.8,-19.3,38.7,45.10,ARM_SWING
19900,0.832,-0.517,-0.380,1.051,-30.1,-16.1,49.6,60.21,ARM_SWING
19950,0.835,-0.491,-0.344,1.028,-18.6,-17.2,58.0,63.29,ARM_SWING
20000,0.823,-0.480,-0.359,1.018,-10.9,-16.8,63.1,66.20,ARM_SWING
20050,0.830,-0.465,-0.310,1.001,-18.7,-15.1,61.1,65.66,ARM_SWING
20100,0.822,-0.498,-0.326,1.015,15.8,-4.7,62.5,64.64,ARM_SWING
20150,0.830,-0.499,-0.340,1.026,-5.8,-10.2,62.0,63.10,ARM_SWING
20200,0.800,-0.530,-0.304,1.007,-35.6,-19.1,56.7,69.62,ARM_SWING
20250,0.796,-0.498,-0.329,0.995,-14.0,-21.3,56.5,61.98,ARM_SWING
20300,0.760,-0.488,-0.329,0.961,-5.3,-14.8,54.4,56.63,ARM_SWING
20350,0.746,-0.490,-0.324,0.950,-5.3,-8.6,50.9,51.89,ARM_SWING
20400,0.765,-0.429,-0.345,0.942,-8.8,3.9,31.1,32.56,ARM_SWING
20450,0.762,-0.374,-0.381,0.930,-10.7,5.9,2.7,12.51,ARM_SWING
20500,0.726,-0.389,-0.345,0.893,10.2,3.5,-23.5,25.86,ARM_SWING
20550,0.773,-0.394,-0.353,0.937,21.1,4.9,-50.5,54.95,ARM_SWING
20600,0.796,-0.435,-0.345,0.970,42.2,5.1,-70.3,82.15,ARM_SWING
20650,0.818,-0.468,-0.324,0.997,38.1,13.3,-86.3,95.27,ARM_SWING
20700,0.845,-0.503,-0.322,1.035,32.9,14.4,-95.7,102.22,ARM_SWING
20750,0.857,-0.543,-0.326,1.066,20.8,12.1,-96.2,99.16,ARM_SWING
20800,0.866,-0.537,-0.335,1.073,25.2,4.5,-84.4,88.20,ARM_SWING
20850,0.861,-0.544,-0.351,1.077,47.2,-2.1,-73.0,86.96,ARM_SWING
20900,0.868,-0.530,-0.288,1.057,74.9,-14.2,-56.8,95.07,ARM_SWING
20950,0.826,-0.501,-0.227,0.992,50.3,-12.3,-35.2,62.61,ARM_SWING
21000,0.805,-0.484,-0.254,0.973,44.7,-1.1,-22.1,49.88,ARM_SWING
21050,0.780,-0.473,-0.323,0.968,2.1,-4.3,-14.4,15.17,ARM_SWING
21100,0.813,-0.455,-0.302,0.979,5.1,-9.2,-11.0,15.22,ARM_SWING
21150,0.902,-0.529,-0.281,1.083,1.6,-8.0,-2.1,8.42,ARM_SWING
21200,0.891,-0.558,-0.291,1.091,-12.6,-4.7,17.5,22.07,ARM_SWING
21250,0.843,-0.516,-0.273,1.025,-41.4,1.1,34.2,53.71,ARM_SWING
21300,0.865,-0.482,-0.295,1.033,-38.2,-3.5,44.8,58.98,ARM_SWING
21350,0.840,-0.505,-0.286,1.021,-32.9,-8.9,58.8,67.96,ARM_SWING
21400,0.818,-0.506,-0.288,1.004,-27.7,-3.9,66.0,71.68,ARM_SWING
21450,0.831,-0.495,-0.290,1.010,-28.0,0.0,61.8,67.85,ARM_SWING
21500,0.847,-0.493,-0.297,1.024,-23.1,-4.3,60.3,64.72,ARM_SWING
21550,0.849,-0.523,-0.297,1.040,-21.8,-7.2,64.8,68.75,ARM_SWING
21600,0.849,-0.523,-0.330,1.050,-29.2,-9.5,88.4,93.58,ARM_SWING
21650,0.854,-0.505,-0.312,1.040,-37.0,-15.1,71.2,81.65,ARM_SWING
21700,0.807,-0.473,-0.346,0.997,-24.5,-14.7,68.0,73.76,ARM_SWING
21750,0.747,-0.447,-0.322,0.928,-12.5,-13.9,61.0,63.80,ARM_SWING
21800,0.737,-0.418,-0.324,0.907,1.9,-5.9,41.6,42.06,ARM_SWING
21850,0.723,-0.411,-0.318,0.890,-13.1,5.0,15.4,20.83,ARM_SWING
21900,0.748,-0.395,-0.371,0.924,-2.0,8.0,-14.2,16.42,ARM_SWING
21950,0.776,-0.419,-0.360,0.953,23.0,4.1,-39.0,45.46,ARM_SWING
22000,0.801,-0.432,-0.312,0.962,39.2,3.9,-56.7,69.04,ARM_SWING
22050,0.795,-0.462,-0.327,0.976,34.7,3.8,-70.7,78.85,ARM_SWING
22100,0.826,-0.487,-0.327,1.013,40.9,8.6,-80.9,91.06,ARM_SWING
22150,0.846,-0.506,-0.339,1.042,33.7,4.1,-87.9,94.23,ARM_SWING
22200,0.854,-0.572,-0.308,1.073,33.8,1.9,-88.3,94.57,ARM_SWING
22250,0.828,-0.586,-0.298,1.057,24.2,2.8,-82.2,85.73,ARM_SWING
22300,0.829,-0.608,-0.341,1.083,25.1,-2.1,-68.1,72.61,ARM_SWING
22350,0.776,-0.574,-0.204,0.987,12.2,0.4,-49.6,51.08,ARM_SWING
22400,0.813,-0.562,-0.255,1.021,4.0,4.7,-35.2,35.74,ARM_SWING
22450,0.785,-0.483,-0.250,0.955,20.1,0.3,-24.9,32.00,ARM_SWING
22500,0.812,-0.452,-0.347,0.992,21.6,-6.3,-11.2,25.13,ARM_SWING
22550,0.760,-0.567,-0.289,0.991,13.4,-3.7,8.2,16.14,ARM_SWING
22600,0.843,-0.543,-0.311,1.050,-23.1,-5.3,19.1,30.44,ARM_SWING
22650,0.910,-0.478,-0.297,1.070,-22.8,-13.5,26.5,37.47,ARM_SWING
22700,0.856,-0.516,-0.275,1.037,-21.3,-11.4,39.9,46.64,ARM_SWING
22750,0.855,-0.524,-0.296,1.046,-44.4,-4.9,48.8,66.16,ARM_SWING
22800,0.867,-0.489,-0.296,1.038,-35.6,-6.8,58.4,68.73,ARM_SWING
22850,0.891,-0.467,-0.295,1.048,-7.4,-12.1,67.7,69.17,ARM_SWING
22900,0.870,-0.465,-0.298,1.030,2.0,-14.9,72.5,74.04,ARM_SWING
22950,0.813,-0.438,-0.258,0.959,-1.7,-12.3,69.3,70.40,ARM_SWING
23000,0.726,-0.566,-0.316,0.973,-10.9,-5.8,65.3,66.46,ARM_SWING
23050,0.754,-0.492,-0.289,0.946,-42.2,0.6,45.2,61.84,ARM_SWING
23100,0.764,-0.526,-0.303,0.976,-36.8,5.1,44.7,58.12,ARM_SWING
23150,0.755,-0.515,-0.296,0.961,-24.4,1.1,41.7,48.33,ARM_SWING
23200,0.754,-0.518,-0.299,0.962,-14.2,3.9,36.0,38.90,ARM_SWING
23250,0.799,-0.501,-0.369,1.013,-17.5,12.4,26.0,33.70,ARM_SWING
23300,0.796,-0.446,-0.386,0.991,-18.0,11.1,12.3,24.46,ARM_SWING
23350,0.788,-0.418,-0.409,0.981,-0.7,0.7,-1.8,2.05,ARM_SWING
23400,0.805,-0.408,-0.382,0.980,7.6,1.0,-25.5,26.63,ARM_SWING
23450,0.800,-0.410,-0.374,0.974,28.6,-1.2,-43.5,52.07,ARM_SWING
23500,0.785,-0.458,-0.332,0.968,35.2,0.2,-59.9,69.48,ARM_SWING
23550,0.794,-0.449,-0.306,0.962,42.4,-0.2,-73.9,85.20,ARM_SWING
23600,0.800,-0.481,-0.298,0.980,43.8,-4.6,-84.3,95.11,ARM_SWING
23650,0.839,-0.521,-0.291,1.030,31.8,-4.2,-90.7,96.20,ARM_SWING
23700,0.871,-0.529,-0.263,1.052,29.8,-7.5,-87.7,92.93,ARM_SWING
23750,0.883,-0.552,-0.257,1.073,24.3,-2.2,-80.0,83.64,ARM_SWING
23800,0.813,-0.539,-0.214,0.999,15.4,3.7,-56.4,58.58,ARM_SWING
23850,0.794,-0.526,-0.298,0.998,21.0,7.8,-40.0,45.85,ARM_SWING
23900,0.796,-0.498,-0.290,0.983,-1.5,3.4,-32.7,32.91,ARM_SWING
23950,0.862,-0.502,-0.291,1.039,10.4,1.2,-26.5,28.49,ARM_SWING
24000,0.924,-0.580,-0.277,1.126,32.7,6.1,-9.7,34.65,ARM_SWING
24050,0.929,-0.560,-0.356,1.142,7.4,-12.8,18.8,23.92,ARM_SWING
24100,0.866,-0.576,-0.313,1.086,-6.3,-12.8,43.2,45.49,ARM_SWING
24150,0.910,-0.518,-0.401,1.121,-3.8,-14.0,64.9,66.50,ARM_SWING
24200,0.922,-0.473,-0.320,1.085,-19.6,-21.0,81.2,86.13,ARM_SWING
24250,0.800,-0.463,-0.307,0.974,-48.0,-23.8,90.8,105.43,ARM_SWING
24300,0.810,-0.542,-0.316,1.025,-48.5,-16.1,91.4,104.72,ARM_SWING
24350,0.860,-0.593,-0.323,1.093,-37.3,-20.0,94.6,103.64,ARM_SWING
24400,0.820,-0.570,-0.313,1.047,41.4,-27.1,95.3,107.38,ARM_SWING
24450,0.740,-0.544,-0.302,0.967,4.0,-7.5,87.0,87.41,ARM_SWING
24500,0.687,-0.566,-0.302,0.940,-61.1,-7.8,67.3,91.23,ARM_SWING
24550,0.650,-0.480,-0.314,0.867,-38.6,2.1,56.4,68.38,ARM_SWING
24600,0.640,-0.443,-0.348,0.853,-29.1,16.6,40.6,52.64,ARM_SWING
24650,0.673,-0.427,-0.358,0.874,-19.8,35.2,16.8,43.74,ARM_SWING
24700,0.750,-0.411,-0.384,0.937,-11.1,24.1,-14.0,30.00,ARM_SWING
24750,0.789,-0.435,-0.398,0.985,4.9,18.0,-40.1,44.23,ARM_SWING
24800,0.810,-0.461,-0.367,1.002,18.7,16.8,-58.3,63.49,ARM_SWING
24850,0.840,-0.418,-0.336,0.997,29.2,12.6,-79.8,85.90,ARM_SWING
24900,0.863,-0.458,-0.323,1.029,51.3,12.1,-100.3,113.31,ARM_SWING
24950,0.895,-0.521,-0.320,1.084,57.2,7.1,-109.7,123.92,ARM_SWING
25000,0.894,-0.609,-0.291,1.120,48.0,0.0,-101.7,112.46,ARM_SWING
25050,0.959,-0.661,-0.332,1.211,29.3,-3.6,-85.5,90.45,ARM_SWING
25100,0.906,-0.619,-0.319,1.143,5.1,-5.2,-61.3,61.73,ARM_SWING
25150,0.776,-0.589,-0.254,1.007,20.0,-13.6,-31.5,39.71,ARM_SWING
25200,0.705,-0.421,-0.300,0.874,2.1,-17.4,-21.2,27.51,ARM_SWING
25250,0.631,-0.360,-0.493,0.878,64.1,-19.6,-19.9,69.92,ARM_SWING
25300,0.744,-0.443,-0.262,0.905,15.2,-6.5,-27.8,32.34,ARM_SWING
25350,0.846,-0.502,-0.377,1.053,19.1,-4.0,-25.1,31.79,ARM_SWING
25400,0.870,-0.556,-0.392,1.104,11.6,-12.6,-10.2,19.93,ARM_SWING
25450,0.859,-0.553,-0.399,1.097,-3.6,-8.6,10.5,14.04,ARM_SWING
25500,0.771,-0.543,-0.345,1.004,-26.1,2.5,31.5,40.98,ARM_SWING
25550,0.823,-0.516,-0.386,1.045,-42.4,8.8,38.6,58.01,ARM_SWING
25600,0.795,-0.519,-0.351,1.012,-49.7,1.3,48.3,69.32,ARM_SWING
25650,0.787,-0.511,-0.338,0.997,-80.2,7.3,54.4,97.18,ARM_SWING
25700,0.915,-0.488,-0.359,1.097,-64.3,-0.7,59.7,87.74,ARM_SWING
25750,0.916,-0.480,-0.347,1.091,-64.5,-21.0,67.0,95.34,ARM_SWING
25800,0.863,-0.452,-0.330,1.029,-16.4,-18.2,72.1,76.15,ARM_SWING
25850,0.868,-0.419,-0.366,1.031,16.8,-11.6,69.1,72.05,ARM_SWING
25900,0.865,-0.610,-0.214,1.080,62.5,-15.5,73.5,97.72,ARM_SWING
25950,0.833,-0.461,-0.305,1.000,-20.3,-25.5,65.7,73.34,ARM_SWING
26000,0.787,-0.453,-0.318,0.962,-3.3,-15.6,62.6,64.60,ARM_SWING
26050,0.751,-0.429,-0.339,0.929,-19.3,-13.1,53.9,58.73,ARM_SWING
26100,0.774,-0.376,-0.358,0.932,-16.8,-13.1,36.1,41.92,ARM_SWING
26150,0.808,-0.378,-0.414,0.983,7.0,-7.9,5.5,11.90,ARM_SWING
26200,0.731,-0.372,-0.425,0.924,8.8,-7.7,-20.4,23.51,ARM_SWING
26250,0.735,-0.424,-0.390,0.934,33.3,-4.7,-44.8,56.02,ARM_SWING
26300,0.766,-0.458,-0.366,0.965,31.2,-2.4,-64.8,71.96,ARM_SWING
26350,0.790,-0.506,-0.385,1.014,43.0,4.9,-79.4,90.43,ARM_SWING
26400,0.808,-0.563,-0.408,1.066,27.5,5.3,-86.3,90.73,ARM_SWING
26450,0.812,-0.589,-0.391,1.077,4.6,3.2,-92.8,92.97,ARM_SWING
26500,0.793,-0.575,-0.401,1.058,6.5,0.7,-89.3,89.54,ARM_SWING
26550,0.789,-0.610,-0.348,1.056,7.0,0.4,-68.7,69.06,ARM_SWING
26600,0.786,-0.522,-0.340,1.003,5.4,3.0,-52.5,52.86,ARM_SWING
26650,0.744,-0.480,-0.323,0.942,12.3,4.5,-43.7,45.62,ARM_SWING
26700,0.700,-0.447,-0.352,0.902,1.8,8.6,-38.3,39.29,ARM_SWING
26750,0.845,-0.578,-0.290,1.064,7.4,16.7,-33.9,38.51,ARM_SWING
26800,0.860,-0.498,-0.425,1.081,30.1,-3.9,-21.2,37.02,ARM_SWING
26850,0.889,-0.562,-0.425,1.134,34.7,-8.1,-3.2,35.78,ARM_SWING
26900,0.807,-0.565,-0.422,1.072,5.1,-8.4,23.2,25.20,ARM_SWING
26950,0.746,-0.573,-0.400,1.022,-25.9,-7.2,50.3,57.03,ARM_SWING
27000,0.803,-0.638,-0.426,1.111,-80.5,1.0,72.1,108.07,ARM_SWING
27050,0.865,-0.509,-0.402,1.081,-57.7,-13.3,86.2,104.58,ARM_SWING
27100,0.805,-0.532,-0.370,1.033,-17.8,-18.2,92.2,95.65,ARM_SWING
27150,0.799,-0.495,-0.357,1.005,-17.1,-15.4,95.2,97.94,ARM_SWING
27200,0.787,-0.463,-0.341,0.975,-9.3,-13.3,90.0,91.45,ARM_SWING
27250,0.802,-0.469,-0.353,0.994,-14.7,-8.1,77.6,79.39,ARM_SWING
27300,0.763,-0.463,-0.303,0.943,-14.1,-7.8,66.4,68.33,ARM_SWING
27350,0.744,-0.479,-0.344,0.949,-2.3,8.5,57.6,58.27,ARM_SWING
27400,0.723,-0.439,-0.361,0.920,6.7,16.0,43.1,46.46,ARM_SWING
27450,0.774,-0.431,-0.385,0.966,12.1,10.7,22.6,27.78,ARM_SWING
27500,0.766,-0.450,-0.391,0.971,-1.8,10.2,-3.7,11.00,ARM_SWING
27550,0.757,-0.465,-0.428,0.986,9.0,5.4,-22.1,24.47,ARM_SWING
27600,0.755,-0.459,-0.393,0.967,12.1,-0.9,-40.1,41.90,ARM_SWING
27650,0.752,-0.497,-0.338,0.963,30.5,-2.8,-55.7,63.57,ARM_SWING
27700,0.778,-0.549,-0.336,1.010,30.1,0.2,-67.2,73.63,ARM_SWING
27750,0.787,-0.531,-0.377,1.021,24.0,0.8,-73.9,77.70,ARM_SWING
27800,0.798,-0.591,-0.330,1.046,12.7,-1.6,-75.5,76.58,ARM_SWING
27850,0.818,-0.507,-0.327,1.016,-15.9,-7.5,-77.9,79.86,ARM_SWING
27900,0.834,-0.515,-0.319,1.031,17.4,-14.4,-81.8,84.86,ARM_SWING
27950,0.824,-0.550,-0.320,1.041,16.1,-7.9,-79.3,81.30,ARM_SWING
28000,0.814,-0.507,-0.338,1.017,22.1,-0.7,-72.5,75.80,ARM_SWING
28050,0.783,-0.537,-0.348,1.011,13.3,0.6,-55.5,57.07,ARM_SWING
28100,0.762,-0.475,-0.370,0.971,10.2,-0.7,-37.5,38.87,ARM_SWING
28150,0.770,-0.405,-0.446,0.978,17.8,-13.0,-24.4,32.88,ARM_SWING
28200,0.853,-0.556,-0.443,1.110,37.4,-10.0,-10.4,40.09,ARM_SWING
28250,0.861,-0.605,-0.414,1.131,21.7,-14.8,12.1,28.92,ARM_SWING
28300,0.813,-0.594,-0.394,1.081,-5.8,-9.8,42.1,43.61,ARM_SWING
28350,0.770,-0.531,-0.370,1.006,-35.7,-0.7,64.9,74.07,ARM_SWING
28400,0.758,-0.500,-0.345,0.971,-43.3,4.6,73.5,85.43,ARM_SWING
28450,0.761,-0.455,-0.323,0.944,-40.5,3.7,76.0,86.20,ARM_SWING
28500,0.828,-0.457,-0.327,1.001,-35.9,4.6,72.1,80.67,ARM_SWING
28550,0.880,-0.440,-0.325,1.036,-19.8,-0.9,67.9,70.73,ARM_SWING
28600,0.960,-0.324,-0.421,1.097,-9.5,-13.7,70.2,72.15,ARM_SWING
28650,0.862,-0.468,-0.334,1.036,-31.4,0.7,67.5,74.45,ARM_SWING
28700,0.866,-0.454,-0.360,1.042,-20.2,5.1,67.6,70.74,ARM_SWING
28750,0.820,-0.426,-0.376,0.998,-2.5,-0.1,61.7,61.75,ARM_SWING
28800,0.783,-0.379,-0.389,0.953,-2.2,-2.0,42.2,42.30,ARM_SWING
28850,0.754,-0.345,-0.359,0.904,1.5,-5.1,18.3,19.06,ARM_SWING
28900,0.778,-0.355,-0.407,0.947,8.7,-2.1,-10.5,13.80,ARM_SWING
28950,0.821,-0.370,-0.375,0.975,26.3,-3.6,-46.2,53.28,ARM_SWING
29000,0.824,-0.436,-0.333,0.990,36.5,-7.4,-65.8,75.61,ARM_SWING
29050,0.817,-0.489,-0.326,1.006,45.4,-8.2,-77.4,90.11,ARM_SWING
29100,0.804,-0.555,-0.283,1.017,25.5,3.2,-85.3,89.09,ARM_SWING
29150,0.806,-0.533,-0.292,1.009,1.0,7.9,-88.3,88.66,ARM_SWING
29200,0.845,-0.517,-0.295,1.034,8.4,3.9,-87.5,87.99,ARM_SWING
29250,0.857,-0.531,-0.308,1.054,15.8,-3.7,-78.3,79.96,ARM_SWING
29300,0.827,-0.496,-0.283,1.005,29.6,-6.9,-63.0,69.95,ARM_SWING
29350,0.814,-0.499,-0.256,0.989,42.7,-3.7,-44.6,61.86,ARM_SWING
29400,0.829,-0.430,-0.294,0.979,45.5,0.4,-33.8,56.68,ARM_SWING
29450,0.836,-0.475,-0.334,1.018,17.5,-0.9,-25.4,30.86,ARM_SWING
29500,0.889,-0.475,-0.381,1.078,41.6,0.3,-19.3,45.86,ARM_SWING
29550,0.884,-0.581,-0.384,1.125,11.1,-7.4,-7.0,15.07,ARM_SWING
29600,0.844,-0.466,-0.421,1.052,-7.2,-10.5,17.9,21.97,ARM_SWING
29650,0.777,-0.515,-0.371,1.003,-17.0,-7.1,39.2,43.31,ARM_SWING
29700,0.797,-0.482,-0.369,1.002,-39.3,-7.4,50.6,64.50,ARM_SWING
29750,0.824,-0.459,-0.332,1.000,-24.3,-14.1,54.3,61.14,ARM_SWING
29800,0.803,-0.508,-0.285,0.992,-10.7,-12.5,58.8,61.06,ARM_SWING
29850,0.797,-0.517,-0.281,0.991,-23.3,-2.7,61.1,65.45,ARM_SWING
29900,0.819,-0.501,-0.259,0.994,-30.1,3.9,61.4,68.49,ARM_SWING
29950,0.848,-0.481,-0.286,1.016,-34.4,6.5,62.2,71.38,ARM_SWING
Recording stopped

Samples dumped: 600
