
Recording started
time,accelX,accelY,accelZ,accelMagnitude,gyroX,gyroY,gyroZ,gyroMagnitude,activity
0,0.856,-0.362,-0.255,0.964,50.4,10.9,-65.3,83.20,ARM_SWING
50,0.911,-0.410,-0.261,1.033,55.0,7.7,-72.5,91.33,ARM_SWING
100,0.898,-0.463,-0.170,1.025,63.4,0.2,-72.8,96.54,ARM_SWING
150,0.882,-0.540,-0.201,1.054,55.2,9.1,-61.9,83.44,ARM_SWING
200,0.826,-0.538,-0.279,1.024,26.2,19.0,-46.5,56.65,ARM_SWING
250,0.827,-0.458,-0.227,0.972,-2.7,8.1,-43.6,44.43,ARM_SWING
300,0.859,-0.527,-0.238,1.035,12.1,9.3,-19.7,24.92,ARM_SWING
350,0.894,-0.518,-0.289,1.073,15.2,-4.3,-2.4,15.98,ARM_SWING
400,0.899,-0.553,-0.298,1.097,-6.7,-19.9,12.8,24.59,ARM_SWING
450,0.863,-0.599,-0.258,1.082,-23.5,-29.8,35.5,51.97,ARM_SWING
500,0.817,-0.542,-0.193,0.999,-39.3,-17.2,49.4,65.43,ARM_SWING
550,0.789,-0.545,-0.132,0.968,-27.6,-4.4,51.4,58.51,ARM_SWING
600,0.877,-0.665,-0.173,1.114,-58.7,16.1,59.6,85.19,ARM_SWING
650,0.962,-0.579,-0.133,1.131,-77.5,6.1,73.0,106.64,ARM_SWING
700,0.944,-0.549,-0.154,1.103,-64.1,4.9,88.4,109.30,ARM_SWING
750,0.904,-0.484,-0.176,1.040,-71.1,13.3,88.6,114.38,ARM_SWING
800,0.940,-0.411,-0.121,1.033,-85.2,14.4,76.5,115.41,ARM_SWING
850,0.842,-0.421,-0.221,0.967,-59.1,12.3,64.4,88.27,ARM_SWING
900,0.788,-0.484,-0.277,0.965,-46.0,10.1,54.9,72.33,ARM_SWING
950,0.787,-0.446,-0.322,0.960,-44.5,6.1,45.0,63.58,ARM_SWING
1000,0.792,-0.433,-0.299,0.951,-34.6,0.9,26.7,43.71,ARM_SWING
1050,0.806,-0.440,-0.382,0.995,-4.7,-4.4,14.4,15.77,ARM_SWING
1100,0.763,-0.436,-0.346,0.944,16.5,-4.5,5.2,17.88,ARM_SWING
1150,0.788,-0.370,-0.373,0.947,-4.9,0.7,-6.1,7.86,ARM_SWING
1200,0.826,-0.361,-0.346,0.966,18.6,-8.3,-32.1,38.02,ARM_SWING
1250,0.815,-0.372,-0.322,0.952,31.5,-16.5,-54.1,64.74,ARM_SWING
1300,0.802,-0.427,-0.327,0.966,69.5,-18.2,-66.9,98.17,ARM_SWING
1350,0.816,-0.421,-0.278,0.959,83.0,-14.5,-82.3,117.78,ARM_SWING
1400,0.874,-0.482,-0.247,1.028,70.2,-16.4,-88.2,113.91,ARM_SWING
1450,0.907,-0.527,-0.291,1.089,47.8,-3.9,-88.6,100.75,ARM_SWING
1500,0.885,-0.534,-0.245,1.062,44.5,-0.7,-76.3,88.33,ARM_SWING
1550,0.864,-0.565,-0.244,1.061,43.4,-18.6,-59.2,75.72,ARM_SWING
1600,0.812,-0.495,-0.133,0.960,49.4,-9.0,-48.7,69.95,ARM_SWING
1650,0.789,-0.458,-0.180,0.930,33.8,-5.1,-48.8,59.58,ARM_SWING
1700,0.778,-0.414,-0.285,0.926,17.8,4.4,-42.2,46.01,ARM_SWING
1750,0.792,-0.440,-0.277,0.947,10.3,8.9,-33.8,36.44,ARM_SWING
1800,0.828,-0.563,-0.307,1.047,9.9,6.5,-16.8,20.55,ARM_SWING
1850,0.884,-0.582,-0.324,1.107,10.1,-2.9,1.8,10.66,ARM_SWING
1900,0.905,-0.590,-0.307,1.123,11.0,-14.0,23.4,29.40,ARM_SWING
1950,0.868,-0.480,-0.279,1.030,11.7,-12.3,41.7,45.02,ARM_SWING
2000,0.934,-0.488,-0.240,1.081,-9.5,-18.6,46.6,51.07,ARM_SWING
2050,0.898,-0.551,-0.189,1.070,-27.1,-7.2,63.9,69.78,ARM_SWING
2100,0.950,-0.488,-0.182,1.083,-34.5,4.5,71.4,79.43,ARM_SWING
2150,0.927,-0.488,-0.147,1.058,-24.7,-6.0,70.7,75.13,ARM_SWING
2200,0.911,-0.496,-0.145,1.047,-27.5,5.1,66.7,72.33,ARM_SWING
2250,0.887,-0.504,-0.180,1.036,-38.7,9.4,66.2,77.26,ARM_SWING
2300,0.809,-0.506,-0.114,0.961,-19.4,19.5,62.5,68.29,ARM_SWING
2350,0.831,-0.503,-0.227,0.998,-78.4,26.5,51.8,97.63,ARM_SWING
2400,0.845,-0.578,-0.258,1.056,-79.1,28.4,51.3,98.46,ARM_SWING
2450,0.754,-0.504,-0.276,0.948,-65.2,31.0,47.6,86.47,ARM_SWING
2500,0.779,-0.463,-0.333,0.965,-50.7,21.0,38.7,67.15,ARM_SWING
2550,0.763,-0.446,-0.289,0.930,-38.5,18.9,25.4,49.85,ARM_SWING
2600,0.777,-0.440,-0.376,0.969,-21.7,5.8,8.4,23.98,ARM_SWING
2650,0.783,-0.436,-0.377,0.972,-11.1,1.6,2.5,11.49,ARM_SWING
2700,0.753,-0.430,-0.365,0.941,5.8,-6.3,-6.7,10.87,ARM_SWING
2750,0.763,-0.416,-0.369,0.944,16.2,-16.4,-24.3,33.49,ARM_SWING
2800,0.771,-0.433,-0.374,0.960,27.0,-21.4,-32.6,47.43,ARM_SWING
2850,0.780,-0.413,-0.296,0.931,32.9,-22.1,-43.8,59.07,ARM_SWING
2900,0.782,-0.382,-0.275,0.913,60.4,-18.3,-59.1,86.46,ARM_SWING
2950,0.806,-0.405,-0.237,0.933,72.3,-17.5,-71.8,103.39,ARM_SWING
3000,0.836,-0.436,-0.193,0.962,69.7,-9.1,-80.5,106.87,ARM_SWING
3050,0.866,-0.430,-0.179,0.983,58.4,-10.2,-82.1,101.27,ARM_SWING
3100,0.962,-0.455,-0.259,1.095,53.4,-15.7,-84.0,100.77,ARM_SWING
3150,0.971,-0.480,-0.186,1.099,65.3,-13.3,-80.9,104.81,ARM_SWING
3200,0.936,-0.511,-0.213,1.087,46.1,0.4,-65.2,79.85,ARM_SWING
3250,0.883,-0.510,-0.235,1.046,0.7,5.0,-49.2,49.46,ARM_SWING
3300,0.835,-0.437,-0.286,0.985,15.1,9.0,-36.8,40.78,ARM_SWING
3350,0.856,-0.447,-0.279,1.005,37.9,12.6,-27.3,48.38,ARM_SWING
3400,0.873,-0.371,-0.260,0.984,19.7,1.7,-21.3,29.06,ARM_SWING
3450,0.925,-0.317,-0.254,1.010,81.3,-22.6,-11.1,85.11,ARM_SWING
3500,0.916,-0.518,-0.167,1.065,48.9,-18.6,8.6,53.02,ARM_SWING
3550,0.947,-0.397,-0.195,1.045,-13.1,-12.8,23.4,29.72,ARM_SWING
3600,0.924,-0.447,-0.197,1.045,-13.2,-10.0,36.3,39.90,ARM_SWING
3650,0.898,-0.472,-0.204,1.035,-25.2,3.5,42.2,49.28,ARM_SWING
3700,0.926,-0.481,-0.186,1.060,-30.3,1.8,44.1,53.54,ARM_SWING
3750,0.914,-0.516,-0.150,1.060,-40.6,-1.6,50.9,65.13,ARM_SWING
3800,0.938,-0.514,-0.146,1.080,-50.0,0.5,64.1,81.30,ARM_SWING
3850,0.886,-0.510,-0.132,1.031,-57.1,10.1,77.2,96.55,ARM_SWING
3900,0.887,-0.522,-0.180,1.045,-70.3,23.2,77.2,106.96,ARM_SWING
3950,0.851,-0.519,-0.313,1.045,-49.1,7.5,83.7,97.33,ARM_SWING
4000,0.839,-0.500,-0.198,0.997,-78.0,12.2,80.0,112.40,ARM_SWING
4050,0.814,-0.545,-0.220,1.004,-82.5,22.5,71.5,111.47,ARM_SWING
4100,0.828,-0.523,-0.262,1.014,-66.9,23.4,63.4,95.09,ARM_SWING
4150,0.819,-0.538,-0.283,1.020,-53.5,16.4,60.0,82.04,ARM_SWING
4200,0.767,-0.533,-0.286,0.977,-47.7,25.1,51.1,74.27,ARM_SWING
4250,0.793,-0.439,-0.376,0.981,-30.4,10.5,37.2,49.18,ARM_SWING
4300,0.742,-0.401,-0.386,0.928,-25.6,4.8,24.2,35.55,ARM_SWING
4350,0.742,-0.371,-0.420,0.930,-4.2,-17.5,-3.6,18.35,ARM_SWING
4400,0.734,-0.408,-0.371,0.918,4.2,-3.2,-14.8,15.71,ARM_SWING
4450,0.736,-0.429,-0.385,0.935,10.9,-9.3,-31.2,34.33,ARM_SWING
4500,0.738,-0.478,-0.322,0.936,43.0,-19.8,-43.1,64.02,ARM_SWING
4550,0.773,-0.449,-0.343,0.957,45.9,-26.8,-55.7,76.99,ARM_SWING
4600,0.780,-0.439,-0.277,0.937,65.2,-32.4,-67.2,99.08,ARM_SWING
4650,0.789,-0.465,-0.230,0.944,70.0,-22.5,-78.8,107.78,ARM_SWING
4700,0.871,-0.488,-0.249,1.029,70.8,-16.8,-84.9,111.82,ARM_SWING
4750,0.850,-0.503,-0.196,1.007,63.9,-18.4,-79.2,103.41,ARM_SWING
4800,0.866,-0.495,-0.200,1.017,63.0,-25.2,-75.2,101.29,ARM_SWING
4850,0.836,-0.516,-0.176,0.998,74.3,-20.4,-68.6,103.16,ARM_SWING
4900,0.801,-0.510,-0.155,0.962,66.4,-2.8,-62.3,91.09,ARM_SWING
4950,0.801,-0.513,-0.185,0.969,48.2,1.0,-49.6,69.17,ARM_SWING
5000,0.817,-0.514,-0.237,0.994,44.8,2.4,-41.0,60.78,ARM_SWING
5050,0.840,-0.558,-0.233,1.035,18.2,3.9,-31.4,36.50,ARM_SWING
5100,0.894,-0.537,-0.245,1.071,43.4,12.8,-11.4,46.66,ARM_SWING
5150,0.911,-0.538,-0.264,1.090,35.5,1.8,12.0,37.52,ARM_SWING
5200,0.917,-0.527,-0.235,1.083,17.2,-6.6,20.7,27.71,ARM_SWING
5250,0.927,-0.529,-0.235,1.093,4.1,-7.0,30.0,31.08,ARM_SWING
5300,0.925,-0.565,-0.231,1.108,-20.3,-0.7,37.9,43.00,ARM_SWING
5350,0.887,-0.562,-0.235,1.076,-30.5,-1.9,38.7,49.31,ARM_SWING
5400,0.878,-0.542,-0.260,1.064,-24.5,-7.1,46.3,52.86,ARM_SWING
5450,0.909,-0.615,-0.231,1.122,-30.1,-14.7,52.7,62.45,ARM_SWING
5500,0.938,-0.578,-0.213,1.122,-44.3,-4.9,60.0,74.74,ARM_SWING
5550,0.887,-0.574,-0.201,1.075,-58.0,-0.9,68.1,89.46,ARM_SWING
5600,0.839,-0.588,-0.211,1.046,-64.8,0.4,78.1,101.48,ARM_SWING
5650,0.818,-0.583,-0.292,1.046,-75.5,-0.5,72.3,104.54,ARM_SWING
5700,0.759,-0.543,-0.201,0.955,-14.0,-4.6,65.4,67.04,ARM_SWING
5750,0.691,-0.674,-0.248,0.997,-12.0,-0.7,64.4,65.51,ARM_SWING
5800,0.641,-0.632,-0.218,0.926,-46.6,8.6,64.1,79.71,ARM_SWING
5850,0.623,-0.512,-0.253,0.845,-43.7,15.1,48.5,67.01,ARM_SWING
5900,0.654,-0.492,-0.299,0.871,-32.6,13.3,31.5,47.24,ARM_SWING
5950,0.688,-0.488,-0.349,0.913,-30.6,17.0,11.1,36.72,ARM_SWING
6000,0.688,-0.457,-0.374,0.907,-10.4,6.5,-14.4,18.91,ARM_SWING
6050,0.714,-0.433,-0.397,0.925,-8.3,-0.9,-33.9,34.91,ARM_SWING
6100,0.737,-0.482,-0.400,0.967,18.4,-4.3,-55.3,58.44,ARM_SWING
6150,0.775,-0.488,-0.386,0.994,32.5,-5.2,-66.4,74.11,ARM_SWING
6200,0.768,-0.484,-0.323,0.964,55.2,-8.6,-69.7,89.33,ARM_SWING
6250,0.779,-0.509,-0.305,0.979,54.4,-13.7,-81.9,99.27,ARM_SWING
6300,0.780,-0.534,-0.256,0.979,52.7,-22.8,-81.5,99.70,ARM_SWING
6350,0.788,-0.547,-0.231,0.987,52.3,-20.3,-78.1,96.16,ARM_SWING
6400,0.820,-0.564,-0.234,1.022,55.4,-24.3,-70.3,92.75,ARM_SWING
6450,0.851,-0.630,-0.170,1.072,52.3,-21.4,-54.8,78.72,ARM_SWING
6500,0.805,-0.574,-0.212,1.011,29.0,-14.5,-32.3,45.77,ARM_SWING
6550,0.783,-0.584,-0.251,1.009,33.3,-4.9,-18.3,38.31,ARM_SWING
6600,0.777,-0.561,-0.299,1.004,10.1,8.8,-11.1,17.40,ARM_SWING
6650,0.789,-0.558,-0.345,1.026,9.8,9.5,-9.4,16.57,ARM_SWING
6700,0.813,-0.568,-0.367,1.057,7.4,13.3,-5.8,16.29,ARM_SWING
6750,0.871,-0.559,-0.391,1.106,-8.5,6.0,2.5,10.70,ARM_SWING
6800,0.844,-0.574,-0.338,1.075,-5.6,6.8,19.4,21.31,ARM_SWING
6850,0.869,-0.575,-0.318,1.089,-18.9,-1.6,25.5,31.78,ARM_SWING
6900,0.853,-0.586,-0.278,1.072,-22.1,-4.9,37.3,43.63,ARM_SWING
6950,0.817,-0.594,-0.256,1.042,-30.8,-9.4,49.0,58.63,ARM_SWING
7000,0.847,-0.602,-0.233,1.065,-41.1,-6.7,55.8,69.63,ARM_SWING
7050,0.804,-0.589,-0.206,1.018,-41.8,-3.8,61.9,74.79,ARM_SWING
7100,0.826,-0.597,-0.250,1.049,-43.6,-0.3,64.8,78.10,ARM_SWING
7150,0.800,-0.573,-0.230,1.011,-48.6,3.9,68.1,83.75,ARM_SWING
7200,0.765,-0.565,-0.253,0.984,-46.9,12.9,59.0,76.47,ARM_SWING
7250,0.786,-0.498,-0.293,0.976,-60.8,9.8,52.1,80.67,ARM_SWING
7300,0.752,-0.514,-0.293,0.957,-44.6,15.4,42.3,63.37,ARM_SWING
7350,0.715,-0.515,-0.308,0.933,-51.9,29.9,30.8,67.35,ARM_SWING
7400,0.758,-0.469,-0.342,0.955,-44.5,23.4,21.0,54.49,ARM_SWING
7450,0.719,-0.467,-0.334,0.920,-27.8,21.2,14.9,38.00,ARM_SWING
7500,0.719,-0.477,-0.401,0.951,-24.9,17.8,0.6,30.61,ARM_SWING
7550,0.739,-0.433,-0.418,0.953,-15.6,15.8,-13.6,26.04,ARM_SWING
7600,0.709,-0.470,-0.431,0.954,-0.2,5.1,-21.2,21.81,ARM_SWING
7650,0.728,-0.497,-0.434,0.983,10.9,2.8,-26.8,29.07,ARM_SWING
7700,0.727,-0.507,-0.418,0.980,8.1,-5.5,-25.1,26.94,ARM_SWING
7750,0.747,-0.509,-0.390,0.984,31.7,-16.2,-23.5,42.66,ARM_SWING
7800,0.735,-0.493,-0.362,0.956,36.4,-21.5,-22.0,47.66,ARM_SWING
7850,0.702,-0.468,-0.325,0.904,34.3,-19.6,-23.8,46.12,ARM_SWING
7900,0.719,-0.453,-0.296,0.900,49.4,-0.2,-29.9,57.74,ARM_SWING
7950,0.754,-0.432,-0.308,0.922,48.5,-13.7,-37.5,62.82,ARM_SWING
8000,0.797,-0.424,-0.288,0.948,53.5,-13.3,-48.5,73.43,ARM_SWING
8050,0.809,-0.452,-0.276,0.967,54.6,-8.6,-56.4,78.97,ARM_SWING
8100,0.829,-0.480,-0.258,0.992,48.4,-3.1,-51.9,71.03,ARM_SWING
8150,0.874,-0.482,-0.278,1.036,36.5,6.7,-53.5,65.11,ARM_SWING
8200,0.882,-0.470,-0.247,1.029,31.5,2.8,-52.1,60.95,ARM_SWING
8250,0.869,-0.482,-0.248,1.024,27.0,4.2,-47.6,54.89,ARM_SWING
8300,0.871,-0.500,-0.220,1.028,24.0,11.3,-40.8,48.67,ARM_SWING
8350,0.878,-0.517,-0.251,1.049,7.2,-3.8,-31.7,32.73,ARM_SWING
8400,0.881,-0.507,-0.253,1.047,25.9,7.5,-15.9,31.30,ARM_SWING
8450,0.884,-0.525,-0.248,1.058,14.1,1.6,2.1,14.35,ARM_SWING
8500,0.896,-0.462,-0.240,1.036,-5.8,-8.7,10.9,15.10,ARM_SWING
8550,0.888,-0.474,-0.231,1.033,-5.5,-11.7,1.3,12.99,ARM_SWING
8600,0.908,-0.447,-0.220,1.036,-23.6,-3.9,21.9,32.43,ARM_SWING
8650,0.899,-0.523,-0.204,1.060,-46.2,-2.1,33.6,57.16,ARM_SWING
8700,0.915,-0.415,-0.228,1.030,-50.8,-4.2,36.4,62.64,ARM_SWING
8750,0.889,-0.455,-0.237,1.026,-21.9,-3.1,33.8,40.39,ARM_SWING
8800,0.895,-0.531,-0.257,1.072,-16.3,-0.5,41.5,44.59,ARM_SWING
8850,0.892,-0.578,-0.276,1.098,-25.3,-1.2,54.4,60.01,ARM_SWING
8900,0.899,-0.609,-0.282,1.122,-34.6,-0.7,64.4,73.11,ARM_SWING
8950,0.859,-0.589,-0.281,1.079,-39.2,-8.2,75.6,85.55,ARM_SWING
9000,0.797,-0.547,-0.319,1.018,-47.8,-10.0,79.3,93.13,ARM_SWING
9050,0.720,-0.568,-0.283,0.960,-36.4,-6.7,74.8,83.46,ARM_SWING
9100,0.646,-0.535,-0.303,0.892,-31.8,-6.6,64.0,71.77,ARM_SWING
9150,0.626,-0.478,-0.315,0.848,-20.8,-0.4,48.0,52.31,ARM_SWING
9200,0.636,-0.458,-0.304,0.841,-12.4,-5.2,30.0,32.88,ARM_SWING
9250,0.698,-0.439,-0.351,0.896,4.4,-10.2,6.5,12.87,ARM_SWING
9300,0.724,-0.426,-0.324,0.900,8.6,-12.1,-12.6,19.47,ARM_SWING
9350,0.756,-0.430,-0.335,0.932,24.0,-11.1,-32.6,41.98,ARM_SWING
9400,0.769,-0.428,-0.348,0.946,35.0,-10.4,-47.6,59.99,ARM_SWING
9450,0.780,-0.443,-0.323,0.953,37.9,-8.2,-68.3,78.54,ARM_SWING
9500,0.816,-0.451,-0.324,0.987,40.0,-7.2,-86.9,95.93,ARM_SWING
9550,0.821,-0.504,-0.296,1.008,64.8,-9.2,-93.2,113.89,ARM_SWING
9600,0.852,-0.535,-0.281,1.045,52.0,-4.2,-92.6,106.28,ARM_SWING
9650,0.826,-0.557,-0.260,1.030,33.1,-5.7,-87.7,93.91,ARM_SWING
9700,0.782,-0.526,-0.250,0.975,25.8,-9.5,-77.2,81.95,ARM_SWING
9750,0.758,-0.519,-0.204,0.941,3.6,-4.2,-57.8,58.06,ARM_SWING
9800,0.809,-0.505,-0.287,0.996,5.8,10.9,-46.9,48.50,ARM_SWING
9850,0.874,-0.557,-0.335,1.089,15.0,14.0,-32.5,38.44,ARM_SWING
9900,0.889,-0.510,-0.359,1.086,12.3,8.9,-14.3,20.86,ARM_SWING
9950,0.872,-0.550,-0.335,1.084,-4.6,12.7,3.2,13.88,ARM_SWING
10000,0.925,-0.470,-0.350,1.095,-10.2,9.1,18.1,22.68,ARM_SWING
10050,0.913,-0.476,-0.311,1.076,-10.3,1.7,24.5,26.63,ARM_SWING
10100,0.891,-0.523,-0.282,1.071,-14.1,-7.4,33.9,37.45,ARM_SWING
10150,0.860,-0.533,-0.228,1.037,-25.4,-12.5,48.4,56.07,ARM_SWING
10200,0.854,-0.538,-0.227,1.035,-15.7,-7.7,60.2,62.69,ARM_SWING
10250,0.868,-0.610,-0.233,1.086,-21.4,-1.9,71.3,74.47,ARM_SWING
10300,0.870,-0.634,-0.226,1.100,-37.1,-4.3,81.9,90.01,ARM_SWING
10350,0.854,-0.633,-0.226,1.087,-41.0,-3.9,89.4,98.43,ARM_SWING
10400,0.832,-0.677,-0.258,1.103,-71.0,-0.9,90.5,115.03,ARM_SWING
10450,0.837,-0.565,-0.246,1.039,-43.1,-4.9,84.4,94.89,ARM_SWING
10500,0.769,-0.524,-0.237,0.960,-33.0,7.0,66.1,74.21,ARM_SWING
10550,0.726,-0.501,-0.363,0.954,-34.4,5.3,51.7,62.32,ARM_SWING
10600,0.673,-0.497,-0.242,0.871,-32.8,13.5,29.9,46.39,ARM_SWING
10650,0.681,-0.477,-0.285,0.879,-26.3,19.1,14.4,35.55,ARM_SWING
10700,0.657,-0.470,-0.343,0.878,-13.0,19.6,-6.8,24.48,ARM_SWING
10750,0.702,-0.494,-0.344,0.925,3.9,5.8,-32.7,33.44,ARM_SWING
10800,0.701,-0.516,-0.350,0.938,16.5,-2.6,-43.8,46.88,ARM_SWING
10850,0.705,-0.510,-0.405,0.960,34.3,-11.6,-45.9,58.46,ARM_SWING
10900,0.725,-0.528,-0.347,0.962,38.5,-7.9,-57.4,69.57,ARM_SWING
10950,0.764,-0.534,-0.356,0.998,35.0,-11.2,-53.6,64.99,ARM_SWING
11000,0.785,-0.523,-0.326,0.998,53.1,-17.0,-57.1,79.81,ARM_SWING
11050,0.848,-0.482,-0.305,1.022,53.6,-15.1,-55.0,78.27,ARM_SWING
11100,0.843,-0.493,-0.252,1.009,59.7,-18.3,-62.0,87.99,ARM_SWING
11150,0.821,-0.513,-0.243,0.998,42.1,-15.6,-59.9,74.86,ARM_SWING
11200,0.825,-0.498,-0.241,0.993,33.0,-4.0,-67.3,75.06,ARM_SWING
11250,0.804,-0.510,-0.243,0.983,35.8,-3.7,-55.7,66.32,ARM_SWING
11300,0.799,-0.514,-0.253,0.983,27.5,2.0,-46.4,53.97,ARM_SWING
11350,0.786,-0.556,-0.339,1.021,7.7,9.9,-34.9,37.09,ARM_SWING
11400,0.818,-0.486,-0.268,0.989,-8.5,13.6,-17.6,23.81,ARM_SWING
11450,0.866,-0.510,-0.261,1.038,1.6,3.0,-8.7,9.34,ARM_SWING
11500,0.888,-0.509,-0.231,1.049,0.3,1.5,3.5,3.82,ARM_SWING
11550,0.871,-0.512,-0.258,1.043,3.0,11.2,12.2,16.83,ARM_SWING
11600,0.879,-0.572,-0.296,1.090,-26.3,6.3,23.7,35.96,ARM_SWING
11650,0.875,-0.491,-0.261,1.037,-34.8,-2.1,31.5,46.99,ARM_SWING
11700,0.874,-0.529,-0.268,1.056,-25.4,-3.9,39.7,47.29,ARM_SWING
11750,0.915,-0.550,-0.267,1.100,-21.2,-9.5,47.3,52.70,ARM_SWING
11800,0.870,-0.554,-0.232,1.057,-15.7,-7.6,58.8,61.33,ARM_SWING
11850,0.838,-0.579,-0.227,1.044,-28.3,0.0,63.7,69.70,ARM_SWING
11900,0.854,-0.545,-0.119,1.020,-53.6,6.2,61.7,81.97,ARM_SWING
11950,0.827,-0.538,-0.238,1.015,-61.0,-2.5,61.3,86.52,ARM_SWING
12000,0.802,-0.551,-0.216,0.997,-46.8,3.7,62.1,77.85,ARM_SWING
12050,0.810,-0.543,-0.259,1.009,-41.5,6.4,56.5,70.40,ARM_SWING
12100,0.782,-0.529,-0.268,0.981,-31.5,-0.2,52.1,60.88,ARM_SWING
12150,0.750,-0.503,-0.274,0.944,-30.2,4.4,38.4,49.05,ARM_SWING
12200,0.728,-0.519,-0.316,0.948,-26.3,-1.4,25.3,36.52,ARM_SWING
12250,0.686,-0.549,-0.305,0.930,-30.6,0.0,15.6,34.35,ARM_SWING
12300,0.675,-0.540,-0.342,0.930,-33.8,3.9,2.2,34.10,ARM_SWING
12350,0.692,-0.531,-0.389,0.955,-11.2,3.1,-4.4,12.43,ARM_SWING
12400,0.720,-0.558,-0.420,1.003,-1.1,-2.3,-13.0,13.25,ARM_SWING
12450,0.722,-0.509,-0.426,0.981,3.2,-7.3,-17.9,19.59,ARM_SWING
12500,0.715,-0.490,-0.427,0.966,11.6,-8.3,-27.5,30.98,ARM_SWING
12550,0.733,-0.463,-0.449,0.976,5.3,-3.6,-37.1,37.65,ARM_SWING
12600,0.725,-0.450,-0.411,0.947,22.6,-11.5,-41.7,48.80,ARM_SWING
12650,0.720,-0.463,-0.369,0.932,32.4,-10.9,-50.0,60.57,ARM_SWING
12700,0.736,-0.393,-0.391,0.921,47.2,-0.4,-63.6,79.20,ARM_SWING
12750,0.789,-0.435,-0.336,0.962,59.9,-0.8,-67.9,90.55,ARM_SWING
12800,0.824,-0.471,-0.294,0.994,50.0,-3.0,-70.0,86.08,ARM_SWING
12850,0.846,-0.433,-0.305,0.998,47.4,-4.2,-68.0,83.00,ARM_SWING
12900,0.873,-0.483,-0.298,1.041,49.0,-4.7,-65.3,81.78,ARM_SWING
12950,0.836,-0.484,-0.284,1.007,38.7,-4.9,-53.2,65.97,ARM_SWING
13000,0.812,-0.504,-0.273,0.994,48.8,-4.4,-36.5,61.10,ARM_SWING
13050,0.791,-0.549,-0.272,1.001,30.1,-0.4,-16.3,34.23,ARM_SWING
13100,0.824,-0.493,-0.318,1.012,11.7,5.5,-11.4,17.24,ARM_SWING
13150,0.817,-0.488,-0.289,0.995,27.0,1.7,-6.1,27.73,ARM_SWING
13200,0.828,-0.522,-0.285,1.019,22.0,2.3,0.6,22.13,ARM_SWING
13250,0.854,-0.529,-0.287,1.045,-7.1,4.5,4.5,9.53,ARM_SWING
13300,0.850,-0.519,-0.260,1.029,-28.6,2.9,17.1,33.45,ARM_SWING
13350,0.890,-0.529,-0.291,1.075,-29.5,2.5,29.4,41.72,ARM_SWING
13400,0.886,-0.573,-0.262,1.087,-26.6,-2.7,30.7,40.71,ARM_SWING
13450,0.909,-0.650,-0.254,1.146,-9.1,-11.2,54.1,55.99,ARM_SWING
13500,0.911,-0.588,-0.247,1.112,-6.0,-14.0,69.0,70.66,ARM_SWING
13550,0.853,-0.582,-0.247,1.062,-13.0,-8.6,75.9,77.48,ARM_SWING
13600,0.829,-0.604,-0.292,1.066,-52.9,-1.4,70.7,88.31,ARM_SWING
13650,0.788,-0.541,-0.276,0.995,-57.3,3.8,72.5,92.49,ARM_SWING
13700,0.764,-0.508,-0.301,0.966,-48.3,7.4,60.5,77.77,ARM_SWING
13750,0.709,-0.493,-0.310,0.918,-34.8,0.7,47.8,59.13,ARM_SWING
13800,0.740,-0.501,-0.358,0.963,-25.9,-8.9,38.1,46.92,ARM_SWING
13850,0.761,-0.494,-0.337,0.968,-10.9,-12.1,26.1,30.76,ARM_SWING
13900,0.701,-0.462,-0.359,0.913,17.6,-21.2,10.2,29.38,ARM_SWING
13950,0.705,-0.519,-0.359,0.946,6.1,-14.7,2.4,16.10,ARM_SWING
14000,0.709,-0.477,-0.355,0.925,14.3,-16.8,-12.3,25.26,ARM_SWING
14050,0.704,-0.502,-0.344,0.931,22.6,-12.8,-28.1,38.26,ARM_SWING
14100,0.708,-0.504,-0.359,0.940,18.5,-8.9,-48.4,52.57,ARM_SWING
14150,0.714,-0.547,-0.325,0.956,26.4,-3.1,-58.1,63.89,ARM_SWING
14200,0.734,-0.511,-0.317,0.949,26.6,4.3,-67.2,72.40,ARM_SWING
14250,0.772,-0.505,-0.321,0.977,51.7,5.2,-77.1,92.97,ARM_SWING
14300,0.810,-0.531,-0.308,1.016,41.7,13.4,-86.9,97.31,ARM_SWING
14350,0.821,-0.512,-0.287,1.009,24.9,11.0,-76.4,81.10,ARM_SWING
14400,0.805,-0.405,-0.243,0.933,45.7,5.7,-84.8,96.50,ARM_SWING
14450,0.885,-0.479,-0.265,1.041,57.0,2.5,-88.8,105.55,ARM_SWING
14500,0.886,-0.469,-0.239,1.031,42.5,-2.0,-74.2,85.53,ARM_SWING
14550,0.904,-0.531,-0.230,1.073,30.9,8.7,-48.1,57.83,ARM_SWING
14600,0.910,-0.508,-0.257,1.073,1.4,2.1,-30.6,30.70,ARM_SWING
14650,0.915,-0.497,-0.268,1.075,14.0,10.2,-20.0,26.46,ARM_SWING
14700,0.884,-0.496,-0.262,1.047,4.6,0.6,0.0,4.64,ARM_SWING
14750,0.866,-0.457,-0.248,1.010,-22.7,-3.6,13.6,26.71,ARM_SWING
14800,0.938,-0.473,-0.231,1.076,-36.6,-10.9,24.8,45.53,ARM_SWING
14850,0.929,-0.508,-0.207,1.079,-38.4,-19.2,47.1,63.73,ARM_SWING
14900,0.952,-0.542,-0.239,1.121,-46.6,-12.2,64.1,80.18,ARM_SWING
14950,0.920,-0.508,-0.216,1.073,-44.7,-16.4,80.2,93.27,ARM_SWING
15000,0.889,-0.481,-0.241,1.039,-32.1,-11.7,86.5,93.00,ARM_SWING
15050,0.858,-0.443,-0.249,0.997,-23.7,-10.4,79.6,83.70,ARM_SWING
15100,0.813,-0.474,-0.241,0.971,-32.1,-5.6,65.6,73.25,ARM_SWING
15150,0.802,-0.586,-0.323,1.044,-61.6,-0.4,56.0,83.25,ARM_SWING
15200,0.828,-0.549,-0.239,1.022,-52.9,0.9,64.4,83.35,ARM_SWING
15250,0.793,-0.525,-0.300,0.997,-44.8,0.4,61.1,75.77,ARM_SWING
15300,0.765,-0.502,-0.256,0.950,-31.1,-3.2,55.0,63.26,ARM_SWING
15350,0.753,-0.462,-0.280,0.927,-17.2,-7.5,40.6,44.73,ARM_SWING
15400,0.726,-0.481,-0.294,0.919,-7.2,-1.3,21.1,22.33,ARM_SWING
15450,0.718,-0.491,-0.349,0.937,-1.0,-5.1,8.1,9.62,ARM_SWING
15500,0.715,-0.481,-0.366,0.936,0.1,-5.6,-2.3,6.05,ARM_SWING
15550,0.720,-0.478,-0.382,0.945,10.0,-7.4,-16.4,20.58,ARM_SWING
15600,0.722,-0.492,-0.376,0.951,15.4,-5.6,-25.8,30.56,ARM_SWING
15650,0.723,-0.492,-0.363,0.947,23.3,-10.5,-37.1,45.05,ARM_SWING
15700,0.716,-0.510,-0.369,0.953,56.0,-18.9,-41.1,71.99,ARM_SWING
15750,0.746,-0.473,-0.380,0.962,44.7,-15.6,-49.1,68.21,ARM_SWING
15800,0.753,-0.473,-0.312,0.942,36.1,-4.2,-59.0,69.30,ARM_SWING
15850,0.782,-0.450,-0.329,0.960,47.9,-0.4,-73.5,87.73,ARM_SWING
15900,0.793,-0.484,-0.304,0.978,48.6,-2.5,-80.4,93.98,ARM_SWING
15950,0.815,-0.512,-0.300,1.008,42.2,-2.8,-82.3,92.53,ARM_SWING
16000,0.794,-0.542,-0.274,1.000,39.6,-2.0,-71.8,82.02,ARM_SWING
16050,0.810,-0.551,-0.261,1.014,33.6,3.8,-59.3,68.26,ARM_SWING
16100,0.800,-0.553,-0.256,1.006,29.8,7.2,-38.6,49.29,ARM_SWING
16150,0.852,-0.549,-0.298,1.056,10.1,10.2,-26.1,29.79,ARM_SWING
16200,0.863,-0.549,-0.275,1.059,-5.3,9.4,-18.4,21.33,ARM_SWING
16250,0.880,-0.545,-0.251,1.065,6.8,7.0,3.3,10.30,ARM_SWING
16300,0.954,-0.515,-0.250,1.113,-9.4,2.0,12.2,15.53,ARM_SWING
16350,0.960,-0.488,-0.238,1.103,-10.6,-8.4,24.5,27.99,ARM_SWING
16400,0.896,-0.497,-0.206,1.045,-30.4,-7.7,35.4,47.29,ARM_SWING
16450,0.872,-0.508,-0.204,1.030,-37.1,1.9,38.0,53.14,ARM_SWING
16500,0.865,-0.524,-0.239,1.039,-28.0,0.9,54.8,61.55,ARM_SWING
16550,0.874,-0.576,-0.203,1.066,-23.5,-5.6,57.1,62.00,ARM_SWING
16600,0.881,-0.598,-0.214,1.086,-37.3,2.4,63.0,73.25,ARM_SWING
16650,0.851,-0.579,-0.216,1.052,-38.6,5.1,74.4,83.97,ARM_SWING
16700,0.775,-0.603,-0.229,1.008,-58.3,1.4,75.2,95.16,ARM_SWING
16750,0.775,-0.526,-0.236,0.966,-49.2,3.5,73.9,88.85,ARM_SWING
16800,0.745,-0.523,-0.272,0.950,-38.0,2.5,60.9,71.83,ARM_SWING
16850,0.731,-0.517,-0.295,0.943,-28.0,-1.4,48.3,55.85,ARM_SWING
16900,0.733,-0.504,-0.293,0.937,-16.9,-5.9,35.0,39.31,ARM_SWING
16950,0.750,-0.515,-0.300,0.958,-11.8,-4.3,12.7,17.86,ARM_SWING
17000,0.707,-0.546,-0.331,0.953,-6.1,-2.5,-4.8,8.15,ARM_SWING
17050,0.682,-0.597,-0.342,0.969,-4.7,5.9,-8.1,11.07,ARM_SWING
17100,0.689,-0.591,-0.365,0.978,-0.2,4.5,-15.5,16.14,ARM_SWING
17150,0.683,-0.576,-0.420,0.987,-1.2,6.1,-17.7,18.76,ARM_SWING
17200,0.678,-0.580,-0.437,0.994,-5.0,-5.9,-16.6,18.31,ARM_SWING
17250,0.694,-0.557,-0.373,0.965,12.1,-15.5,-16.5,25.67,ARM_SWING
17300,0.699,-0.563,-0.376,0.973,16.8,-19.3,-20.5,32.79,ARM_SWING
17350,0.713,-0.462,-0.327,0.910,12.5,-18.6,-24.8,33.43,ARM_SWING
17400,0.706,-0.475,-0.318,0.908,30.8,-6.5,-37.3,48.81,ARM_SWING
17450,0.709,-0.426,-0.305,0.882,36.1,-10.3,-48.8,61.57,ARM_SWING
17500,0.733,-0.439,-0.281,0.899,37.0,-4.5,-64.6,74.58,ARM_SWING
17550,0.778,-0.468,-0.286,0.952,33.4,-1.3,-73.1,80.38,ARM_SWING
17600,0.823,-0.493,-0.288,1.002,28.9,2.4,-80.0,85.09,ARM_SWING
17650,0.872,-0.519,-0.280,1.053,42.4,2.2,-74.9,86.10,ARM_SWING
17700,0.854,-0.577,-0.289,1.070,35.2,10.4,-61.8,71.88,ARM_SWING
17750,0.838,-0.579,-0.276,1.055,34.3,14.9,-41.0,55.49,ARM_SWING
17800,0.845,-0.571,-0.336,1.074,6.5,5.9,-27.6,28.96,ARM_SWING
17850,0.829,-0.566,-0.313,1.051,21.3,9.7,-11.1,25.90,ARM_SWING
17900,0.841,-0.597,-0.323,1.081,8.1,3.7,3.3,9.50,ARM_SWING
17950,0.844,-0.583,-0.315,1.073,-28.6,2.6,34.4,44.81,ARM_SWING
18000,0.837,-0.514,-0.295,1.026,-28.9,-2.1,25.0,38.27,ARM_SWING
18050,0.853,-0.573,-0.281,1.065,-30.1,-3.9,31.5,43.74,ARM_SWING
18100,0.873,-0.587,-0.261,1.084,-33.3,-13.1,45.7,58.04,ARM_SWING
18150,0.862,-0.587,-0.239,1.070,-30.0,-11.2,63.7,71.30,ARM_SWING
18200,0.867,-0.578,-0.244,1.070,-35.1,-7.1,72.1,80.50,ARM_SWING
18250,0.826,-0.541,-0.218,1.011,-37.5,-7.9,73.2,82.63,ARM_SWING
18300,0.834,-0.557,-0.302,1.047,-39.7,-6.7,63.2,74.93,ARM_SWING
18350,0.792,-0.580,-0.244,1.012,-35.7,-12.8,59.2,70.31,ARM_SWING
18400,0.805,-0.518,-0.267,0.994,-23.1,-8.6,62.7,67.37,ARM_SWING
18450,0.764,-0.513,-0.271,0.959,-23.2,-5.3,50.4,55.74,ARM_SWING
18500,0.752,-0.440,-0.314,0.926,-25.6,3.7,31.9,41.07,ARM_SWING
18550,0.723,-0.403,-0.344,0.896,-14.9,3.2,18.8,24.20,ARM_SWING
18600,0.767,-0.402,-0.357,0.937,-11.9,-2.0,-3.8,12.65,ARM_SWING
18650,0.770,-0.422,-0.379,0.956,10.8,-2.5,-31.9,33.77,ARM_SWING
18700,0.784,-0.468,-0.388,0.992,26.6,-0.2,-44.5,51.84,ARM_SWING
18750,0.777,-0.459,-0.427,0.998,19.3,1.9,-50.8,54.38,ARM_SWING
18800,0.793,-0.455,-0.494,1.039,34.3,-11.2,-50.6,62.15,ARM_SWING
18850,0.794,-0.438,-0.321,0.962,52.2,-11.3,-64.4,83.67,ARM_SWING
18900,0.807,-0.453,-0.290,0.970,59.5,-18.3,-70.8,94.28,ARM_SWING
18950,0.815,-0.459,-0.284,0.978,52.5,-11.4,-82.0,98.03,ARM_SWING
19000,0.789,-0.498,-0.278,0.974,58.9,-12.4,-81.9,101.64,ARM_SWING
19050,0.822,-0.532,-0.300,1.024,49.8,-9.8,-77.1,92.31,ARM_SWING
19100,0.823,-0.578,-0.318,1.055,32.4,1.6,-66.1,73.63,ARM_SWING
19150,0.816,-0.581,-0.349,1.061,14.0,11.2,-46.7,50.02,ARM_SWING
19200,0.800,-0.565,-0.366,1.046,16.3,11.2,-25.6,32.35,ARM_SWING
19250,0.751,-0.588,-0.342,1.013,4.7,13.9,-2.8,14.94,ARM_SWING
19300,0.739,-0.550,-0.345,0.984,-11.2,8.5,13.3,19.35,ARM_SWING
19350,0.764,-0.531,-0.309,0.980,-14.5,15.4,27.8,34.93,ARM_SWING
19400,0.886,-0.589,-0.295,1.104,-42.0,14.2,44.6,62.89,ARM_SWING
19450,0.909,-0.486,-0.231,1.056,-53.8,13.6,47.9,73.31,ARM_SWING
19500,0.841,-0.483,-0.221,0.995,-42.0,10.6,55.0,70.01,ARM_SWING
19550,0.843,-0.485,-0.246,1.003,-37.8,3.8,47.6,60.90,ARM_SWING
19600,0.909,-0.526,-0.283,1.088,-23.4,-9.8,56.6,62.03,ARM_SWING
19650,0.865,-0.532,-0.250,1.046,-23.0,-8.0,62.5,67.08,ARM_SWING
19700,0.853,-0.498,-0.247,1.018,-51.5,-8.4,67.5,85.32,ARM_SWING
19750,0.839,-0.584,-0.268,1.057,-59.4,-1.0,66.9,89.47,ARM_SWING
19800,0.816,-0.596,-0.233,1.037,-39.6,1.1,64.7,75.86,ARM_SWING
19850,0.807,-0.604,-0.228,1.033,-34.3,0.9,58.5,67.82,ARM_SWING
19900,0.756,-0.573,-0.244,0.979,-35.5,7.7,51.4,62.94,ARM_SWING
19950,0.712,-0.515,-0.252,0.914,-32.0,6.6,40.6,52.11,ARM_SWING
20000,0.707,-0.479,-0.294,0.903,-10.9,-0.1,25.5,27.73,ARM_SWING
20050,0.701,-0.441,-0.325,0.890,2.6,-3.6,6.1,7.55,ARM_SWING
20100,0.711,-0.449,-0.340,0.907,9.5,-5.2,-16.3,19.57,ARM_SWING
20150,0.737,-0.507,-0.372,0.969,23.4,-9.5,-35.4,43.49,ARM_SWING
20200,0.746,-0.572,-0.378,1.013,20.7,-10.1,-39.4,45.64,ARM_SWING
20250,0.732,-0.576,-0.389,1.009,26.8,-12.9,-38.4,48.57,ARM_SWING
20300,0.728,-0.566,-0.382,0.998,40.1,-12.3,-39.7,57.75,ARM_SWING
20350,0.737,-0.541,-0.378,0.989,48.3,-10.2,-46.3,67.68,ARM_SWING
20400,0.760,-0.547,-0.355,1.001,33.3,-14.3,-52.0,63.38,ARM_SWING
20450,0.792,-0.524,-0.346,1.011,46.2,-14.0,-61.5,78.18,ARM_SWING
20500,0.773,-0.497,-0.330,0.976,45.4,-16.4,-61.6,78.26,ARM_SWING
20550,0.790,-0.495,-0.310,0.982,30.7,-13.2,-59.3,68.07,ARM_SWING
20600,0.808,-0.448,-0.310,0.975,19.8,-12.3,-57.8,62.32,ARM_SWING
20650,0.792,-0.449,-0.271,0.950,34.2,-8.0,-55.2,65.43,ARM_SWING
20700,0.786,-0.460,-0.260,0.947,21.9,-4.0,-44.8,50.03,ARM_SWING
20750,0.771,-0.466,-0.277,0.943,20.3,1.0,-37.8,42.92,ARM_SWING
20800,0.768,-0.532,-0.291,0.979,8.3,6.5,-28.4,30.29,ARM_SWING
20850,0.797,-0.555,-0.319,1.022,-0.2,7.2,-18.6,19.95,ARM_SWING
20900,0.836,-0.585,-0.334,1.074,-5.9,4.9,-6.8,10.25,ARM_SWING
20950,0.879,-0.590,-0.317,1.105,-11.0,1.4,9.0,14.28,ARM_SWING
21000,0.877,-0.591,-0.296,1.098,-8.0,-0.4,26.4,27.59,ARM_SWING
21050,0.871,-0.589,-0.291,1.091,-24.5,0.2,41.5,48.19,ARM_SWING
21100,0.889,-0.580,-0.282,1.098,-42.6,-2.9,57.1,71.30,ARM_SWING
21150,0.868,-0.576,-0.276,1.078,-45.2,-2.6,69.3,82.78,ARM_SWING
21200,0.847,-0.567,-0.268,1.054,-49.7,1.1,74.8,89.81,ARM_SWING
21250,0.842,-0.559,-0.275,1.047,-48.3,-1.5,75.4,89.56,ARM_SWING
21300,0.832,-0.551,-0.253,1.029,-55.3,-7.0,77.0,95.06,ARM_SWING
21350,0.746,-0.577,-0.258,0.978,-45.9,-7.4,80.4,92.87,ARM_SWING
21400,0.732,-0.544,-0.263,0.949,-32.2,-2.1,72.8,79.63,ARM_SWING
21450,0.749,-0.515,-0.287,0.953,-22.6,-1.0,60.3,64.40,ARM_SWING
21500,0.726,-0.462,-0.302,0.912,-11.9,1.8,44.3,45.91,ARM_SWING
21550,0.736,-0.433,-0.357,0.926,-10.9,7.5,23.1,26.62,ARM_SWING
21600,0.752,-0.448,-0.353,0.944,-10.7,9.8,2.6,14.74,ARM_SWING
21650,0.767,-0.433,-0.386,0.962,-3.7,10.0,-16.1,19.31,ARM_SWING
21700,0.770,-0.459,-0.426,0.993,4.3,6.7,-35.1,35.99,ARM_SWING
21750,0.750,-0.460,-0.437,0.982,19.6,-2.1,-51.3,54.96,ARM_SWING
21800,0.733,-0.462,-0.406,0.957,25.8,-10.1,-64.2,69.92,ARM_SWING
21850,0.762,-0.469,-0.378,0.971,41.3,-13.3,-72.5,84.49,ARM_SWING
21900,0.784,-0.484,-0.350,0.986,45.8,-11.6,-79.3,92.31,ARM_SWING
21950,0.812,-0.486,-0.338,1.005,57.8,-6.9,-81.4,100.07,ARM_SWING
22000,0.815,-0.493,-0.318,1.004,47.6,-7.7,-78.9,92.47,ARM_SWING
22050,0.830,-0.513,-0.313,1.025,33.3,-9.0,-73.2,80.92,ARM_SWING
22100,0.828,-0.519,-0.299,1.022,27.7,-6.0,-65.0,70.91,ARM_SWING
22150,0.816,-0.503,-0.320,1.011,22.4,2.4,-48.8,53.75,ARM_SWING
22200,0.821,-0.534,-0.427,1.068,16.8,8.8,-30.6,36.00,ARM_SWING
22250,0.783,-0.489,-0.240,0.954,12.2,7.1,-19.1,23.75,ARM_SWING
22300,0.796,-0.498,-0.323,0.993,-18.9,1.3,-6.8,20.13,ARM_SWING
22350,0.824,-0.471,-0.334,1.006,21.2,10.7,5.1,24.29,ARM_SWING
22400,0.827,-0.476,-0.319,1.006,-1.7,5.5,12.8,14.03,ARM_SWING
22450,0.885,-0.477,-0.326,1.057,-23.0,-2.1,20.4,30.82,ARM_SWING
22500,0.902,-0.472,-0.312,1.065,-11.1,-14.4,25.6,31.40,ARM_SWING
22550,0.876,-0.527,-0.308,1.068,-38.3,-11.2,37.1,54.49,ARM_SWING
22600,0.844,-0.438,-0.284,0.992,-44.0,-9.5,38.0,58.91,ARM_SWING
22650,0.848,-0.522,-0.284,1.035,-10.9,-11.0,41.2,44.01,ARM_SWING
22700,0.809,-0.588,-0.258,1.033,-4.9,-2.9,53.4,53.70,ARM_SWING
22750,0.823,-0.579,-0.305,1.051,-33.7,0.2,59.1,68.03,ARM_SWING
22800,0.850,-0.501,-0.391,1.061,-31.9,-16.1,61.1,70.78,ARM_SWING
22850,0.827,-0.552,-0.309,1.041,-21.2,-22.6,60.1,67.62,ARM_SWING
22900,0.836,-0.560,-0.332,1.060,-18.0,-19.6,61.4,66.92,ARM_SWING
22950,0.811,-0.525,-0.305,1.013,-7.5,-18.3,59.4,62.61,ARM_SWING
23000,0.775,-0.503,-0.289,0.968,-2.0,-14.4,52.7,54.67,ARM_SWING
23050,0.719,-0.488,-0.326,0.928,-8.6,-10.4,38.0,40.33,ARM_SWING
23100,0.689,-0.500,-0.344,0.918,-2.3,-8.2,26.1,27.45,ARM_SWING
23150,0.675,-0.494,-0.360,0.911,-5.7,0.2,6.0,8.28,ARM_SWING
23200,0.700,-0.503,-0.402,0.951,-2.9,0.4,-11.4,11.77,ARM_SWING
23250,0.717,-0.491,-0.429,0.969,12.5,-3.0,-24.2,27.40,ARM_SWING
23300,0.700,-0.520,-0.415,0.966,16.8,-4.2,-33.7,37.89,ARM_SWING
23350,0.732,-0.484,-0.434,0.979,16.1,-0.3,-42.0,44.98,ARM_SWING
23400,0.713,-0.466,-0.392,0.938,21.0,3.0,-48.5,52.94,ARM_SWING
23450,0.728,-0.457,-0.361,0.932,23.4,7.1,-60.4,65.16,ARM_SWING
23500,0.794,-0.434,-0.357,0.973,49.2,4.4,-75.3,90.06,ARM_SWING
23550,0.817,-0.493,-0.333,1.011,60.4,4.2,-82.6,102.41,ARM_SWING
23600,0.854,-0.527,-0.319,1.053,34.9,-0.9,-80.2,87.47,ARM_SWING
23650,0.850,-0.543,-0.319,1.058,25.5,-2.2,-69.2,73.78,ARM_SWING
23700,0.835,-0.534,-0.298,1.035,17.9,-7.7,-51.1,54.69,ARM_SWING
23750,0.804,-0.523,-0.308,1.007,16.9,1.4,-36.3,40.07,ARM_SWING
23800,0.796,-0.508,-0.284,0.986,22.1,-3.3,-24.5,33.16,ARM_SWING
23850,0.794,-0.557,-0.306,1.017,10.1,-5.7,-15.4,19.28,ARM_SWING
23900,0.809,-0.549,-0.302,1.023,-1.5,-6.7,-3.3,7.62,ARM_SWING
23950,0.837,-0.541,-0.290,1.038,2.2,-2.3,4.0,5.11,ARM_SWING
24000,0.856,-0.545,-0.280,1.053,2.8,-2.5,13.3,13.82,ARM_SWING
24050,0.833,-0.542,-0.296,1.037,-12.2,1.8,28.9,31.42,ARM_SWING
24100,0.863,-0.521,-0.328,1.060,-16.8,-2.9,35.4,39.29,ARM_SWING
24150,0.843,-0.551,-0.315,1.055,-19.3,-8.1,46.6,51.08,ARM_SWING
24200,0.826,-0.552,-0.286,1.034,-25.2,-7.3,53.4,59.50,ARM_SWING
24250,0.818,-0.592,-0.276,1.047,-37.1,-1.6,55.0,66.36,ARM_SWING
24300,0.826,-0.603,-0.255,1.054,-47.1,0.0,59.5,75.89,ARM_SWING
24350,0.794,-0.553,-0.188,0.986,-21.9,5.8,62.2,66.20,ARM_SWING
24400,0.821,-0.568,-0.272,1.035,-53.4,-6.7,68.6,87.19,ARM_SWING
24450,0.802,-0.526,-0.263,0.995,-39.2,-8.8,70.4,81.06,ARM_SWING
24500,0.790,-0.508,-0.297,0.985,-23.6,-10.8,61.6,66.84,ARM_SWING
24550,0.761,-0.494,-0.300,0.956,-6.5,-8.6,47.4,48.61,ARM_SWING
24600,0.733,-0.509,-0.329,0.951,-9.9,-0.2,36.8,38.11,ARM_SWING
24650,0.737,-0.488,-0.378,0.961,-17.0,7.4,23.3,29.78,ARM_SWING
24700,0.699,-0.467,-0.388,0.926,-6.5,10.6,9.8,15.83,ARM_SWING
24750,0.666,-0.402,-0.412,0.880,1.8,3.8,-3.5,5.47,ARM_SWING
24800,0.694,-0.430,-0.450,0.932,8.0,-5.6,-18.4,20.83,ARM_SWING
24850,0.690,-0.472,-0.431,0.941,32.3,-12.1,-37.2,50.73,ARM_SWING
24900,0.710,-0.519,-0.421,0.975,37.4,-13.3,-49.2,63.22,ARM_SWING
24950,0.709,-0.482,-0.377,0.937,31.9,-7.4,-60.5,68.79,ARM_SWING
25000,0.721,-0.487,-0.367,0.944,49.8,-3.3,-77.0,91.76,ARM_SWING
25050,0.736,-0.508,-0.336,0.955,61.6,1.4,-84.9,104.90,ARM_SWING
25100,0.742,-0.536,-0.315,0.968,50.1,1.9,-85.1,98.77,ARM_SWING
25150,0.784,-0.569,-0.310,1.017,28.2,-0.9,-82.4,87.10,ARM_SWING
25200,0.856,-0.567,-0.303,1.071,27.6,-6.1,-76.8,81.84,ARM_SWING
25250,0.852,-0.600,-0.283,1.080,38.7,-11.5,-63.6,75.33,ARM_SWING
25300,0.846,-0.636,-0.275,1.094,31.9,-7.5,-42.3,53.51,ARM_SWING
25350,0.825,-0.624,-0.274,1.070,17.9,-0.7,-19.0,26.11,ARM_SWING
25400,0.801,-0.611,-0.285,1.047,6.6,-2.5,-1.4,7.20,ARM_SWING
25450,0.824,-0.597,-0.305,1.062,-14.4,0.8,11.8,18.63,ARM_SWING
25500,0.855,-0.556,-0.301,1.063,-14.3,-5.3,24.9,29.20,ARM_SWING
25550,0.862,-0.544,-0.282,1.058,-9.5,-7.4,34.3,36.35,ARM_SWING
25600,0.868,-0.535,-0.247,1.049,-15.8,-5.7,44.0,47.10,ARM_SWING
25650,0.871,-0.527,-0.212,1.040,-26.6,2.3,51.8,58.28,ARM_SWING
25700,0.852,-0.554,-0.223,1.040,-46.2,11.9,60.2,76.81,ARM_SWING
25750,0.836,-0.559,-0.258,1.038,-55.7,13.1,75.1,94.41,ARM_SWING
25800,0.847,-0.478,-0.265,1.008,-71.3,8.8,79.5,107.15,ARM_SWING
25850,0.842,-0.530,-0.338,1.051,-47.0,-0.8,80.2,92.96,ARM_SWING
25900,0.843,-0.491,-0.329,1.030,-26.1,-5.4,75.1,79.69,ARM_SWING
25950,0.783,-0.435,-0.375,0.971,-22.8,-2.0,65.3,69.19,ARM_SWING
26000,0.764,-0.385,-0.368,0.931,-22.1,-3.0,46.2,51.30,ARM_SWING
26050,0.765,-0.331,-0.358,0.907,-5.5,-8.6,12.2,15.91,ARM_SWING
26100,0.742,-0.362,-0.345,0.895,16.6,-10.0,-22.4,29.62,ARM_SWING
26150,0.775,-0.402,-0.361,0.945,16.2,-10.3,-46.2,50.03,ARM_SWING
26200,0.777,-0.411,-0.340,0.942,25.5,-7.8,-64.6,69.89,ARM_SWING
26250,0.787,-0.447,-0.333,0.964,43.3,-5.8,-78.8,90.10,ARM_SWING
26300,0.809,-0.489,-0.302,0.992,47.2,-6.0,-84.4,96.89,ARM_SWING
26350,0.826,-0.496,-0.281,1.004,58.3,-7.3,-85.4,103.66,ARM_SWING
26400,0.817,-0.503,-0.257,0.993,50.0,-8.6,-84.4,98.47,ARM_SWING
26450,0.810,-0.503,-0.232,0.981,33.6,-1.8,-82.5,89.10,ARM_SWING
26500,0.820,-0.485,-0.248,0.984,29.1,8.8,-78.4,84.09,ARM_SWING
26550,0.825,-0.527,-0.255,1.012,15.1,19.6,-69.0,73.30,ARM_SWING
26600,0.847,-0.524,-0.259,1.029,-0.5,21.5,-49.7,54.15,ARM_SWING
26650,0.899,-0.536,-0.290,1.086,-24.2,15.3,-29.6,41.18,ARM_SWING
26700,0.950,-0.540,-0.292,1.131,-16.5,11.6,-9.3,22.21,ARM_SWING
26750,0.947,-0.501,-0.276,1.106,3.7,6.0,17.0,18.40,ARM_SWING
26800,0.916,-0.490,-0.239,1.066,-6.0,1.5,33.8,34.36,ARM_SWING
26850,0.901,-0.495,-0.235,1.055,-34.8,-4.4,43.1,55.57,ARM_SWING
26900,0.917,-0.509,-0.183,1.065,-52.0,-5.7,52.6,74.18,ARM_SWING
26950,0.931,-0.546,-0.198,1.097,-44.1,-8.9,74.4,86.94,ARM_SWING
27000,0.920,-0.557,-0.210,1.096,-33.7,-7.3,94.9,100.97,ARM_SWING
27050,0.878,-0.543,-0.210,1.053,-39.2,-10.5,106.2,113.69,ARM_SWING
27100,0.868,-0.503,-0.306,1.049,-48.4,-22.5,105.2,117.97,ARM_SWING
27150,0.871,-0.499,-0.232,1.030,-61.5,-17.7,90.3,110.68,ARM_SWING
27200,0.837,-0.433,-0.241,0.973,-36.0,-10.1,71.6,80.77,ARM_SWING
27250,0.795,-0.437,-0.237,0.938,-21.9,-3.8,49.8,54.54,ARM_SWING
27300,0.746,-0.402,-0.265,0.888,-14.4,1.6,27.1,30.73,ARM_SWING
27350,0.705,-0.378,-0.277,0.847,-10.2,5.8,-3.0,12.11,ARM_SWING
27400,0.729,-0.393,-0.311,0.885,-0.4,7.0,-35.7,36.38,ARM_SWING
27450,0.741,-0.476,-0.358,0.951,15.4,6.3,-52.5,55.07,ARM_SWING
27500,0.768,-0.488,-0.354,0.976,24.0,3.1,-57.8,62.66,ARM_SWING
27550,0.797,-0.485,-0.348,0.996,39.3,-1.5,-61.9,73.34,ARM_SWING
27600,0.818,-0.470,-0.279,0.984,57.6,-8.1,-66.5,88.35,ARM_SWING
27650,0.832,-0.462,-0.283,0.993,60.2,-14.0,-69.1,92.71,ARM_SWING
27700,0.803,-0.482,-0.243,0.968,56.2,-18.5,-69.6,91.35,ARM_SWING
27750,0.792,-0.467,-0.236,0.949,45.9,-15.8,-68.8,84.20,ARM_SWING
27800,0.803,-0.488,-0.235,0.969,46.3,-9.1,-64.3,79.76,ARM_SWING
27850,0.794,-0.510,-0.249,0.976,36.8,1.1,-54.8,66.02,ARM_SWING
27900,0.851,-0.521,-0.261,1.031,26.7,7.0,-46.8,54.33,ARM_SWING
27950,0.890,-0.569,-0.283,1.094,14.9,9.6,-32.8,37.28,ARM_SWING
28000,0.924,-0.547,-0.317,1.120,13.0,8.6,-10.8,18.96,ARM_SWING
28050,0.874,-0.553,-0.301,1.077,5.8,5.2,11.2,13.64,ARM_SWING
28100,0.868,-0.532,-0.306,1.063,-5.7,8.6,23.3,25.48,ARM_SWING
28150,0.859,-0.530,-0.258,1.042,-21.5,1.9,28.0,35.35,ARM_SWING
28200,0.880,-0.577,-0.247,1.081,-25.6,-2.5,37.7,45.64,ARM_SWING
28250,0.900,-0.590,-0.231,1.101,-31.9,-11.1,54.6,64.20,ARM_SWING
28300,0.903,-0.596,-0.208,1.102,-37.6,-10.6,70.0,80.16,ARM_SWING
28350,0.896,-0.577,-0.203,1.085,-38.5,-6.3,82.4,91.17,ARM_SWING
28400,0.860,-0.594,-0.264,1.078,-43.5,-16.2,89.1,100.47,ARM_SWING
28450,0.878,-0.496,-0.231,1.035,-54.8,-8.7,79.4,96.87,ARM_SWING
28500,0.825,-0.498,-0.246,0.995,-41.4,-6.0,72.2,83.44,ARM_SWING
28550,0.788,-0.484,-0.266,0.962,-37.8,-4.3,56.3,67.95,ARM_SWING
28600,0.752,-0.448,-0.301,0.926,-28.9,-8.0,35.7,46.62,ARM_SWING
28650,0.718,-0.468,-0.292,0.905,-20.5,-8.0,16.0,27.21,ARM_SWING
28700,0.696,-0.454,-0.325,0.892,-7.0,-9.6,-3.4,12.36,ARM_SWING
28750,0.695,-0.481,-0.328,0.907,-3.5,-3.0,-18.9,19.45,ARM_SWING
28800,0.705,-0.479,-0.350,0.921,0.4,0.9,-26.1,26.12,ARM_SWING
28850,0.723,-0.452,-0.347,0.921,6.6,3.9,-36.5,37.30,ARM_SWING
28900,0.780,-0.399,-0.361,0.948,19.0,-4.3,-50.2,53.85,ARM_SWING
28950,0.775,-0.441,-0.330,0.951,43.9,-0.9,-63.5,77.20,ARM_SWING
29000,0.796,-0.441,-0.382,0.987,33.9,10.5,-72.6,80.81,ARM_SWING
29050,0.839,-0.469,-0.358,1.026,32.4,10.9,-76.9,84.16,ARM_SWING
29100,0.851,-0.447,-0.332,1.017,35.3,0.6,-73.7,81.72,ARM_SWING
29150,0.843,-0.524,-0.303,1.038,26.2,-1.6,-63.5,68.71,ARM_SWING
29200,0.830,-0.508,-0.325,1.026,-2.1,1.8,-46.2,46.28,ARM_SWING
29250,0.842,-0.468,-0.323,1.016,19.4,-2.2,-32.4,37.83,ARM_SWING
29300,0.800,-0.507,-0.312,0.997,36.4,-6.8,-17.6,41.00,ARM_SWING
29350,0.787,-0.524,-0.324,0.999,27.4,-6.0,-4.5,28.41,ARM_SWING
29400,0.849,-0.536,-0.306,1.050,12.7,-2.2,-0.9,12.92,ARM_SWING
29450,0.858,-0.528,-0.288,1.048,9.9,-5.3,11.8,16.29,ARM_SWING
29500,0.819,-0.521,-0.292,1.014,-5.6,0.3,27.9,28.46,ARM_SWING
29550,0.779,-0.474,-0.283,0.955,-23.5,5.9,32.9,40.86,ARM_SWING
29600,0.803,-0.501,-0.276,0.986,-37.8,4.5,26.9,46.61,ARM_SWING
29650,0.913,-0.528,-0.319,1.102,-31.5,-2.3,31.2,44.40,ARM_SWING
29700,0.919,-0.530,-0.312,1.106,-20.9,-7.3,44.5,49.70,ARM_SWING
29750,0.878,-0.560,-0.287,1.080,-29.1,-4.6,52.3,60.03,ARM_SWING
29800,0.848,-0.543,-0.281,1.045,-40.3,-2.3,55.4,68.55,ARM_SWING
29850,0.799,-0.566,-0.264,1.014,-53.4,-7.0,52.5,75.21,ARM_SWING
29900,0.833,-0.537,-0.265,1.026,-46.2,-4.4,52.0,69.70,ARM_SWING
29950,0.814,-0.497,-0.277,0.993,-30.6,-7.1,52.5,61.18,ARM_SWING
Recording stopped

Samples dumped: 600
