
Recording started
time,accelX,accelY,accelZ,accelMagnitude,gyroX,gyroY,gyroZ,gyroMagnitude,activity
0,0.806,-0.461,-0.288,0.972,-28.5,7.9,34.7,45.59,ARM_SWING
50,0.830,-0.475,-0.307,1.004,-35.8,17.0,19.4,44.12,ARM_SWING
100,0.827,-0.500,-0.290,1.009,-30.4,6.2,18.7,36.23,ARM_SWING
150,0.830,-0.461,-0.297,0.995,-21.4,2.2,17.8,27.92,ARM_SWING
200,0.810,-0.455,-0.268,0.967,-12.6,0.3,14.3,19.06,ARM_SWING
250,0.801,-0.436,-0.292,0.958,-7.4,4.7,6.7,11.03,ARM_SWING
300,0.797,-0.435,-0.291,0.953,-2.1,2.3,0.4,3.14,ARM_SWING
350,0.795,-0.439,-0.309,0.959,1.6,3.4,-8.7,9.48,ARM_SWING
400,0.808,-0.450,-0.320,0.979,8.8,1.6,-20.3,22.18,ARM_SWING
450,0.820,-0.473,-0.312,0.997,14.2,-7.4,-20.0,25.62,ARM_SWING
500,0.817,-0.479,-0.298,0.993,17.5,-4.6,-23.1,29.34,ARM_SWING
550,0.819,-0.507,-0.294,1.007,21.2,-12.6,-26.3,36.05,ARM_SWING
600,0.827,-0.534,-0.298,1.029,20.3,-14.4,-22.7,33.69,ARM_SWING
650,0.814,-0.540,-0.299,1.022,24.1,-20.2,-15.6,35.10,ARM_SWING
700,0.798,-0.513,-0.298,0.994,23.5,-23.8,-10.9,35.18,ARM_SWING
750,0.791,-0.503,-0.294,0.982,34.1,-22.6,-10.7,42.29,ARM_SWING
800,0.793,-0.501,-0.286,0.981,35.0,-22.4,-12.8,43.48,ARM_SWING
850,0.795,-0.503,-0.283,0.982,32.1,-22.0,-12.3,40.81,ARM_SWING
900,0.794,-0.506,-0.289,0.985,29.1,-22.1,-10.0,37.88,ARM_SWING
950,0.784,-0.494,-0.292,0.972,19.1,-17.7,-10.5,28.08,ARM_SWING
1000,0.783,-0.504,-0.304,0.980,17.1,-10.7,-13.7,24.38,ARM_SWING
1050,0.779,-0.514,-0.312,0.984,12.3,-8.8,-14.3,20.81,ARM_SWING
1100,0.770,-0.524,-0.311,0.982,5.2,-1.8,-13.9,14.95,ARM_SWING
1150,0.770,-0.540,-0.313,0.991,-2.1,1.8,-12.3,12.61,ARM_SWING
1200,0.777,-0.544,-0.313,0.999,-1.9,1.1,-6.5,6.86,ARM_SWING
1250,0.786,-0.550,-0.306,1.007,-9.1,5.8,-0.9,10.83,ARM_SWING
1300,0.793,-0.548,-0.301,1.010,-13.2,4.4,9.5,16.85,ARM_SWING
1350,0.805,-0.541,-0.300,1.015,-15.9,2.5,14.3,21.53,ARM_SWING
1400,0.805,-0.516,-0.297,1.001,-18.7,2.8,21.5,28.63,ARM_SWING
1450,0.798,-0.516,-0.295,0.995,-24.9,11.1,20.6,34.17,ARM_SWING
1500,0.808,-0.505,-0.293,0.997,-27.5,8.2,22.6,36.53,ARM_SWING
1550,0.821,-0.508,-0.292,1.009,-31.5,4.6,24.8,40.35,ARM_SWING
1600,0.825,-0.492,-0.291,1.004,-26.4,4.9,26.2,37.52,ARM_SWING
1650,0.834,-0.471,-0.294,1.002,-23.1,4.6,28.5,36.97,ARM_SWING
1700,0.829,-0.456,-0.294,0.991,-20.9,5.5,25.3,33.27,ARM_SWING
1750,0.835,-0.390,-0.267,0.959,-10.2,7.6,23.7,26.90,ARM_SWING
1800,0.807,-0.449,-0.294,0.969,-14.9,5.3,15.1,21.87,ARM_SWING
1850,0.812,-0.425,-0.302,0.965,-4.9,-1.6,6.1,7.99,ARM_SWING
1900,0.811,-0.424,-0.302,0.964,-0.4,-2.1,-3.5,4.10,ARM_SWING
1950,0.814,-0.443,-0.299,0.974,3.3,-6.0,-8.6,10.99,ARM_SWING
2000,0.820,-0.458,-0.301,0.986,13.3,-5.6,-14.6,20.53,ARM_SWING
2050,0.823,-0.468,-0.296,0.992,19.3,-8.8,-17.2,27.31,ARM_SWING
2100,0.818,-0.476,-0.288,0.989,19.2,-14.3,-35.0,42.40,ARM_SWING
2150,0.811,-0.483,-0.286,0.986,20.5,-15.6,-16.7,30.70,ARM_SWING
2200,0.813,-0.489,-0.288,0.991,21.0,-9.1,-21.2,31.20,ARM_SWING
2250,0.813,-0.495,-0.293,0.996,24.0,-12.8,-20.6,34.12,ARM_SWING
2300,0.806,-0.505,-0.291,0.995,21.9,-16.5,-15.4,31.45,ARM_SWING
2350,0.806,-0.500,-0.297,0.994,23.7,-15.6,-16.5,32.82,ARM_SWING
2400,0.807,-0.509,-0.302,1.001,20.7,-13.3,-14.9,28.76,ARM_SWING
2450,0.812,-0.505,-0.304,1.003,19.6,-13.3,-11.7,26.42,ARM_SWING
2500,0.804,-0.503,-0.308,0.997,19.3,-14.0,-7.6,25.02,ARM_SWING
2550,0.792,-0.494,-0.302,0.981,16.5,-8.6,-6.5,19.71,ARM_SWING
2600,0.782,-0.501,-0.298,0.975,13.4,-9.7,-8.8,18.74,ARM_SWING
2650,0.787,-0.509,-0.300,0.984,6.3,-1.0,-6.1,8.83,ARM_SWING
2700,0.800,-0.518,-0.303,1.000,0.7,-17.2,0.0,17.21,ARM_SWING
2750,0.802,-0.514,-0.305,1.000,3.3,-7.5,2.3,8.51,ARM_SWING
2800,0.792,-0.509,-0.303,0.989,-4.6,-5.3,6.3,9.43,ARM_SWING
2850,0.793,-0.504,-0.298,0.986,-9.3,6.3,8.3,13.97,ARM_SWING
2900,0.783,-0.511,-0.289,0.979,-13.4,4.6,4.9,14.99,ARM_SWING
2950,0.783,-0.521,-0.289,0.984,-19.7,9.5,6.3,22.76,ARM_SWING
3000,0.812,-0.524,-0.302,1.012,-19.6,7.7,9.3,23.02,ARM_SWING
3050,0.820,-0.517,-0.302,1.015,-18.6,6.2,15.8,25.18,ARM_SWING
3100,0.815,-0.496,-0.303,1.001,-25.4,11.2,19.6,33.98,ARM_SWING
3150,0.807,-0.482,-0.297,0.986,-27.1,3.9,21.0,34.51,ARM_SWING
3200,0.803,-0.504,-0.296,0.993,-26.3,8.4,18.1,33.01,ARM_SWING
3250,0.806,-0.519,-0.293,1.002,-27.6,8.1,21.1,35.67,ARM_SWING
3300,0.805,-0.497,-0.291,0.990,-20.3,2.6,20.9,29.25,ARM_SWING
3350,0.811,-0.484,-0.299,0.991,-13.6,1.8,22.9,26.69,ARM_SWING
3400,0.812,-0.461,-0.301,0.981,-11.4,4.1,17.5,21.28,ARM_SWING
3450,0.812,-0.448,-0.300,0.975,-6.2,5.8,13.5,15.95,ARM_SWING
3500,0.807,-0.435,-0.303,0.966,-1.1,0.3,6.3,6.40,ARM_SWING
3550,0.812,-0.427,-0.306,0.967,4.2,-4.6,-3.6,7.19,ARM_SWING
3600,0.810,-0.442,-0.300,0.970,9.4,-7.0,-9.8,15.28,ARM_SWING
3650,0.810,-0.459,-0.299,0.978,9.9,-3.2,-16.5,19.51,ARM_SWING
3700,0.812,-0.465,-0.301,0.983,12.9,-8.6,-19.3,24.76,ARM_SWING
3750,0.815,-0.474,-0.303,0.990,13.8,-7.4,-23.5,28.24,ARM_SWING
3800,0.820,-0.484,-0.301,0.999,17.6,-13.6,-23.1,32.07,ARM_SWING
3850,0.830,-0.496,-0.294,1.011,18.1,-11.9,-22.9,31.52,ARM_SWING
3900,0.829,-0.500,-0.293,1.011,19.6,-11.4,-18.9,29.52,ARM_SWING
3950,0.816,-0.504,-0.289,1.002,21.4,-14.4,-14.9,29.79,ARM_SWING
4000,0.806,-0.495,-0.292,0.990,21.4,-18.4,-9.8,29.88,ARM_SWING
4050,0.798,-0.491,-0.292,0.981,21.5,-17.2,-9.6,29.16,ARM_SWING
4100,0.802,-0.489,-0.289,0.983,20.0,-13.3,-8.1,25.35,ARM_SWING
4150,0.799,-0.493,-0.292,0.983,20.2,-13.5,-5.1,24.83,ARM_SWING
4200,0.792,-0.496,-0.298,0.981,15.1,-5.2,-4.9,16.71,ARM_SWING
4250,0.789,-0.487,-0.299,0.974,12.8,-6.7,-1.5,14.53,ARM_SWING
4300,0.788,-0.505,-0.301,0.983,6.6,0.7,0.9,6.70,ARM_SWING
4350,0.797,-0.514,-0.302,0.995,4.2,0.4,-2.4,4.85,ARM_SWING
4400,0.794,-0.523,-0.304,0.998,-0.8,1.5,7.2,7.40,ARM_SWING
4450,0.786,-0.522,-0.300,0.990,-4.6,3.5,6.1,8.40,ARM_SWING
4500,0.795,-0.522,-0.306,0.999,-10.7,5.8,7.2,14.14,ARM_SWING
4550,0.811,-0.523,-0.312,1.014,-11.9,4.9,10.9,16.87,ARM_SWING
4600,0.813,-0.513,-0.307,1.009,-13.5,1.8,15.4,20.56,ARM_SWING
4650,0.798,-0.510,-0.302,0.994,-19.3,8.6,13.3,24.97,ARM_SWING
4700,0.800,-0.514,-0.292,0.995,-24.4,8.3,13.4,29.05,ARM_SWING
4750,0.816,-0.510,-0.290,1.005,-26.7,9.1,12.7,30.94,ARM_SWING
4800,0.814,-0.504,-0.285,0.999,-25.4,9.8,16.6,31.89,ARM_SWING
4850,0.808,-0.495,-0.275,0.987,-26.1,6.5,16.1,31.35,ARM_SWING
4900,0.819,-0.475,-0.280,0.987,-28.8,12.7,14.0,34.45,ARM_SWING
4950,0.823,-0.464,-0.289,0.988,-25.0,14.8,9.6,30.60,ARM_SWING
5000,0.831,-0.454,-0.293,0.991,-20.4,4.7,10.0,23.20,ARM_SWING
5050,0.832,-0.451,-0.292,0.990,-15.7,9.8,8.4,20.32,ARM_SWING
5100,0.831,-0.445,-0.295,0.988,-9.0,3.5,3.2,10.17,ARM_SWING
5150,0.834,-0.436,-0.291,0.985,-8.7,5.2,0.4,10.14,ARM_SWING
5200,0.859,-0.424,-0.288,1.000,8.4,-7.9,-5.7,12.86,ARM_SWING
5250,0.852,-0.437,-0.278,0.997,21.7,-11.6,-6.9,25.56,ARM_SWING
5300,0.817,-0.441,-0.266,0.966,20.5,-10.6,-9.7,25.03,ARM_SWING
5350,0.809,-0.441,-0.264,0.958,17.0,-8.6,-15.6,24.62,ARM_SWING
5400,0.814,-0.450,-0.270,0.969,21.0,-10.7,-21.4,31.83,ARM_SWING
5450,0.809,-0.477,-0.270,0.977,19.5,-6.4,-25.4,32.66,ARM_SWING
5500,0.814,-0.487,-0.268,0.986,20.6,-16.8,-22.2,34.63,ARM_SWING
5550,0.828,-0.499,-0.281,1.007,25.9,-16.2,-18.4,35.66,ARM_SWING
5600,0.827,-0.507,-0.278,1.009,27.3,-18.1,-12.6,35.10,ARM_SWING
5650,0.819,-0.499,-0.280,0.999,21.3,-9.3,-9.0,24.92,ARM_SWING
5700,0.811,-0.489,-0.284,0.989,24.0,-14.7,-6.3,28.84,ARM_SWING
5750,0.807,-0.482,-0.288,0.983,22.4,-13.7,-7.9,27.42,ARM_SWING
5800,0.817,-0.485,-0.298,0.996,20.7,-12.9,-3.2,24.60,ARM_SWING
5850,0.813,-0.478,-0.305,0.991,20.3,-13.7,-1.6,24.54,ARM_SWING
5900,0.803,-0.474,-0.302,0.980,21.2,-14.9,-1.6,25.96,ARM_SWING
5950,0.795,-0.487,-0.303,0.980,11.9,-6.7,-3.2,14.03,ARM_SWING
6000,0.797,-0.496,-0.305,0.987,11.6,-4.9,-0.8,12.62,ARM_SWING
6050,0.792,-0.497,-0.300,0.982,2.8,-1.8,-2.8,4.35,ARM_SWING
6100,0.784,-0.516,-0.295,0.984,-2.2,-0.9,-0.8,2.51,ARM_SWING
6150,0.794,-0.522,-0.294,0.995,-9.3,1.6,-0.1,9.44,ARM_SWING
6200,0.798,-0.528,-0.289,1.000,-16.1,8.2,3.1,18.33,ARM_SWING
6250,0.802,-0.522,-0.293,1.001,-34.9,10.3,6.4,36.95,ARM_SWING
6300,0.800,-0.522,-0.293,0.999,-21.9,8.6,9.2,25.26,ARM_SWING
6350,0.789,-0.519,-0.290,0.988,-28.9,13.3,8.8,33.01,ARM_SWING
6400,0.793,-0.520,-0.285,0.990,-35.0,15.1,15.9,41.30,ARM_SWING
6450,0.801,-0.528,-0.287,1.001,-34.3,13.0,15.6,39.86,ARM_SWING
6500,0.815,-0.528,-0.289,1.013,-36.5,15.6,20.0,44.45,ARM_SWING
6550,0.833,-0.520,-0.282,1.022,-27.3,3.6,25.7,37.67,ARM_SWING
6600,0.841,-0.495,-0.273,1.013,-25.6,5.1,31.2,40.68,ARM_SWING
6650,0.841,-0.477,-0.270,1.004,-15.4,2.0,30.2,33.96,ARM_SWING
6700,0.830,-0.452,-0.278,0.985,-16.1,6.9,28.1,33.11,ARM_SWING
6750,0.793,-0.390,-0.288,0.929,-5.6,4.2,21.7,22.80,ARM_SWING
6800,0.803,-0.421,-0.278,0.948,-14.9,8.6,6.0,18.22,ARM_SWING
6850,0.800,-0.423,-0.303,0.954,-6.4,1.6,-3.4,7.42,ARM_SWING
6900,0.801,-0.455,-0.291,0.966,3.2,-0.7,-8.5,9.11,ARM_SWING
6950,0.814,-0.461,-0.295,0.981,9.0,-1.9,-16.6,18.98,ARM_SWING
7000,0.824,-0.492,-0.290,1.003,10.5,-0.9,-20.0,22.61,ARM_SWING
7050,0.827,-0.503,-0.284,1.009,13.9,-10.8,-18.2,25.32,ARM_SWING
7100,0.824,-0.513,-0.279,1.010,11.4,-16.6,-13.3,24.13,ARM_SWING
7150,0.809,-0.505,-0.276,0.993,12.7,-10.5,-9.9,19.22,ARM_SWING
7200,0.805,-0.501,-0.275,0.987,17.8,-13.4,-11.4,25.03,ARM_SWING
7250,0.804,-0.504,-0.281,0.990,21.9,-16.5,-11.1,29.58,ARM_SWING
7300,0.807,-0.500,-0.285,0.991,22.1,-17.0,-8.1,29.03,ARM_SWING
7350,0.813,-0.488,-0.290,0.992,23.0,-10.7,-6.0,26.07,ARM_SWING
7400,0.809,-0.482,-0.295,0.987,26.7,-17.7,-1.1,32.05,ARM_SWING
7450,0.778,-0.470,-0.234,0.939,22.9,-14.4,-2.5,27.17,ARM_SWING
7500,0.792,-0.482,-0.299,0.974,21.9,-10.4,-10.9,26.58,ARM_SWING
7550,0.785,-0.514,-0.292,0.983,16.4,-5.4,-12.0,21.03,ARM_SWING
7600,0.773,-0.523,-0.293,0.978,9.3,-2.6,-9.3,13.41,ARM_SWING
7650,0.776,-0.540,-0.296,0.991,2.3,0.1,-11.3,11.53,ARM_SWING
7700,0.784,-0.551,-0.295,1.003,-16.8,0.3,-6.8,18.13,ARM_SWING
7750,0.785,-0.571,-0.295,1.015,-2.5,-0.2,-0.8,2.63,ARM_SWING
7800,0.780,-0.569,-0.292,1.009,-12.6,3.6,5.1,14.06,ARM_SWING
7850,0.772,-0.560,-0.282,0.995,-19.4,5.9,10.9,23.02,ARM_SWING
7900,0.808,-0.560,-0.288,1.024,-25.3,5.9,15.3,30.15,ARM_SWING
7950,0.827,-0.549,-0.290,1.034,-31.5,6.6,19.6,37.68,ARM_SWING
8000,0.821,-0.537,-0.293,1.024,-29.0,8.9,25.2,39.44,ARM_SWING
8050,0.822,-0.508,-0.294,1.010,-31.2,9.2,28.9,43.51,ARM_SWING
8100,0.818,-0.490,-0.290,0.997,-31.9,9.1,29.4,44.33,ARM_SWING
8150,0.815,-0.470,-0.286,0.983,-26.0,4.2,27.9,38.37,ARM_SWING
8200,0.788,-0.511,-0.299,0.986,-21.0,-0.4,24.4,32.20,ARM_SWING
8250,0.815,-0.472,-0.257,0.976,-23.3,9.2,16.1,29.78,ARM_SWING
8300,0.817,-0.462,-0.280,0.979,-17.7,4.4,6.9,19.50,ARM_SWING
8350,0.822,-0.454,-0.276,0.979,-11.9,4.6,5.6,13.93,ARM_SWING
8400,0.815,-0.456,-0.287,0.977,-3.6,-0.3,15.2,15.62,ARM_SWING
8450,0.817,-0.449,-0.276,0.972,4.3,-9.7,-1.8,10.76,ARM_SWING
8500,0.814,-0.458,-0.287,0.977,9.6,-4.0,-9.3,13.95,ARM_SWING
8550,0.809,-0.467,-0.287,0.977,18.2,-14.4,-12.8,26.50,ARM_SWING
8600,0.812,-0.479,-0.289,0.986,20.4,-8.8,-20.0,29.89,ARM_SWING
8650,0.810,-0.487,-0.290,0.989,23.7,-16.6,-18.5,34.34,ARM_SWING
8700,0.805,-0.487,-0.285,0.983,25.2,-21.2,-20.5,38.79,ARM_SWING
8750,0.804,-0.503,-0.291,0.992,28.9,-19.1,-22.1,41.09,ARM_SWING
8800,0.812,-0.502,-0.291,0.998,34.3,-19.8,-20.3,44.50,ARM_SWING
8850,0.794,-0.516,-0.283,0.988,34.3,-18.4,-17.8,42.80,ARM_SWING
8900,0.794,-0.519,-0.284,0.990,32.3,-19.1,-20.3,42.66,ARM_SWING
8950,0.789,-0.521,-0.284,0.987,30.8,-17.6,-17.5,39.56,ARM_SWING
9000,0.777,-0.520,-0.287,0.978,25.4,-14.2,-15.8,33.11,ARM_SWING
9050,0.783,-0.532,-0.299,0.993,17.9,-6.5,-17.0,25.53,ARM_SWING
9100,0.779,-0.538,-0.306,0.995,20.0,-12.7,-11.4,26.29,ARM_SWING
9150,0.772,-0.549,-0.306,0.996,11.6,-4.4,-6.9,14.20,ARM_SWING
9200,0.777,-0.552,-0.310,1.002,5.6,-5.1,-1.8,7.79,ARM_SWING
9250,0.783,-0.553,-0.315,1.009,3.6,-3.9,2.6,5.91,ARM_SWING
9300,0.783,-0.552,-0.314,1.008,-6.7,-0.7,10.9,12.81,ARM_SWING
9350,0.791,-0.530,-0.310,1.001,-9.3,7.1,10.7,15.86,ARM_SWING
9400,0.790,-0.517,-0.309,0.993,-13.6,4.2,11.4,18.24,ARM_SWING
9450,0.790,-0.519,-0.299,0.991,-14.9,5.1,11.5,19.50,ARM_SWING
9500,0.791,-0.532,-0.293,0.997,-20.3,6.4,10.8,23.87,ARM_SWING
9550,0.798,-0.530,-0.290,1.001,-21.7,5.5,16.0,27.52,ARM_SWING
9600,0.804,-0.540,-0.282,1.009,-21.6,4.4,21.1,30.51,ARM_SWING
9650,0.798,-0.522,-0.275,0.992,-20.3,10.1,19.8,30.10,ARM_SWING
9700,0.807,-0.513,-0.282,0.997,-17.7,7.2,21.7,28.91,ARM_SWING
9750,0.803,-0.501,-0.284,0.988,-19.3,8.5,35.3,41.12,ARM_SWING
9800,0.803,-0.481,-0.282,0.978,-17.9,9.7,13.1,24.21,ARM_SWING
9850,0.809,-0.472,-0.288,0.980,-8.8,0.6,12.8,15.54,ARM_SWING
9900,0.812,-0.460,-0.291,0.978,-4.7,0.8,8.6,9.83,ARM_SWING
9950,0.820,-0.454,-0.295,0.983,1.1,-2.3,2.6,3.64,ARM_SWING
10000,0.820,-0.448,-0.301,0.982,7.0,-6.7,-2.0,9.89,ARM_SWING
10050,0.804,-0.460,-0.296,0.972,10.9,-4.4,-12.1,16.87,ARM_SWING
10100,0.805,-0.470,-0.301,0.980,13.5,-8.8,-18.4,24.46,ARM_SWING
10150,0.811,-0.483,-0.294,0.989,19.6,-14.9,-20.4,31.97,ARM_SWING
10200,0.813,-0.497,-0.280,0.993,19.3,-9.4,-23.6,31.90,ARM_SWING
10250,0.818,-0.510,-0.278,1.003,22.8,-15.1,-26.1,37.80,ARM_SWING
10300,0.823,-0.516,-0.269,1.008,29.4,-18.6,-24.0,42.26,ARM_SWING
10350,0.817,-0.525,-0.265,1.007,28.0,-18.2,-19.7,38.77,ARM_SWING
10400,0.810,-0.510,-0.263,0.993,22.3,-12.6,-22.1,33.83,ARM_SWING
10450,0.807,-0.510,-0.266,0.991,25.2,-16.8,-17.2,34.83,ARM_SWING
10500,0.800,-0.506,-0.270,0.984,21.2,-12.5,-33.9,41.89,ARM_SWING
10550,0.795,-0.508,-0.284,0.985,16.5,-13.0,-12.0,24.19,ARM_SWING
10600,0.791,-0.518,-0.286,0.988,18.5,-12.2,-13.0,25.69,ARM_SWING
10650,0.794,-0.528,-0.296,0.998,11.2,-3.3,-11.9,16.67,ARM_SWING
10700,0.792,-0.545,-0.306,1.009,2.8,-17.9,-6.1,19.12,ARM_SWING
10750,0.785,-0.534,-0.307,0.998,1.4,-1.4,3.2,3.76,ARM_SWING
10800,0.764,-0.530,-0.289,0.974,-3.1,0.2,5.2,6.06,ARM_SWING
10850,0.785,-0.529,-0.281,0.987,-10.7,4.6,8.2,14.24,ARM_SWING
10900,0.790,-0.545,-0.275,0.998,-9.5,3.7,9.5,13.94,ARM_SWING
10950,0.801,-0.594,-0.283,1.037,-12.8,7.2,23.8,27.97,ARM_SWING
11000,0.793,-0.570,-0.274,1.014,-16.8,2.5,29.0,33.61,ARM_SWING
11050,0.799,-0.553,-0.271,1.009,-21.3,9.1,31.5,39.10,ARM_SWING
11100,0.804,-0.532,-0.272,1.002,-25.9,8.8,35.4,44.74,ARM_SWING
11150,0.807,-0.509,-0.277,0.994,-29.9,9.6,40.3,51.09,ARM_SWING
11200,0.811,-0.481,-0.281,0.984,-28.4,14.2,28.0,42.33,ARM_SWING
11250,0.819,-0.459,-0.282,0.980,-23.2,9.5,25.2,35.55,ARM_SWING
11300,0.819,-0.458,-0.283,0.980,-16.8,7.8,16.2,24.61,ARM_SWING
11350,0.793,-0.464,-0.286,0.962,-17.5,9.4,7.2,21.13,ARM_SWING
11400,0.811,-0.447,-0.295,0.972,-16.1,5.8,0.2,17.11,ARM_SWING
11450,0.813,-0.477,-0.299,0.989,-6.2,3.5,-5.6,9.06,ARM_SWING
11500,0.813,-0.480,-0.295,0.989,0.9,-4.1,-13.0,13.66,ARM_SWING
11550,0.812,-0.497,-0.291,0.996,2.7,1.5,-17.7,17.97,ARM_SWING
11600,0.809,-0.503,-0.291,0.996,2.9,-3.7,-16.5,17.16,ARM_SWING
11650,0.825,-0.504,-0.285,1.008,6.8,-10.0,-21.1,24.32,ARM_SWING
11700,0.827,-0.510,-0.283,1.012,13.7,-14.4,-34.3,39.64,ARM_SWING
11750,0.820,-0.504,-0.273,1.000,19.2,-17.5,-16.0,30.51,ARM_SWING
11800,0.813,-0.490,-0.272,0.987,23.5,-16.9,-16.2,33.17,ARM_SWING
11850,0.806,-0.489,-0.274,0.982,23.1,-17.2,-16.5,33.19,ARM_SWING
11900,0.807,-0.474,-0.282,0.977,22.1,-15.5,-19.4,33.24,ARM_SWING
11950,0.803,-0.475,-0.286,0.976,23.6,-16.3,-17.1,33.39,ARM_SWING
12000,0.796,-0.482,-0.290,0.975,24.3,-15.8,-18.6,34.44,ARM_SWING
12050,0.790,-0.492,-0.301,0.978,22.1,-13.1,-17.9,31.31,ARM_SWING
12100,0.793,-0.488,-0.307,0.980,22.0,-15.7,-15.9,31.36,ARM_SWING
12150,0.789,-0.509,-0.309,0.988,17.7,-6.3,-18.9,26.65,ARM_SWING
12200,0.790,-0.519,-0.316,0.997,14.4,-7.7,-12.1,20.32,ARM_SWING
12250,0.780,-0.528,-0.314,0.993,7.4,-5.0,-8.0,11.99,ARM_SWING
12300,0.776,-0.531,-0.313,0.991,1.2,2.3,-3.2,4.12,ARM_SWING
12350,0.783,-0.537,-0.313,1.000,-5.6,5.5,1.0,7.91,ARM_SWING
12400,0.789,-0.536,-0.316,1.005,-6.8,-0.2,6.7,9.55,ARM_SWING
12450,0.794,-0.532,-0.310,1.005,-14.7,9.3,15.0,22.97,ARM_SWING
12500,0.793,-0.516,-0.306,0.994,-19.6,0.4,20.0,28.01,ARM_SWING
12550,0.786,-0.515,-0.298,0.986,-23.3,8.1,16.3,29.57,ARM_SWING
12600,0.794,-0.523,-0.291,0.994,-26.6,7.5,25.1,37.33,ARM_SWING
12650,0.820,-0.522,-0.296,1.016,-28.7,9.3,23.5,38.24,ARM_SWING
12700,0.820,-0.507,-0.290,1.007,-30.5,9.9,28.8,43.10,ARM_SWING
12750,0.814,-0.482,-0.290,0.989,-32.0,12.6,26.2,43.23,ARM_SWING
12800,0.814,-0.467,-0.293,0.983,-27.5,10.1,25.6,38.91,ARM_SWING
12850,0.826,-0.465,-0.293,0.992,-22.6,7.0,22.9,32.93,ARM_SWING
12900,0.828,-0.459,-0.299,0.993,-18.8,4.0,20.6,28.17,ARM_SWING
12950,0.821,-0.471,-0.316,0.998,-20.3,5.6,13.5,25.01,ARM_SWING
13000,0.836,-0.425,-0.300,0.985,-5.4,1.8,7.9,9.74,ARM_SWING
13050,0.829,-0.424,-0.301,0.979,-0.1,1.1,2.2,2.46,ARM_SWING
13100,0.822,-0.431,-0.296,0.974,4.6,-1.5,-1.4,5.04,ARM_SWING
13150,0.822,-0.433,-0.294,0.974,13.9,-2.8,-12.0,18.58,ARM_SWING
13200,0.821,-0.451,-0.297,0.983,22.2,-10.7,-17.5,30.23,ARM_SWING
13250,0.820,-0.474,-0.296,0.992,16.0,-5.7,-27.0,31.90,ARM_SWING
13300,0.821,-0.481,-0.299,0.997,17.6,-10.3,-25.9,32.96,ARM_SWING
13350,0.820,-0.493,-0.294,1.001,23.8,-12.1,-28.9,39.35,ARM_SWING
13400,0.820,-0.493,-0.298,1.002,26.8,-11.6,-26.8,39.64,ARM_SWING
13450,0.818,-0.483,-0.302,0.997,31.5,-16.5,-18.9,40.27,ARM_SWING
13500,0.805,-0.483,-0.296,0.984,32.4,-19.8,-21.4,43.59,ARM_SWING
13550,0.802,-0.488,-0.298,0.985,28.9,-16.7,-21.4,39.65,ARM_SWING
13600,0.800,-0.491,-0.303,0.986,26.0,-18.8,-19.1,37.34,ARM_SWING
13650,0.799,-0.506,-0.314,0.997,19.3,-9.0,-16.2,26.76,ARM_SWING
13700,0.793,-0.503,-0.316,0.991,18.4,-14.6,-10.2,25.61,ARM_SWING
13750,0.783,-0.497,-0.314,0.979,16.6,-11.8,-9.7,22.56,ARM_SWING
13800,0.783,-0.522,-0.312,0.991,13.1,-10.0,-7.0,17.91,ARM_SWING
13850,0.784,-0.517,-0.308,0.988,5.8,-4.1,-3.8,8.06,ARM_SWING
13900,0.791,-0.524,-0.309,0.998,0.0,-1.0,6.5,6.58,ARM_SWING
13950,0.785,-0.512,-0.305,0.986,-5.7,1.4,5.9,8.32,ARM_SWING
14000,0.796,-0.508,-0.308,0.993,-6.3,1.0,11.9,13.50,ARM_SWING
14050,0.784,-0.508,-0.302,0.982,-11.0,0.7,14.7,18.37,ARM_SWING
14100,0.794,-0.520,-0.297,0.995,-19.9,8.8,13.8,25.77,ARM_SWING
14150,0.800,-0.528,-0.290,1.001,-24.0,7.3,19.2,31.59,ARM_SWING
14200,0.806,-0.537,-0.287,1.010,-38.4,20.6,23.0,49.27,ARM_SWING
14250,0.813,-0.507,-0.291,1.001,-40.0,34.6,28.2,59.94,ARM_SWING
14300,0.822,-0.485,-0.294,0.999,-35.0,16.1,25.3,46.09,ARM_SWING
14350,0.819,-0.462,-0.299,0.987,-30.5,16.5,21.7,40.91,ARM_SWING
14400,0.819,-0.462,-0.300,0.987,-21.4,11.0,19.6,31.03,ARM_SWING
14450,0.822,-0.447,-0.296,0.981,-20.9,11.1,19.1,30.41,ARM_SWING
14500,0.819,-0.444,-0.305,0.980,-21.7,14.3,14.7,29.86,ARM_SWING
14550,0.821,-0.439,-0.305,0.980,-18.4,13.5,5.6,23.50,ARM_SWING
14600,0.837,-0.442,-0.311,0.996,-12.8,3.2,4.1,13.82,ARM_SWING
14650,0.854,-0.465,-0.314,1.022,-2.9,-0.5,-2.3,3.73,ARM_SWING
14700,0.839,-0.455,-0.305,1.002,5.5,-10.0,-1.5,11.51,ARM_SWING
14750,0.817,-0.448,-0.292,0.976,6.1,-7.2,-6.9,11.69,ARM_SWING
14800,0.813,-0.456,-0.285,0.975,15.2,-15.9,-10.3,24.29,ARM_SWING
14850,0.816,-0.471,-0.282,0.983,13.5,-17.0,-12.4,25.00,ARM_SWING
14900,0.819,-0.481,-0.281,0.990,17.5,-14.1,-17.2,28.30,ARM_SWING
14950,0.825,-0.474,-0.280,0.992,24.5,-18.7,-13.8,33.77,ARM_SWING
15000,0.814,-0.474,-0.281,0.983,24.4,-15.2,-19.1,34.51,ARM_SWING
15050,0.805,-0.474,-0.284,0.976,27.2,-19.8,-17.7,38.02,ARM_SWING
15100,0.822,-0.472,-0.290,0.991,28.2,-14.7,-20.6,37.89,ARM_SWING
15150,0.804,-0.476,-0.297,0.980,25.7,-8.6,-22.2,35.03,ARM_SWING
15200,0.800,-0.481,-0.305,0.982,22.3,-9.6,-21.2,32.23,ARM_SWING
15250,0.803,-0.491,-0.313,0.992,22.8,-14.1,-19.3,33.03,ARM_SWING
15300,0.807,-0.508,-0.315,1.004,20.8,-12.6,-16.6,29.44,ARM_SWING
15350,0.799,-0.521,-0.325,1.008,14.0,-14.2,-11.2,22.87,ARM_SWING
15400,0.795,-0.513,-0.328,1.001,9.7,-7.2,-8.1,14.54,ARM_SWING
15450,0.795,-0.516,-0.321,1.001,11.4,-8.8,-4.3,15.03,ARM_SWING
15500,0.782,-0.512,-0.309,0.984,7.2,-7.7,3.3,11.05,ARM_SWING
15550,0.785,-0.507,-0.301,0.982,2.8,-6.0,4.4,7.95,ARM_SWING
15600,0.784,-0.503,-0.297,0.978,-3.5,0.5,6.6,7.49,ARM_SWING
15650,0.785,-0.508,-0.300,0.982,-7.4,1.7,8.6,11.47,ARM_SWING
15700,0.777,-0.514,-0.302,0.979,-15.6,5.1,10.6,19.54,ARM_SWING
15750,0.782,-0.527,-0.304,0.991,-23.5,12.1,13.7,29.77,ARM_SWING
15800,0.793,-0.538,-0.311,1.007,-26.1,15.9,19.2,36.09,ARM_SWING
15850,0.803,-0.545,-0.314,1.020,-27.9,15.9,23.5,39.79,ARM_SWING
15900,0.808,-0.522,-0.312,1.011,-33.6,14.6,24.0,43.80,ARM_SWING
15950,0.814,-0.508,-0.309,1.008,-31.7,12.8,29.7,45.29,ARM_SWING
16000,0.815,-0.492,-0.306,1.000,-30.1,9.9,30.2,43.77,ARM_SWING
16050,0.813,-0.475,-0.303,0.989,-29.3,11.2,28.2,42.18,ARM_SWING
16100,0.806,-0.460,-0.295,0.974,-30.0,15.8,24.9,42.07,ARM_SWING
16150,0.803,-0.450,-0.294,0.966,-24.9,11.9,17.2,32.52,ARM_SWING
16200,0.795,-0.458,-0.285,0.961,-17.0,15.9,7.7,24.52,ARM_SWING
16250,0.814,-0.464,-0.299,0.984,-19.7,11.9,6.2,23.84,ARM_SWING
16300,0.815,-0.474,-0.305,0.991,-8.7,3.2,0.8,9.30,ARM_SWING
16350,0.819,-0.468,-0.308,0.992,-2.3,-2.5,-1.3,3.64,ARM_SWING
16400,0.818,-0.467,-0.310,0.992,2.1,-2.3,-3.8,4.91,ARM_SWING
16450,0.812,-0.473,-0.310,0.990,5.6,-1.5,-11.3,12.70,ARM_SWING
16500,0.815,-0.474,-0.318,0.995,10.6,-4.8,-9.1,14.77,ARM_SWING
16550,0.815,-0.478,-0.313,0.995,16.3,-14.0,-11.4,24.32,ARM_SWING
16600,0.806,-0.469,-0.310,0.983,13.5,-10.9,-14.9,22.87,ARM_SWING
16650,0.809,-0.475,-0.314,0.989,17.0,-10.0,-17.6,26.43,ARM_SWING
16700,0.804,-0.475,-0.309,0.984,20.1,-14.3,-16.3,29.57,ARM_SWING
16750,0.798,-0.483,-0.309,0.983,26.1,-19.4,-17.2,36.79,ARM_SWING
16800,0.793,-0.487,-0.306,0.980,25.2,-15.6,-19.4,35.42,ARM_SWING
16850,0.793,-0.492,-0.307,0.982,24.1,-14.4,-20.3,34.64,ARM_SWING
16900,0.788,-0.502,-0.306,0.983,18.2,-9.1,-20.7,29.03,ARM_SWING
16950,0.799,-0.508,-0.320,0.999,20.8,-9.3,-15.4,27.50,ARM_SWING
17000,0.800,-0.501,-0.339,1.003,16.6,-9.8,-11.3,22.34,ARM_SWING
17050,0.794,-0.494,-0.333,0.993,17.7,-9.5,-12.4,23.61,ARM_SWING
17100,0.789,-0.498,-0.326,0.988,18.3,-12.6,-7.0,23.29,ARM_SWING
17150,0.785,-0.496,-0.320,0.982,15.6,-10.1,-3.0,18.82,ARM_SWING
17200,0.785,-0.504,-0.316,0.985,9.2,-10.5,-1.7,14.06,ARM_SWING
17250,0.780,-0.507,-0.313,0.982,5.1,-3.2,1.5,6.20,ARM_SWING
17300,0.775,-0.510,-0.311,0.978,2.0,-3.7,2.5,4.89,ARM_SWING
17350,0.774,-0.517,-0.319,0.984,-3.9,3.6,6.4,8.31,ARM_SWING
17400,0.785,-0.515,-0.327,0.994,-11.2,10.3,9.1,17.73,ARM_SWING
17450,0.790,-0.523,-0.336,1.005,-16.4,12.4,8.8,22.36,ARM_SWING
17500,0.797,-0.524,-0.331,1.010,-15.4,4.9,9.7,18.85,ARM_SWING
17550,0.800,-0.523,-0.328,1.011,-19.3,7.0,11.0,23.29,ARM_SWING
17600,0.801,-0.529,-0.325,1.013,-18.9,4.4,16.1,25.21,ARM_SWING
17650,0.810,-0.507,-0.325,1.009,-19.3,4.0,22.8,30.14,ARM_SWING
17700,0.804,-0.477,-0.320,0.988,-17.3,6.0,23.5,29.79,ARM_SWING
17750,0.804,-0.469,-0.309,0.981,-16.0,2.5,18.8,24.81,ARM_SWING
17800,0.803,-0.462,-0.313,0.978,-17.2,3.0,14.7,22.82,ARM_SWING
17850,0.817,-0.456,-0.317,0.988,-11.6,-0.6,11.3,16.21,ARM_SWING
17900,0.818,-0.464,-0.312,0.991,-4.2,-3.3,8.1,9.70,ARM_SWING
17950,0.811,-0.453,-0.308,0.979,-0.3,-4.1,2.4,4.76,ARM_SWING
18000,0.803,-0.463,-0.309,0.977,1.9,-1.8,14.9,15.13,ARM_SWING
18050,0.798,-0.464,-0.307,0.973,5.8,-2.9,-4.4,7.84,ARM_SWING
18100,0.796,-0.472,-0.312,0.977,10.2,-5.8,-11.5,16.43,ARM_SWING
18150,0.794,-0.488,-0.314,0.983,13.5,-7.0,-12.3,19.56,ARM_SWING
18200,0.791,-0.500,-0.315,0.987,14.9,-9.5,-13.9,22.48,ARM_SWING
18250,0.795,-0.508,-0.315,0.995,15.8,-8.6,-15.1,23.49,ARM_SWING
18300,0.805,-0.512,-0.317,1.005,17.8,-10.0,-16.1,26.00,ARM_SWING
18350,0.800,-0.517,-0.322,1.005,16.7,-8.1,-18.5,26.21,ARM_SWING
18400,0.796,-0.515,-0.326,1.003,18.6,-10.6,-11.3,24.21,ARM_SWING
18450,0.786,-0.507,-0.325,0.990,17.0,-7.5,-13.3,22.85,ARM_SWING
18500,0.784,-0.508,-0.323,0.988,18.6,-12.8,-14.4,26.78,ARM_SWING
18550,0.787,-0.511,-0.315,0.990,16.5,-11.6,-14.3,24.72,ARM_SWING
18600,0.784,-0.520,-0.310,0.991,8.4,-3.5,-11.4,14.59,ARM_SWING
18650,0.780,-0.534,-0.312,0.995,3.0,-2.1,-12.9,13.41,ARM_SWING
18700,0.779,-0.534,-0.324,0.998,-1.2,0.8,-10.8,10.90,ARM_SWING
18750,0.778,-0.539,-0.324,1.000,-3.6,-1.3,-4.1,5.61,ARM_SWING
18800,0.779,-0.543,-0.324,1.003,-7.5,-6.3,2.5,10.11,ARM_SWING
18850,0.781,-0.539,-0.320,1.001,-8.3,-0.6,4.9,9.66,ARM_SWING
18900,0.777,-0.522,-0.319,0.989,-12.9,-3.6,11.8,17.85,ARM_SWING
18950,0.770,-0.516,-0.311,0.978,-15.4,7.6,9.6,19.67,ARM_SWING
19000,0.785,-0.531,-0.312,0.998,-20.3,6.5,13.0,24.97,ARM_SWING
19050,0.811,-0.523,-0.320,1.017,-16.3,0.7,18.6,24.74,ARM_SWING
19100,0.814,-0.487,-0.315,0.999,-15.8,3.6,24.4,29.29,ARM_SWING
19150,0.791,-0.471,-0.308,0.971,-14.2,5.4,22.1,26.82,ARM_SWING
19200,0.792,-0.463,-0.314,0.970,-17.0,5.9,18.4,25.74,ARM_SWING
19250,0.797,-0.483,-0.320,0.985,-19.1,8.9,14.9,25.81,ARM_SWING
19300,0.798,-0.489,-0.314,0.987,-18.4,13.3,16.5,28.07,ARM_SWING
19350,0.793,-0.477,-0.321,0.979,-14.9,8.1,11.6,20.55,ARM_SWING
19400,0.795,-0.469,-0.326,0.979,-11.5,9.7,8.4,17.23,ARM_SWING
19450,0.793,-0.450,-0.341,0.973,-8.7,4.6,6.4,11.74,ARM_SWING
19500,0.799,-0.456,-0.319,0.974,-4.4,3.6,4.0,6.95,ARM_SWING
19550,0.808,-0.451,-0.323,0.980,7.0,-1.1,-4.3,8.29,ARM_SWING
19600,0.802,-0.459,-0.320,0.978,11.5,-7.7,-4.1,14.43,ARM_SWING
19650,0.806,-0.460,-0.316,0.980,11.1,-5.8,-11.3,16.87,ARM_SWING
19700,0.806,-0.474,-0.315,0.987,10.9,-8.1,-15.7,20.76,ARM_SWING
19750,0.802,-0.478,-0.314,0.985,10.9,-8.0,-18.4,22.83,ARM_SWING
19800,0.795,-0.487,-0.310,0.982,13.3,-6.7,-15.2,21.28,ARM_SWING
19850,0.798,-0.500,-0.315,0.993,20.1,-13.7,-18.6,30.62,ARM_SWING
19900,0.799,-0.504,-0.313,0.995,18.9,-10.7,-17.6,27.95,ARM_SWING
19950,0.812,-0.502,-0.307,1.003,20.7,-11.2,-19.6,30.63,ARM_SWING
20000,0.800,-0.501,-0.303,0.991,21.4,-11.6,-14.2,28.18,ARM_SWING
20050,0.792,-0.491,-0.309,0.982,18.9,-9.4,-13.6,25.11,ARM_SWING
20100,0.783,-0.491,-0.320,0.978,18.4,-9.8,-12.8,24.46,ARM_SWING
20150,0.790,-0.500,-0.323,0.989,16.4,-7.7,-12.0,21.73,ARM_SWING
20200,0.789,-0.511,-0.325,0.995,11.9,-6.3,-9.9,16.71,ARM_SWING
20250,0.791,-0.519,-0.330,1.002,10.0,-5.8,-6.0,13.02,ARM_SWING
20300,0.788,-0.507,-0.326,0.992,7.7,-6.5,-2.4,10.36,ARM_SWING
20350,0.784,-0.518,-0.320,0.993,5.7,-5.7,0.2,8.06,ARM_SWING
20400,0.792,-0.513,-0.308,0.993,1.4,-3.1,4.1,5.33,ARM_SWING
20450,0.790,-0.511,-0.304,0.989,-2.7,-0.6,6.0,6.61,ARM_SWING
20500,0.786,-0.504,-0.308,0.983,-8.5,3.9,8.0,12.31,ARM_SWING
20550,0.786,-0.514,-0.306,0.988,-15.2,6.5,8.5,18.59,ARM_SWING
20600,0.813,-0.514,-0.325,1.015,-17.0,5.6,9.7,20.36,ARM_SWING
20650,0.816,-0.513,-0.322,1.016,-14.5,5.7,16.1,22.40,ARM_SWING
20700,0.804,-0.487,-0.316,0.992,-14.8,4.4,18.1,23.79,ARM_SWING
20750,0.800,-0.470,-0.308,0.978,-14.5,3.9,18.7,23.98,ARM_SWING
20800,0.800,-0.465,-0.306,0.975,-14.1,5.7,13.3,20.20,ARM_SWING
20850,0.801,-0.464,-0.308,0.976,-15.0,5.8,10.5,19.21,ARM_SWING
20900,0.818,-0.455,-0.309,0.986,-13.1,4.7,8.3,16.20,ARM_SWING
20950,0.822,-0.454,-0.300,0.986,-8.2,3.0,5.5,10.32,ARM_SWING
21000,0.820,-0.453,-0.303,0.985,-4.8,2.4,2.0,5.73,ARM_SWING
21050,0.818,-0.457,-0.305,0.985,-2.5,1.3,-0.9,2.96,ARM_SWING
21100,0.817,-0.450,-0.306,0.982,-0.3,-0.7,-5.6,5.65,ARM_SWING
21150,0.822,-0.469,-0.306,0.995,4.2,-3.9,-7.2,9.20,ARM_SWING
21200,0.821,-0.467,-0.300,0.991,6.3,-6.7,-8.8,12.73,ARM_SWING
21250,0.816,-0.474,-0.299,0.990,9.8,-7.9,-9.3,15.65,ARM_SWING
21300,0.815,-0.484,-0.300,0.994,13.5,-10.5,-9.9,19.76,ARM_SWING
21350,0.812,-0.482,-0.299,0.990,14.2,-10.7,-10.0,20.40,ARM_SWING
21400,0.812,-0.480,-0.298,0.989,15.0,-10.3,-10.3,20.91,ARM_SWING
21450,0.805,-0.473,-0.303,0.982,14.7,-9.8,-10.5,20.55,ARM_SWING
21500,0.806,-0.475,-0.304,0.984,15.0,-10.2,-10.9,21.16,ARM_SWING
21550,0.808,-0.474,-0.305,0.985,14.7,-10.9,-10.9,21.30,ARM_SWING
21600,0.805,-0.487,-0.304,0.989,15.4,-10.7,-10.5,21.49,ARM_SWING
21650,0.800,-0.493,-0.309,0.989,13.9,-9.7,-9.6,19.48,ARM_SWING
21700,0.792,-0.499,-0.310,0.986,11.4,-8.2,-7.7,16.02,ARM_SWING
21750,0.791,-0.504,-0.314,0.989,9.4,-7.0,-6.3,13.31,ARM_SWING
21800,0.786,-0.513,-0.311,0.989,7.7,-5.8,-4.5,10.64,ARM_SWING
21850,0.784,-0.525,-0.318,0.996,3.0,-3.7,-0.5,4.79,ARM_SWING
21900,0.780,-0.513,-0.321,0.987,-0.3,-2.7,2.1,3.43,ARM_SWING
21950,0.777,-0.535,-0.314,0.994,-1.6,-3.2,4.4,5.67,ARM_SWING
22000,0.787,-0.550,-0.308,1.008,-6.5,-1.2,8.6,10.85,ARM_SWING
22050,0.797,-0.558,-0.315,1.023,-10.5,1.4,17.4,20.37,ARM_SWING
22100,0.788,-0.526,-0.310,0.997,-16.1,3.9,22.3,27.78,ARM_SWING
22150,0.780,-0.512,-0.311,0.983,-19.0,6.2,22.1,29.80,ARM_SWING
22200,0.786,-0.503,-0.311,0.984,-20.9,7.4,21.0,30.54,ARM_SWING
22250,0.797,-0.502,-0.311,0.992,-22.0,8.3,20.9,31.46,ARM_SWING
22300,0.803,-0.493,-0.312,0.993,-21.2,7.8,20.2,30.30,ARM_SWING
22350,0.800,-0.477,-0.310,0.982,-20.2,9.5,17.8,28.55,ARM_SWING
22400,0.795,-0.468,-0.304,0.971,-17.2,9.0,13.6,23.70,ARM_SWING
22450,0.790,-0.463,-0.300,0.964,-14.7,9.5,8.4,19.41,ARM_SWING
22500,0.783,-0.466,-0.308,0.962,-13.8,9.1,3.6,16.92,ARM_SWING
22550,0.800,-0.479,-0.302,0.980,-8.6,8.4,0.6,12.04,ARM_SWING
22600,0.805,-0.483,-0.308,0.988,-7.2,5.8,-1.4,9.35,ARM_SWING
22650,0.810,-0.480,-0.309,0.991,-2.6,3.9,-5.4,7.15,ARM_SWING
22700,0.811,-0.487,-0.310,0.995,4.6,0.3,-6.0,7.57,ARM_SWING
22750,0.818,-0.470,-0.303,0.991,5.8,-3.3,-7.4,9.96,ARM_SWING
22800,0.820,-0.475,-0.296,0.993,9.1,-8.1,-10.0,15.76,ARM_SWING
22850,0.819,-0.476,-0.289,0.990,15.0,-9.5,-11.4,21.10,ARM_SWING
22900,0.817,-0.487,-0.286,0.993,18.4,-10.6,-12.9,24.85,ARM_SWING
22950,0.815,-0.482,-0.284,0.989,18.6,-11.9,-13.3,25.78,ARM_SWING
23000,0.815,-0.478,-0.286,0.987,20.3,-12.1,-15.1,28.04,ARM_SWING
23050,0.817,-0.489,-0.288,0.995,22.4,-12.8,-15.8,30.25,ARM_SWING
23100,0.822,-0.494,-0.288,1.001,22.6,-13.8,-14.6,30.24,ARM_SWING
23150,0.809,-0.488,-0.289,0.988,23.1,-14.0,-14.4,30.61,ARM_SWING
23200,0.807,-0.485,-0.294,0.986,21.9,-13.0,-14.2,29.16,ARM_SWING
23250,0.811,-0.493,-0.298,0.995,20.9,-13.6,-13.6,28.40,ARM_SWING
23300,0.810,-0.497,-0.301,0.997,19.3,-12.2,-12.3,25.93,ARM_SWING
23350,0.799,-0.498,-0.306,0.990,17.2,-11.9,-10.5,23.40,ARM_SWING
23400,0.790,-0.498,-0.304,0.982,13.5,-9.9,-9.3,19.15,ARM_SWING
23450,0.784,-0.510,-0.311,0.986,7.7,-7.8,-7.4,13.22,ARM_SWING
23500,0.779,-0.523,-0.310,0.988,3.7,-5.6,-5.3,8.55,ARM_SWING
23550,0.788,-0.530,-0.314,1.000,-0.1,-3.0,-0.4,3.03,ARM_SWING
23600,0.793,-0.521,-0.308,0.998,-4.5,-2.1,5.4,7.34,ARM_SWING
23650,0.790,-0.503,-0.305,0.985,-8.5,-0.4,8.0,11.68,ARM_SWING
23700,0.795,-0.502,-0.299,0.987,-13.0,-1.6,12.2,17.90,ARM_SWING
23750,0.784,-0.505,-0.290,0.977,-15.9,5.1,10.8,19.89,ARM_SWING
23800,0.793,-0.518,-0.291,0.991,-22.6,9.5,11.8,27.21,ARM_SWING
23850,0.818,-0.520,-0.303,1.016,-21.5,8.8,14.2,27.23,ARM_SWING
23900,0.815,-0.512,-0.292,1.006,-21.7,8.9,20.1,30.89,ARM_SWING
23950,0.815,-0.493,-0.294,0.997,-22.4,10.1,22.7,33.45,ARM_SWING
24000,0.805,-0.480,-0.291,0.981,-21.8,10.3,21.7,32.44,ARM_SWING
24050,0.798,-0.469,-0.287,0.969,-21.8,11.2,18.7,30.83,ARM_SWING
24100,0.816,-0.460,-0.295,0.982,-17.1,8.6,13.9,23.66,ARM_SWING
24150,0.818,-0.465,-0.290,0.985,-13.3,7.4,10.9,18.72,ARM_SWING
24200,0.825,-0.458,-0.291,0.987,-10.0,6.2,8.1,14.28,ARM_SWING
24250,0.822,-0.449,-0.294,0.982,-6.2,4.6,4.5,8.94,ARM_SWING
24300,0.818,-0.452,-0.287,0.978,-2.5,3.6,-0.4,4.40,ARM_SWING
24350,0.826,-0.456,-0.288,0.986,1.1,0.8,-6.2,6.35,ARM_SWING
24400,0.829,-0.470,-0.287,0.995,5.3,-1.6,-9.1,10.65,ARM_SWING
24450,0.821,-0.483,-0.286,0.995,7.4,-4.0,-10.5,13.45,ARM_SWING
24500,0.813,-0.476,-0.285,0.984,9.2,-4.9,-13.6,17.14,ARM_SWING
24550,0.815,-0.487,-0.292,0.993,11.4,-6.7,-15.1,20.07,ARM_SWING
24600,0.816,-0.488,-0.289,0.994,13.0,-9.3,-15.1,21.99,ARM_SWING
24650,0.812,-0.493,-0.287,0.992,14.7,-10.2,-13.5,22.41,ARM_SWING
24700,0.811,-0.493,-0.290,0.992,15.2,-11.4,-11.9,22.42,ARM_SWING
24750,0.803,-0.495,-0.291,0.987,15.6,-12.1,-11.2,22.70,ARM_SWING
24800,0.801,-0.492,-0.288,0.983,15.3,-11.7,-10.3,21.84,ARM_SWING
24850,0.795,-0.488,-0.294,0.978,13.1,-11.0,-8.8,19.24,ARM_SWING
24900,0.796,-0.540,-0.309,1.010,5.6,-7.9,-6.4,11.61,ARM_SWING
24950,0.787,-0.523,-0.282,0.986,7.1,-7.2,-5.1,11.33,ARM_SWING
25000,0.795,-0.520,-0.311,1.000,5.4,-4.9,-1.4,7.42,ARM_SWING
25050,0.786,-0.520,-0.292,0.987,0.8,-4.5,3.1,5.52,ARM_SWING
25100,0.793,-0.508,-0.293,0.986,0.0,-3.1,6.5,7.20,ARM_SWING
25150,0.792,-0.495,-0.291,0.978,1.1,-2.4,9.0,9.38,ARM_SWING
25200,0.791,-0.508,-0.291,0.984,-4.1,1.1,10.3,11.14,ARM_SWING
25250,0.797,-0.507,-0.287,0.987,-8.0,2.2,10.5,13.38,ARM_SWING
25300,0.808,-0.495,-0.290,0.991,-10.5,3.8,11.7,16.17,ARM_SWING
25350,0.820,-0.437,-0.316,0.981,-7.2,2.2,11.2,13.50,ARM_SWING
25400,0.807,-0.471,-0.298,0.981,-5.6,-0.4,11.1,12.44,ARM_SWING
25450,0.809,-0.460,-0.306,0.980,-9.2,4.6,6.1,11.96,ARM_SWING
25500,0.809,-0.464,-0.307,0.982,-9.3,3.8,2.3,10.31,ARM_SWING
25550,0.807,-0.473,-0.303,0.983,-9.0,3.9,0.0,9.81,ARM_SWING
25600,0.809,-0.489,-0.295,0.990,-8.6,3.9,-1.9,9.63,ARM_SWING
25650,0.802,-0.501,-0.295,0.991,-8.3,3.5,-2.3,9.30,ARM_SWING
25700,0.798,-0.518,-0.293,0.995,-8.8,3.5,-1.1,9.53,ARM_SWING
25750,0.799,-0.520,-0.293,0.997,-9.5,3.0,1.1,10.02,ARM_SWING
25800,0.804,-0.517,-0.294,1.000,-9.3,1.1,3.9,10.14,ARM_SWING
25850,0.806,-0.515,-0.291,1.000,-6.6,-0.5,5.3,8.48,ARM_SWING
25900,0.812,-0.505,-0.290,0.999,-4.3,-1.8,7.2,8.58,ARM_SWING
25950,0.815,-0.488,-0.293,0.994,-3.5,-2.6,8.6,9.64,ARM_SWING
26000,0.815,-0.473,-0.294,0.987,-1.2,-3.5,7.6,8.45,ARM_SWING
26050,0.817,-0.466,-0.293,0.985,1.7,-5.1,5.6,7.76,ARM_SWING
26100,0.817,-0.458,-0.290,0.980,4.5,-6.7,2.3,8.39,ARM_SWING
26150,0.820,-0.456,-0.296,0.984,7.2,-7.2,-1.8,10.34,ARM_SWING
26200,0.817,-0.455,-0.298,0.981,10.3,-9.7,-5.0,15.01,ARM_SWING
26250,0.826,-0.452,-0.295,0.987,11.9,-10.9,-9.9,18.93,ARM_SWING
26300,0.825,-0.467,-0.289,0.991,16.1,-12.8,-12.6,24.12,ARM_SWING
26350,0.826,-0.462,-0.291,0.990,16.7,-13.3,-14.0,25.53,ARM_SWING
26400,0.823,-0.465,-0.296,0.991,21.6,-14.4,-17.6,31.36,ARM_SWING
26450,0.815,-0.461,-0.295,0.982,27.1,-16.2,-18.9,36.80,ARM_SWING
26500,0.798,-0.474,-0.293,0.973,24.6,-13.8,-21.1,35.23,ARM_SWING
26550,0.807,-0.485,-0.293,0.986,19.5,-11.6,-23.2,32.45,ARM_SWING
26600,0.801,-0.507,-0.299,0.994,16.6,-9.8,-21.0,28.51,ARM_SWING
26650,0.796,-0.508,-0.298,0.990,13.3,-7.2,-17.3,22.98,ARM_SWING
26700,0.783,-0.515,-0.295,0.983,9.2,-5.1,-13.3,16.96,ARM_SWING
26750,0.778,-0.523,-0.301,0.985,3.6,-1.8,-9.2,10.04,ARM_SWING
26800,0.779,-0.529,-0.306,0.990,1.4,14.3,-4.8,15.15,ARM_SWING
26850,0.782,-0.542,-0.307,1.000,-4.2,1.3,1.3,4.58,ARM_SWING
26900,0.796,-0.536,-0.309,1.008,-9.3,3.2,10.2,14.17,ARM_SWING
26950,0.805,-0.521,-0.309,1.007,-11.3,4.1,17.7,21.40,ARM_SWING
27000,0.794,-0.507,-0.296,0.987,-15.2,4.4,20.6,25.98,ARM_SWING
27050,0.785,-0.524,-0.288,0.987,-22.9,8.5,22.1,32.94,ARM_SWING
27100,0.811,-0.527,-0.287,1.009,-29.6,10.4,26.1,40.81,ARM_SWING
27150,0.819,-0.521,-0.280,1.010,-27.7,10.5,28.3,40.97,ARM_SWING
27200,0.827,-0.508,-0.284,1.011,-28.5,11.3,30.5,43.25,ARM_SWING
27250,0.833,-0.482,-0.289,1.005,-25.9,9.8,31.2,41.72,ARM_SWING
27300,0.838,-0.458,-0.291,0.998,-20.9,8.6,30.0,37.56,ARM_SWING
27350,0.810,-0.448,-0.277,0.966,-19.4,7.3,25.3,32.71,ARM_SWING
27400,0.809,-0.428,-0.294,0.961,-16.6,6.2,15.6,23.61,ARM_SWING
27450,0.806,-0.448,-0.300,0.970,-8.5,5.3,6.9,12.16,ARM_SWING
27500,0.799,-0.469,-0.303,0.975,-6.5,3.6,0.1,7.43,ARM_SWING
27550,0.803,-0.471,-0.298,0.977,-2.2,1.1,-5.6,6.12,ARM_SWING
27600,0.801,-0.489,-0.305,0.987,4.4,-2.1,-8.7,9.97,ARM_SWING
27650,0.805,-0.492,-0.296,0.989,9.4,-4.6,-11.5,15.55,ARM_SWING
27700,0.805,-0.495,-0.289,0.988,9.2,-7.3,-13.8,18.12,ARM_SWING
27750,0.802,-0.497,-0.291,0.987,11.3,-9.2,-16.1,21.71,ARM_SWING
27800,0.804,-0.496,-0.284,0.986,14.5,-10.6,-17.7,25.22,ARM_SWING
27850,0.808,-0.508,-0.293,0.998,18.1,-12.1,-18.4,28.51,ARM_SWING
27900,0.811,-0.517,-0.291,1.005,20.2,-12.7,-17.2,29.41,ARM_SWING
27950,0.819,-0.507,-0.289,1.006,18.0,-12.1,-16.4,27.19,ARM_SWING
28000,0.812,-0.515,-0.297,1.006,19.4,-14.0,-14.9,28.18,ARM_SWING
28050,0.796,-0.494,-0.296,0.982,18.7,-14.8,-13.3,27.31,ARM_SWING
28100,0.795,-0.491,-0.296,0.980,22.0,-15.0,-13.9,30.04,ARM_SWING
28150,0.797,-0.493,-0.296,0.983,22.8,-13.7,-13.4,29.78,ARM_SWING
28200,0.798,-0.499,-0.295,0.986,19.1,-12.0,-13.3,26.19,ARM_SWING
28250,0.794,-0.497,-0.300,0.984,15.1,-9.1,-11.2,20.89,ARM_SWING
28300,0.789,-0.498,-0.307,0.982,10.8,-6.0,-9.5,15.58,ARM_SWING
28350,0.787,-0.501,-0.309,0.983,5.3,0.6,-8.4,9.95,ARM_SWING
28400,0.779,-0.506,-0.307,0.978,2.4,-2.7,-6.0,7.00,ARM_SWING
28450,0.774,-0.501,-0.308,0.972,-3.6,0.9,-4.7,5.99,ARM_SWING
28500,0.790,-0.519,-0.308,0.994,-9.0,3.6,-5.2,11.00,ARM_SWING
28550,0.801,-0.528,-0.310,1.008,-7.2,1.4,3.7,8.22,ARM_SWING
28600,0.810,-0.527,-0.302,1.012,-9.3,0.8,10.6,14.12,ARM_SWING
28650,0.801,-0.513,-0.291,0.995,-12.1,1.9,14.7,19.13,ARM_SWING
28700,0.794,-0.511,-0.288,0.987,-16.0,4.0,16.5,23.33,ARM_SWING
28750,0.802,-0.513,-0.284,0.993,-19.3,5.1,18.8,27.42,ARM_SWING
28800,0.818,-0.510,-0.283,1.005,-21.7,6.5,21.0,30.89,ARM_SWING
28850,0.831,-0.496,-0.290,1.010,-21.9,7.4,23.9,33.25,ARM_SWING
28900,0.842,-0.460,-0.296,1.004,-15.4,3.7,24.0,28.75,ARM_SWING
28950,0.837,-0.446,-0.291,0.992,-6.7,1.4,21.9,22.94,ARM_SWING
29000,0.809,-0.462,-0.289,0.975,-3.9,1.0,19.5,19.91,ARM_SWING
29050,0.830,-0.417,-0.295,0.975,-8.1,1.2,8.5,11.80,ARM_SWING
29100,0.814,-0.436,-0.306,0.973,0.4,0.7,0.3,0.86,ARM_SWING
29150,0.814,-0.430,-0.300,0.968,4.0,-0.9,-8.6,9.53,ARM_SWING
29200,0.817,-0.459,-0.294,0.982,6.7,-0.6,-14.4,15.89,ARM_SWING
29250,0.821,-0.475,-0.291,0.992,6.0,-2.0,-18.3,19.36,ARM_SWING
29300,0.824,-0.484,-0.292,0.999,8.3,-5.7,-18.9,21.41,ARM_SWING
29350,0.829,-0.489,-0.292,1.006,13.1,-9.4,-16.8,23.29,ARM_SWING
29400,0.812,-0.487,-0.289,0.990,15.6,-8.9,-16.4,24.32,ARM_SWING
29450,0.806,-0.497,-0.289,0.990,14.1,-7.5,-17.4,23.62,ARM_SWING
29500,0.817,-0.506,-0.292,1.004,13.1,-7.0,-16.8,22.42,ARM_SWING
29550,0.804,-0.514,-0.302,1.001,11.2,-7.2,-12.1,17.99,ARM_SWING
29600,0.800,-0.497,-0.305,0.990,9.0,-7.5,-9.1,14.83,ARM_SWING
29650,0.802,-0.500,-0.306,0.993,9.5,-9.8,-7.7,15.67,ARM_SWING
29700,0.803,-0.508,-0.302,0.997,9.0,-9.4,-4.4,13.74,ARM_SWING
29750,0.794,-0.516,-0.299,0.993,6.3,-7.2,-0.3,9.57,ARM_SWING
29800,0.789,-0.502,-0.299,0.982,2.3,-5.2,2.7,6.29,ARM_SWING
29850,0.788,-0.508,-0.301,0.985,0.0,-4.3,5.0,6.59,ARM_SWING
29900,0.796,-0.508,-0.301,0.991,-0.5,-6.6,7.4,9.93,ARM_SWING
29950,0.798,-0.507,-0.295,0.990,-4.2,-1.6,10.9,11.79,ARM_SWING
Recording stopped

Samples dumped: 600
