
Recording started
time,accelX,accelY,accelZ,accelMagnitude,gyroX,gyroY,gyroZ,gyroMagnitude,activity
1,0.809,-0.504,-0.269,0.990,0.0,0.6,-2.8,2.86,ARM_SWING
50,0.806,-0.506,-0.266,0.988,-0.2,0.2,-4.0,4.01,ARM_SWING
100,0.802,-0.509,-0.264,0.986,4.8,-4.5,-0.6,6.61,ARM_SWING
150,0.806,-0.512,-0.269,0.992,3.5,-4.2,0.0,5.47,ARM_SWING
200,0.807,-0.509,-0.269,0.991,2.8,-4.9,0.3,5.65,ARM_SWING
250,0.799,-0.507,-0.263,0.982,2.4,-0.8,-3.0,3.92,ARM_SWING
300,0.808,-0.512,-0.261,0.992,0.1,-2.1,-3.6,4.17,ARM_SWING
350,0.810,-0.514,-0.267,0.996,1.4,2.1,1.6,2.99,ARM_SWING
400,0.812,-0.376,-0.278,0.937,1.3,-3.9,0.7,4.17,ARM_SWING
450,0.842,-0.481,-0.271,1.007,2.5,-13.1,1.6,13.43,ARM_SWING
500,0.834,-0.473,-0.257,0.993,7.7,-10.0,3.7,13.15,ARM_SWING
550,0.823,-0.442,-0.247,0.966,21.1,-17.2,-3.7,27.47,ARM_SWING
600,0.837,-0.470,-0.264,0.996,23.1,-17.5,-9.3,30.44,ARM_SWING
650,0.849,-0.467,-0.265,1.005,28.8,-23.5,-7.8,37.98,ARM_SWING
700,0.826,-0.486,-0.253,0.991,24.2,-20.3,-11.1,33.48,ARM_SWING
750,0.847,-0.483,-0.267,1.011,29.1,-13.6,-15.3,35.58,ARM_SWING
800,0.853,-0.468,-0.260,1.007,24.3,-10.7,-35.3,44.17,ARM_SWING
850,0.866,-0.451,-0.280,1.016,34.7,-15.7,-18.4,42.30,ARM_SWING
900,0.818,-0.454,-0.272,0.974,51.5,-31.0,-18.0,62.75,ARM_SWING
950,0.780,-0.486,-0.244,0.951,40.4,-24.7,-25.5,53.78,ARM_SWING
1000,0.798,-0.510,-0.225,0.973,29.7,-18.2,-34.9,49.31,ARM_SWING
1050,0.815,-0.541,-0.224,1.004,30.2,-22.0,-29.6,47.67,ARM_SWING
1100,0.826,-0.537,-0.219,1.009,24.2,-34.0,-23.6,47.94,ARM_SWING
1150,0.833,-0.459,-0.216,0.975,21.2,-10.7,-16.9,29.15,ARM_SWING
1200,0.793,-0.537,-0.227,0.984,13.5,-11.4,-6.3,18.76,ARM_SWING
1250,0.774,-0.537,-0.271,0.980,1.1,0.2,-1.5,1.87,ARM_SWING
1300,0.707,-0.623,-0.276,0.982,5.4,8.2,0.6,9.84,ARM_SWING
1350,0.739,-0.599,-0.289,0.994,-7.9,2.5,8.3,11.73,ARM_SWING
1400,0.754,-0.622,-0.300,1.022,-15.2,-1.0,20.9,25.86,ARM_SWING
1450,0.708,-0.613,-0.270,0.975,-28.2,5.1,25.4,38.29,ARM_SWING
1500,0.704,-0.658,-0.258,0.998,-40.2,5.3,31.9,51.59,ARM_SWING
1550,0.810,-0.633,-0.279,1.065,-37.8,-0.8,43.3,57.48,ARM_SWING
1600,0.826,-0.639,-0.270,1.079,-12.8,-11.7,51.0,53.87,ARM_SWING
1650,0.817,-0.715,-0.259,1.116,-15.2,-5.8,68.5,70.41,ARM_SWING
1700,0.780,-0.644,-0.271,1.047,-19.3,3.7,75.7,78.21,ARM_SWING
1750,0.733,-0.658,-0.299,1.029,-21.4,9.1,71.1,74.81,ARM_SWING
1800,0.710,-0.674,-0.308,1.026,-29.1,8.7,68.9,75.30,ARM_SWING
1850,0.733,-0.667,-0.329,1.044,-34.0,10.0,68.1,76.77,ARM_SWING
1900,0.731,-0.635,-0.332,1.024,-36.6,5.5,65.3,75.06,ARM_SWING
1950,0.714,-0.634,-0.313,1.005,-38.9,4.7,59.5,71.24,ARM_SWING
2000,0.691,-0.598,-0.294,0.960,-31.9,1.4,53.3,62.13,ARM_SWING
2050,0.653,-0.549,-0.292,0.902,-31.4,5.2,40.5,51.51,ARM_SWING
2100,0.622,-0.532,-0.305,0.873,-26.8,3.1,22.8,35.32,ARM_SWING
2150,0.610,-0.548,-0.316,0.879,-20.9,5.8,9.2,23.56,ARM_SWING
2200,0.595,-0.561,-0.347,0.888,-14.9,15.8,-10.9,24.30,ARM_SWING
2250,0.604,-0.596,-0.398,0.937,0.5,11.4,-22.8,25.50,ARM_SWING
2300,0.631,-0.612,-0.396,0.964,32.1,0.1,-31.1,44.69,ARM_SWING
2350,0.635,-0.628,-0.360,0.963,39.7,-4.9,-43.4,59.02,ARM_SWING
2400,0.655,-0.639,-0.305,0.965,36.0,3.9,-52.0,63.37,ARM_SWING
2450,0.676,-0.604,-0.277,0.948,25.3,13.7,-61.8,68.17,ARM_SWING
2500,0.691,-0.581,-0.267,0.941,19.6,17.4,-74.8,79.26,ARM_SWING
2550,0.745,-0.574,-0.263,0.977,14.1,24.7,-97.3,101.37,ARM_SWING
2600,0.841,-0.611,-0.279,1.076,23.5,18.4,-104.3,108.49,ARM_SWING
2650,0.915,-0.639,-0.291,1.153,25.5,16.2,-91.7,96.55,ARM_SWING
2700,0.980,-0.621,-0.293,1.197,30.9,6.9,-62.3,69.88,ARM_SWING
2750,0.954,-0.554,-0.292,1.141,44.6,-5.1,-35.0,56.92,ARM_SWING
2800,0.900,-0.444,-0.235,1.031,48.4,-15.2,-20.7,54.79,ARM_SWING
2850,0.906,-0.367,-0.283,1.018,88.4,-26.8,-21.7,94.89,ARM_SWING
2900,0.838,-0.468,-0.185,0.977,56.5,-36.9,-19.5,70.24,ARM_SWING
2950,0.801,-0.491,-0.204,0.961,45.2,-20.5,-26.8,56.41,ARM_SWING
3000,0.768,-0.519,-0.241,0.958,67.3,-13.8,-27.5,74.00,ARM_SWING
3050,0.775,-0.537,-0.275,0.982,62.1,-11.2,-21.4,66.63,ARM_SWING
3100,0.753,-0.557,-0.277,0.977,37.8,-3.8,-9.9,39.26,ARM_SWING
3150,0.778,-0.573,-0.263,1.001,11.4,-6.2,1.0,13.02,ARM_SWING
3200,0.799,-0.582,-0.254,1.021,-21.2,-15.7,8.4,27.69,ARM_SWING
3250,0.792,-0.590,-0.215,1.011,-24.2,-13.2,19.5,33.77,ARM_SWING
3300,0.802,-0.580,-0.210,1.012,-28.9,-11.0,27.4,41.32,ARM_SWING
3350,0.827,-0.596,-0.192,1.037,-21.9,-4.4,40.5,46.25,ARM_SWING
3400,0.800,-0.611,-0.165,1.020,-32.4,10.5,51.8,61.99,ARM_SWING
3450,0.863,-0.603,-0.175,1.067,-49.1,16.0,59.3,78.63,ARM_SWING
3500,0.904,-0.570,-0.214,1.090,-49.0,17.9,68.3,85.94,ARM_SWING
3550,0.911,-0.543,-0.218,1.083,-34.7,4.8,67.4,75.96,ARM_SWING
3600,0.887,-0.563,-0.231,1.076,-21.2,0.0,77.2,80.06,ARM_SWING
3650,0.854,-0.592,-0.272,1.074,-23.9,5.1,82.1,85.66,ARM_SWING
3700,0.822,-0.643,-0.326,1.093,-26.8,0.0,87.2,91.23,ARM_SWING
3750,0.758,-0.678,-0.334,1.070,-32.8,0.2,90.1,95.88,ARM_SWING
3800,0.705,-0.701,-0.431,1.084,-28.4,-1.5,95.2,99.36,ARM_SWING
3850,0.631,-0.662,-0.347,0.978,-26.4,-10.1,91.5,95.77,ARM_SWING
3900,0.543,-0.600,-0.319,0.870,-26.3,-4.6,68.3,73.33,ARM_SWING
3950,0.497,-0.625,-0.303,0.854,-28.1,-8.2,48.5,56.65,ARM_SWING
4000,0.465,-0.605,-0.322,0.828,-22.3,-4.3,30.3,37.87,ARM_SWING
4050,0.449,-0.624,-0.327,0.835,-12.4,-0.9,7.9,14.73,ARM_SWING
4100,0.460,-0.627,-0.338,0.848,-6.1,4.2,-14.7,16.46,ARM_SWING
4150,0.509,-0.652,-0.343,0.895,5.7,-0.4,-29.2,29.75,ARM_SWING
4200,0.542,-0.681,-0.331,0.931,13.2,7.6,-43.4,46.00,ARM_SWING
4250,0.557,-0.642,-0.291,0.898,24.1,4.3,-53.4,58.74,ARM_SWING
4300,0.567,-0.635,-0.258,0.890,17.9,14.7,-69.8,73.54,ARM_SWING
4350,0.670,-0.658,-0.341,0.999,8.4,22.4,-83.1,86.48,ARM_SWING
4400,0.727,-0.632,-0.352,1.026,18.3,17.8,-86.3,90.00,ARM_SWING
4450,0.781,-0.681,-0.345,1.092,29.4,11.0,-92.8,97.97,ARM_SWING
4500,0.827,-0.660,-0.339,1.111,26.6,9.1,-91.1,95.34,ARM_SWING
4550,0.850,-0.659,-0.332,1.126,28.7,2.3,-83.4,88.23,ARM_SWING
4600,0.860,-0.607,-0.299,1.094,15.5,-0.6,-73.7,75.31,ARM_SWING
4650,0.885,-0.605,-0.305,1.115,23.4,-4.4,-64.2,68.47,ARM_SWING
4700,0.883,-0.572,-0.272,1.087,-4.9,5.9,-49.7,50.29,ARM_SWING
4750,0.839,-0.440,-0.270,0.985,30.1,-1.5,-41.9,51.61,ARM_SWING
4800,0.843,-0.457,-0.311,1.008,37.8,0.1,-40.7,55.55,ARM_SWING
4850,0.801,-0.423,-0.282,0.949,6.7,-9.5,-36.5,38.31,ARM_SWING
4900,0.806,-0.493,-0.286,0.987,14.2,0.5,-36.8,39.45,ARM_SWING
4950,0.815,-0.521,-0.301,1.013,35.4,-0.4,-19.1,40.23,ARM_SWING
5000,0.806,-0.551,-0.260,1.010,29.9,-4.8,-4.0,30.55,ARM_SWING
5050,0.848,-0.549,-0.276,1.047,-5.9,1.6,17.1,18.16,ARM_SWING
5100,0.837,-0.477,-0.256,0.997,-32.4,-1.1,30.3,44.37,ARM_SWING
5150,0.777,-0.484,-0.266,0.953,-54.1,1.4,38.3,66.30,ARM_SWING
5200,0.904,-0.454,-0.295,1.054,-50.5,-5.8,41.8,65.81,ARM_SWING
5250,0.856,-0.504,-0.308,1.040,-8.9,-19.9,46.3,51.18,ARM_SWING
5300,0.847,-0.549,-0.299,1.053,-10.5,-9.6,51.5,53.43,ARM_SWING
5350,0.890,-0.584,-0.302,1.107,-7.7,-15.9,62.7,65.14,ARM_SWING
5400,0.919,-0.581,-0.317,1.133,8.1,-25.8,77.2,81.80,ARM_SWING
5450,0.879,-0.589,-0.325,1.107,10.3,-23.1,84.2,87.92,ARM_SWING
5500,0.841,-0.613,-0.328,1.091,3.4,-25.9,88.9,92.66,ARM_SWING
5550,0.804,-0.612,-0.319,1.060,-15.0,-19.4,87.5,90.87,ARM_SWING
5600,0.752,-0.593,-0.356,1.022,-20.3,-15.9,83.3,87.20,ARM_SWING
5650,0.692,-0.625,-0.356,0.998,-22.5,-17.1,74.6,79.77,ARM_SWING
5700,0.613,-0.624,-0.342,0.939,-17.3,-13.5,63.9,67.56,ARM_SWING
5750,0.547,-0.594,-0.327,0.871,-19.3,-8.1,48.2,52.55,ARM_SWING
5800,0.510,-0.586,-0.328,0.843,-19.2,-7.6,30.8,37.08,ARM_SWING
5850,0.500,-0.569,-0.315,0.820,-17.0,-3.1,11.0,20.48,ARM_SWING
5900,0.498,-0.564,-0.307,0.813,-13.5,7.0,-11.8,19.25,ARM_SWING
5950,0.556,-0.599,-0.331,0.882,-8.8,18.3,-30.5,36.64,ARM_SWING
6000,0.605,-0.618,-0.355,0.935,7.7,13.0,-39.5,42.29,ARM_SWING
6050,0.639,-0.601,-0.350,0.944,19.0,17.5,-47.9,54.42,ARM_SWING
6100,0.672,-0.600,-0.342,0.964,27.3,14.4,-65.0,71.96,ARM_SWING
6150,0.772,-0.639,-0.363,1.066,25.4,14.9,-73.8,79.46,ARM_SWING
6200,0.756,-0.634,-0.306,1.033,30.2,15.4,-72.9,80.40,ARM_SWING
6250,0.791,-0.614,-0.365,1.066,28.4,13.7,-77.4,83.58,ARM_SWING
6300,0.772,-0.644,-0.314,1.053,31.8,12.3,-74.9,82.30,ARM_SWING
6350,0.788,-0.665,-0.291,1.071,35.2,6.0,-76.7,84.60,ARM_SWING
6400,0.796,-0.641,-0.277,1.059,35.6,-1.8,-70.4,78.91,ARM_SWING
6450,0.798,-0.630,-0.258,1.049,38.5,2.5,-66.7,77.05,ARM_SWING
6500,0.793,-0.625,-0.236,1.037,29.7,-0.9,-51.8,59.72,ARM_SWING
6550,0.779,-0.500,-0.231,0.954,9.7,11.4,-46.3,48.66,ARM_SWING
6600,0.801,-0.598,-0.271,1.036,-0.1,-5.0,-23.2,23.73,ARM_SWING
6650,0.787,-0.573,-0.266,1.009,5.4,-4.3,-11.7,13.58,ARM_SWING
6700,0.782,-0.556,-0.279,0.999,37.9,-0.4,1.4,37.93,ARM_SWING
6750,0.779,-0.528,-0.261,0.977,28.7,0.0,8.4,29.90,ARM_SWING
6800,0.808,-0.532,-0.268,1.004,6.8,-1.0,17.7,18.99,ARM_SWING
6850,0.784,-0.545,-0.254,0.988,-10.5,-18.2,25.4,32.96,ARM_SWING
6900,0.809,-0.583,-0.285,1.037,-30.5,-12.6,28.9,43.87,ARM_SWING
6950,0.819,-0.585,-0.246,1.036,-30.4,-19.2,36.8,51.45,ARM_SWING
7000,0.830,-0.631,-0.237,1.069,-29.9,-14.2,44.1,55.14,ARM_SWING
7050,0.870,-0.621,-0.216,1.091,-20.3,-9.9,53.8,58.35,ARM_SWING
7100,0.831,-0.631,-0.199,1.062,-21.7,-1.5,65.6,69.11,ARM_SWING
7150,0.810,-0.588,-0.221,1.025,-36.5,9.8,72.1,81.40,ARM_SWING
7200,0.820,-0.579,-0.250,1.034,-35.9,4.2,64.1,73.59,ARM_SWING
7250,0.810,-0.631,-0.282,1.065,-28.7,1.6,65.9,71.90,ARM_SWING
7300,0.770,-0.679,-0.326,1.077,-28.8,-1.6,73.7,79.14,ARM_SWING
7350,0.719,-0.674,-0.336,1.041,-29.6,1.7,72.2,78.05,ARM_SWING
7400,0.680,-0.717,-0.363,1.053,-23.2,-5.8,76.7,80.34,ARM_SWING
7450,0.622,-0.686,-0.365,0.995,-21.0,-8.5,75.5,78.83,ARM_SWING
7500,0.573,-0.661,-0.367,0.949,-20.2,-6.7,63.0,66.50,ARM_SWING
7550,0.526,-0.622,-0.359,0.890,-17.0,-7.9,51.2,54.52,ARM_SWING
7600,0.508,-0.582,-0.340,0.844,-15.7,-8.4,31.0,35.75,ARM_SWING
7650,0.513,-0.569,-0.325,0.832,-11.2,-5.8,4.7,13.46,ARM_SWING
7700,0.522,-0.566,-0.316,0.832,-5.8,-1.4,-14.6,15.77,ARM_SWING
7750,0.537,-0.611,-0.337,0.880,6.3,1.4,-32.2,32.84,ARM_SWING
7800,0.564,-0.649,-0.346,0.927,19.4,-3.1,-42.9,47.18,ARM_SWING
7850,0.601,-0.671,-0.337,0.962,25.2,-4.6,-54.1,59.86,ARM_SWING
7900,0.631,-0.682,-0.323,0.984,30.1,-3.5,-63.1,70.00,ARM_SWING
7950,0.659,-0.685,-0.316,1.002,28.9,-3.1,-71.6,77.27,ARM_SWING
8000,0.665,-0.687,-0.307,1.004,30.1,-1.8,-77.4,83.07,ARM_SWING
8050,0.672,-0.674,-0.293,0.996,29.9,2.7,-85.8,90.90,ARM_SWING
8100,0.754,-0.658,-0.312,1.048,30.8,-3.7,-89.8,95.01,ARM_SWING
8150,0.811,-0.678,-0.317,1.104,46.4,-7.8,-88.1,99.88,ARM_SWING
8200,0.843,-0.669,-0.285,1.113,50.5,-12.9,-75.3,91.58,ARM_SWING
8250,0.854,-0.641,-0.284,1.105,42.6,-4.4,-61.6,75.02,ARM_SWING
8300,0.844,-0.603,-0.297,1.079,35.0,-5.3,-48.3,59.88,ARM_SWING
8350,0.794,-0.613,-0.240,1.031,32.9,-3.6,-39.8,51.76,ARM_SWING
8400,0.791,-0.557,-0.288,1.009,-11.6,-5.8,-33.3,35.74,ARM_SWING
8450,0.757,-0.559,-0.264,0.977,11.5,-5.1,-29.4,31.98,ARM_SWING
8500,0.741,-0.567,-0.236,0.962,42.4,-3.4,-23.6,48.64,ARM_SWING
8550,0.735,-0.606,-0.217,0.977,38.8,-4.9,-11.4,40.74,ARM_SWING
8600,0.790,-0.595,-0.221,1.013,5.5,3.5,-2.5,6.98,ARM_SWING
8650,0.809,-0.609,-0.236,1.040,-17.0,-2.1,17.7,24.63,ARM_SWING
8700,0.817,-0.575,-0.252,1.030,-27.5,-3.7,37.7,46.81,ARM_SWING
8750,0.809,-0.530,-0.235,0.995,-26.1,-7.4,39.9,48.25,ARM_SWING
8800,0.794,-0.587,-0.231,1.014,-24.5,-3.0,46.3,52.47,ARM_SWING
8850,0.802,-0.616,-0.229,1.037,-26.1,0.3,53.2,59.26,ARM_SWING
8900,0.839,-0.663,-0.241,1.096,-28.0,4.1,60.3,66.61,ARM_SWING
8950,0.863,-0.632,-0.261,1.101,-26.1,2.8,70.8,75.51,ARM_SWING
9000,0.836,-0.663,-0.284,1.104,-22.0,3.3,69.9,73.35,ARM_SWING
9050,0.823,-0.692,-0.299,1.116,-36.9,6.5,79.0,87.43,ARM_SWING
9100,0.788,-0.660,-0.323,1.077,-38.8,1.4,82.8,91.45,ARM_SWING
9150,0.753,-0.638,-0.334,1.042,-41.3,3.7,83.0,92.78,ARM_SWING
9200,0.696,-0.618,-0.313,0.982,-38.1,-10.0,73.1,83.04,ARM_SWING
9250,0.656,-0.583,-0.295,0.926,-28.1,-10.3,61.2,68.13,ARM_SWING
9300,0.633,-0.550,-0.297,0.890,-28.4,-4.4,47.3,55.35,ARM_SWING
9350,0.604,-0.526,-0.305,0.857,-32.6,1.4,24.5,40.80,ARM_SWING
9400,0.584,-0.519,-0.313,0.842,-27.9,5.8,6.9,29.32,ARM_SWING
9450,0.577,-0.533,-0.332,0.853,-16.2,6.1,-13.3,21.83,ARM_SWING
9500,0.604,-0.569,-0.356,0.903,-0.8,6.8,-33.1,33.80,ARM_SWING
9550,0.640,-0.601,-0.358,0.948,17.3,5.4,-43.0,46.66,ARM_SWING
9600,0.673,-0.619,-0.367,0.985,35.2,4.9,-55.1,65.57,ARM_SWING
9650,0.691,-0.645,-0.339,1.004,45.8,-2.3,-56.9,73.08,ARM_SWING
9700,0.702,-0.658,-0.311,1.011,48.9,-12.6,-66.7,83.66,ARM_SWING
9750,0.720,-0.686,-0.284,1.034,43.6,-5.7,-65.6,78.97,ARM_SWING
9800,0.725,-0.689,-0.270,1.036,39.3,-1.7,-73.7,83.54,ARM_SWING
9850,0.740,-0.695,-0.274,1.052,39.4,-5.6,-72.0,82.27,ARM_SWING
9900,0.768,-0.662,-0.272,1.050,43.4,-12.3,-69.7,83.02,ARM_SWING
9950,0.765,-0.632,-0.256,1.025,51.0,-15.6,-69.7,87.76,ARM_SWING
10000,0.765,-0.604,-0.208,0.997,47.4,-20.1,-64.4,82.45,ARM_SWING
10050,0.773,-0.665,-0.225,1.044,43.0,-5.5,-62.3,75.90,ARM_SWING
10100,0.811,-0.600,-0.266,1.043,24.9,-14.3,-47.5,55.50,ARM_SWING
10150,0.773,-0.589,-0.281,1.012,32.6,-13.0,-41.0,53.97,ARM_SWING
10200,0.759,-0.611,-0.259,1.008,75.1,-13.1,-31.7,82.56,ARM_SWING
10250,0.783,-0.608,-0.307,1.038,49.1,-4.9,-24.2,54.96,ARM_SWING
10300,0.816,-0.622,-0.273,1.062,36.3,-6.2,-11.2,38.49,ARM_SWING
10350,0.804,-0.616,-0.264,1.047,-1.1,-6.7,7.9,10.42,ARM_SWING
10400,0.816,-0.615,-0.229,1.047,-36.3,-3.0,22.8,42.97,ARM_SWING
10450,0.800,-0.593,-0.207,1.017,-43.3,-4.5,37.3,57.33,ARM_SWING
10500,0.786,-0.630,-0.187,1.025,-58.8,4.6,44.3,73.76,ARM_SWING
10550,0.799,-0.639,-0.187,1.040,-62.2,10.8,57.1,85.12,ARM_SWING
10600,0.819,-0.606,-0.213,1.041,-41.5,6.0,59.9,73.12,ARM_SWING
10650,0.827,-0.589,-0.237,1.043,-25.8,-2.4,59.7,65.08,ARM_SWING
10700,0.846,-0.639,-0.210,1.081,-22.9,-4.3,65.0,69.05,ARM_SWING
10750,0.851,-0.656,-0.204,1.094,-30.1,4.3,74.4,80.37,ARM_SWING
10800,0.813,-0.633,-0.213,1.052,-39.2,15.6,77.4,88.15,ARM_SWING
10850,0.764,-0.626,-0.245,1.018,-52.6,22.8,77.6,96.48,ARM_SWING
10900,0.736,-0.613,-0.250,0.990,-58.4,25.2,72.4,96.37,ARM_SWING
10950,0.725,-0.606,-0.283,0.986,-59.2,29.4,69.0,95.55,ARM_SWING
11000,0.696,-0.569,-0.296,0.946,-54.6,23.0,59.5,83.97,ARM_SWING
11050,0.679,-0.513,-0.316,0.908,-54.0,26.3,42.3,73.46,ARM_SWING
11100,0.691,-0.496,-0.341,0.916,-42.7,18.6,26.0,53.34,ARM_SWING
11150,0.700,-0.481,-0.345,0.917,-27.0,7.3,10.3,29.81,ARM_SWING
11200,0.692,-0.498,-0.356,0.924,-11.2,9.4,-7.8,16.57,ARM_SWING
11250,0.695,-0.504,-0.355,0.929,4.3,3.5,-19.4,20.18,ARM_SWING
11300,0.689,-0.522,-0.335,0.927,24.2,1.4,-36.0,43.40,ARM_SWING
11350,0.702,-0.566,-0.322,0.958,41.6,7.2,-53.6,68.23,ARM_SWING
11400,0.709,-0.594,-0.308,0.975,51.5,-1.2,-64.5,82.55,ARM_SWING
11450,0.729,-0.650,-0.294,1.020,60.2,-6.5,-68.6,91.50,ARM_SWING
11500,0.747,-0.666,-0.282,1.040,60.9,-14.9,-72.5,95.85,ARM_SWING
11550,0.772,-0.644,-0.251,1.036,57.4,-11.2,-78.5,97.89,ARM_SWING
11600,0.776,-0.637,-0.225,1.029,57.7,-13.9,-79.6,99.29,ARM_SWING
11650,0.806,-0.634,-0.221,1.049,49.0,-19.6,-78.6,94.67,ARM_SWING
11700,0.840,-0.631,-0.234,1.076,43.4,-16.7,-66.6,81.23,ARM_SWING
11750,0.838,-0.628,-0.232,1.073,35.7,-17.1,-54.9,67.68,ARM_SWING
11800,0.894,-0.557,-0.184,1.069,1.9,0.6,-45.8,45.84,ARM_SWING
11850,0.764,-0.587,-0.249,0.995,21.5,-5.0,-19.8,29.65,ARM_SWING
11900,0.749,-0.589,-0.300,0.999,-15.1,6.7,-23.2,28.48,ARM_SWING
11950,0.751,-0.594,-0.302,1.004,30.5,-1.9,-14.0,33.61,ARM_SWING
12000,0.787,-0.600,-0.285,1.030,52.8,-11.7,0.7,54.09,ARM_SWING
12050,0.800,-0.611,-0.235,1.034,43.8,-7.9,16.4,47.43,ARM_SWING
12100,0.797,-0.602,-0.205,1.020,4.5,-2.3,29.8,30.23,ARM_SWING
12150,0.771,-0.596,-0.177,0.990,-42.6,7.9,32.4,54.10,ARM_SWING
12200,0.785,-0.624,-0.178,1.018,-74.6,14.5,37.2,84.61,ARM_SWING
12250,0.841,-0.621,-0.227,1.070,-76.6,17.0,43.7,89.81,ARM_SWING
12300,0.874,-0.601,-0.233,1.086,-45.8,7.7,55.5,72.37,ARM_SWING
12350,0.880,-0.633,-0.228,1.108,-25.3,1.4,61.8,66.79,ARM_SWING
12400,0.868,-0.616,-0.242,1.092,-17.7,-4.8,76.9,79.06,ARM_SWING
12450,0.827,-0.602,-0.261,1.056,-28.4,0.6,82.9,87.63,ARM_SWING
12500,0.789,-0.590,-0.277,1.023,-31.1,-6.5,79.1,85.24,ARM_SWING
12550,0.765,-0.600,-0.298,1.017,-40.3,-2.3,72.3,82.81,ARM_SWING
12600,0.724,-0.590,-0.306,0.983,-40.2,-3.7,67.9,78.99,ARM_SWING
12650,0.686,-0.618,-0.327,0.980,-34.7,-5.1,60.9,70.28,ARM_SWING
12700,0.640,-0.614,-0.323,0.944,-28.2,-2.1,49.7,57.18,ARM_SWING
12750,0.582,-0.579,-0.315,0.879,-23.1,-2.9,37.8,44.39,ARM_SWING
12800,0.536,-0.552,-0.322,0.834,-15.5,17.8,19.1,30.36,ARM_SWING
12850,0.549,-0.520,-0.388,0.850,13.1,-1.6,-3.0,13.53,ARM_SWING
12900,0.560,-0.562,-0.333,0.860,7.4,0.7,-26.1,27.14,ARM_SWING
12950,0.607,-0.608,-0.328,0.920,14.1,4.5,-44.8,47.18,ARM_SWING
13000,0.649,-0.642,-0.322,0.968,27.0,4.6,-54.6,61.08,ARM_SWING
13050,0.671,-0.654,-0.307,0.986,37.5,9.3,-59.9,71.28,ARM_SWING
13100,0.702,-0.674,-0.294,1.017,36.1,5.4,-68.4,77.53,ARM_SWING
13150,0.727,-0.667,-0.284,1.027,33.0,-1.8,-69.7,77.14,ARM_SWING
13200,0.741,-0.674,-0.279,1.040,35.6,-0.8,-87.9,94.84,ARM_SWING
13250,0.788,-0.635,-0.273,1.048,26.8,-0.6,-76.4,80.97,ARM_SWING
13300,0.838,-0.630,-0.256,1.079,40.1,-6.4,-70.2,81.10,ARM_SWING
13350,0.852,-0.609,-0.225,1.071,43.6,-14.1,-64.5,79.12,ARM_SWING
13400,0.851,-0.581,-0.215,1.053,48.9,-13.8,-59.9,78.55,ARM_SWING
13450,0.825,-0.598,-0.225,1.043,45.7,-10.9,-52.0,70.08,ARM_SWING
13500,0.759,-0.652,-0.215,1.023,32.9,-1.7,-48.1,58.30,ARM_SWING
13550,0.762,-0.584,-0.270,0.997,4.6,0.0,-37.7,37.98,ARM_SWING
13600,0.763,-0.581,-0.302,1.005,17.4,-3.6,-32.9,37.39,ARM_SWING
13650,0.799,-0.592,-0.331,1.048,57.6,-15.8,-18.9,62.65,ARM_SWING
13700,0.800,-0.611,-0.267,1.041,33.6,-8.7,-2.5,34.80,ARM_SWING
13750,0.800,-0.608,-0.230,1.031,27.1,-8.7,13.7,31.59,ARM_SWING
13800,0.776,-0.599,-0.208,1.002,-15.6,-8.5,25.6,31.16,ARM_SWING
13850,0.825,-0.602,-0.199,1.040,-37.9,-4.3,33.1,50.50,ARM_SWING
13900,0.811,-0.619,-0.183,1.037,-40.9,-2.7,46.9,62.29,ARM_SWING
13950,0.803,-0.622,-0.186,1.033,-48.7,3.4,56.6,74.74,ARM_SWING
14000,0.830,-0.594,-0.218,1.044,-41.4,1.1,60.0,72.91,ARM_SWING
14050,0.876,-0.579,-0.228,1.075,-11.6,-17.5,61.6,65.08,ARM_SWING
14100,0.838,-0.624,-0.229,1.070,0.7,-14.3,70.2,71.65,ARM_SWING
14150,0.822,-0.622,-0.225,1.055,-15.0,-5.3,75.6,77.26,ARM_SWING
14200,0.788,-0.622,-0.258,1.037,-34.1,8.8,84.2,91.27,ARM_SWING
14250,0.736,-0.643,-0.287,1.019,-37.8,4.6,68.4,78.29,ARM_SWING
14300,0.695,-0.648,-0.291,0.994,-39.8,10.3,63.4,75.56,ARM_SWING
14350,0.662,-0.630,-0.300,0.962,-40.8,12.3,57.8,71.81,ARM_SWING
14400,0.633,-0.587,-0.296,0.913,-34.3,7.7,47.1,58.77,ARM_SWING
14450,0.612,-0.564,-0.301,0.885,-31.8,6.0,31.9,45.44,ARM_SWING
14500,0.606,-0.553,-0.304,0.875,-29.2,5.2,17.5,34.44,ARM_SWING
14550,0.606,-0.555,-0.317,0.881,-21.4,13.7,-1.4,25.45,ARM_SWING
14600,0.612,-0.569,-0.332,0.899,-5.6,11.9,-21.4,25.12,ARM_SWING
14650,0.636,-0.610,-0.342,0.945,10.6,13.7,-38.2,41.94,ARM_SWING
14700,0.691,-0.600,-0.343,0.977,34.0,-0.6,-42.7,54.59,ARM_SWING
14750,0.691,-0.599,-0.329,0.972,45.6,-6.4,-52.4,69.76,ARM_SWING
14800,0.708,-0.600,-0.303,0.976,44.0,-2.5,-67.4,80.53,ARM_SWING
14850,0.756,-0.609,-0.279,1.010,42.7,-11.4,-74.9,86.97,ARM_SWING
14900,0.803,-0.636,-0.260,1.057,37.8,-7.5,-82.4,90.97,ARM_SWING
14950,0.817,-0.635,-0.235,1.061,38.0,-8.8,-80.2,89.18,ARM_SWING
15000,0.818,-0.627,-0.224,1.055,35.6,-5.8,-73.9,82.23,ARM_SWING
15050,0.833,-0.616,-0.204,1.056,29.1,-10.7,-57.5,65.33,ARM_SWING
15100,0.853,-0.585,-0.203,1.054,29.6,-15.1,-50.1,60.12,ARM_SWING
15150,0.775,-0.549,-0.306,0.998,2.5,-11.9,-39.6,41.42,ARM_SWING
15200,0.817,-0.565,-0.224,1.018,48.7,-14.7,-29.5,58.81,ARM_SWING
15250,0.788,-0.586,-0.264,1.017,8.7,1.4,-23.6,25.19,ARM_SWING
15300,0.754,-0.587,-0.261,0.991,25.9,1.2,-13.1,29.05,ARM_SWING
15350,0.764,-0.576,-0.319,1.009,46.4,-8.2,-2.6,47.19,ARM_SWING
15400,0.765,-0.591,-0.294,1.010,29.0,-4.2,3.8,29.55,ARM_SWING
15450,0.792,-0.595,-0.286,1.031,20.2,-5.3,10.8,23.51,ARM_SWING
15500,0.790,-0.610,-0.287,1.039,-25.4,-11.1,25.6,37.73,ARM_SWING
15550,0.805,-0.603,-0.273,1.042,-39.1,-7.4,31.9,51.00,ARM_SWING
15600,0.805,-0.595,-0.246,1.031,-50.6,0.1,40.4,64.75,ARM_SWING
15650,0.793,-0.588,-0.210,1.009,-42.9,-3.7,46.0,63.01,ARM_SWING
15700,0.793,-0.594,-0.185,1.008,-39.1,-1.4,49.2,62.86,ARM_SWING
15750,0.798,-0.603,-0.174,1.015,-40.2,9.8,51.1,65.75,ARM_SWING
15800,0.813,-0.595,-0.193,1.026,-34.8,6.9,67.4,76.17,ARM_SWING
15850,0.819,-0.621,-0.233,1.054,-28.4,3.1,52.0,59.33,ARM_SWING
15900,0.811,-0.642,-0.253,1.065,-27.0,-0.9,63.5,69.01,ARM_SWING
15950,0.785,-0.642,-0.301,1.058,-23.9,-0.7,67.9,71.99,ARM_SWING
16000,0.752,-0.665,-0.336,1.059,-24.4,-4.9,74.3,78.36,ARM_SWING
16050,0.728,-0.637,-0.354,1.030,-27.1,-0.2,75.6,80.31,ARM_SWING
16100,0.683,-0.589,-0.360,0.971,-30.1,-4.1,73.3,79.35,ARM_SWING
16150,0.641,-0.550,-0.346,0.913,-24.0,-2.1,54.8,59.86,ARM_SWING
16200,0.600,-0.531,-0.327,0.865,-20.1,1.1,32.2,37.97,ARM_SWING
16250,0.556,-0.545,-0.233,0.813,-31.1,3.2,15.8,35.03,ARM_SWING
16300,0.579,-0.531,-0.323,0.849,3.4,-0.7,-9.2,9.83,ARM_SWING
16350,0.598,-0.582,-0.330,0.897,8.8,3.5,-29.3,30.79,ARM_SWING
16400,0.627,-0.623,-0.331,0.944,23.2,0.9,-41.0,47.12,ARM_SWING
16450,0.660,-0.646,-0.311,0.974,38.2,1.8,-53.9,66.09,ARM_SWING
16500,0.673,-0.676,-0.294,0.998,35.6,-0.1,-62.0,71.49,ARM_SWING
16550,0.703,-0.686,-0.278,1.021,34.6,-5.5,-60.7,70.08,ARM_SWING
16600,0.720,-0.666,-0.275,1.019,19.5,7.4,-68.6,71.70,ARM_SWING
16650,0.778,-0.646,-0.280,1.049,20.3,4.7,-71.2,74.19,ARM_SWING
16700,0.788,-0.638,-0.271,1.049,25.5,2.5,-70.7,75.20,ARM_SWING
16750,0.818,-0.618,-0.271,1.060,25.5,-8.1,-69.7,74.66,ARM_SWING
16800,0.810,-0.585,-0.277,1.037,27.4,-8.0,-67.4,73.20,ARM_SWING
16850,0.797,-0.580,-0.268,1.021,29.4,-7.8,-68.1,74.58,ARM_SWING
16900,0.748,-0.470,-0.330,0.943,-1.2,5.8,-60.4,60.69,ARM_SWING
16950,0.783,-0.564,-0.293,1.008,38.4,-11.4,-49.0,63.29,ARM_SWING
17000,0.796,-0.603,-0.313,1.047,-1.1,-0.7,-42.9,42.92,ARM_SWING
17050,0.824,-0.610,-0.301,1.068,40.4,-6.8,-25.5,48.26,ARM_SWING
17100,0.786,-0.601,-0.260,1.023,54.4,-8.0,-1.8,55.01,ARM_SWING
17150,0.791,-0.593,-0.238,1.017,30.9,1.8,13.6,33.81,ARM_SWING
17200,0.790,-0.580,-0.236,1.008,1.4,-6.6,28.1,28.90,ARM_SWING
17250,0.829,-0.598,-0.225,1.047,-31.2,-0.7,39.4,50.26,ARM_SWING
17300,0.879,-0.601,-0.268,1.098,-32.6,-10.4,52.4,62.58,ARM_SWING
17350,0.878,-0.593,-0.278,1.095,-30.8,-18.6,67.6,76.58,ARM_SWING
17400,0.813,-0.598,-0.251,1.040,-23.7,-8.0,72.5,76.69,ARM_SWING
17450,0.758,-0.584,-0.237,0.986,-28.7,-4.4,73.7,79.21,ARM_SWING
17500,0.747,-0.587,-0.243,0.981,-26.3,-1.6,64.5,69.67,ARM_SWING
17550,0.738,-0.612,-0.248,0.990,-26.7,-1.9,54.8,60.99,ARM_SWING
17600,0.734,-0.652,-0.250,1.013,-29.4,1.1,51.3,59.14,ARM_SWING
17650,0.737,-0.670,-0.273,1.033,-37.0,4.9,52.1,64.09,ARM_SWING
17700,0.722,-0.661,-0.303,1.025,-43.2,9.5,51.3,67.74,ARM_SWING
17750,0.687,-0.630,-0.322,0.986,-36.3,5.5,52.5,64.06,ARM_SWING
17800,0.660,-0.622,-0.338,0.968,-30.0,5.2,49.9,58.46,ARM_SWING
17850,0.633,-0.590,-0.356,0.936,-26.3,3.2,41.8,49.49,ARM_SWING
17900,0.624,-0.572,-0.363,0.921,-20.3,3.2,30.2,36.53,ARM_SWING
17950,0.565,-0.535,-0.247,0.816,-8.6,20.3,18.4,28.72,ARM_SWING
18000,0.593,-0.570,-0.313,0.880,15.2,0.8,-6.7,16.63,ARM_SWING
18050,0.626,-0.573,-0.344,0.916,-0.2,10.2,-18.8,21.39,ARM_SWING
18100,0.646,-0.589,-0.341,0.938,18.5,5.2,-33.1,38.27,ARM_SWING
18150,0.667,-0.601,-0.311,0.950,25.9,4.6,-41.3,48.97,ARM_SWING
18200,0.697,-0.633,-0.290,0.985,28.4,3.8,-50.1,57.71,ARM_SWING
18250,0.735,-0.653,-0.290,1.025,21.2,3.5,-56.7,60.63,ARM_SWING
18300,0.751,-0.637,-0.305,1.031,28.5,-3.0,-56.7,63.53,ARM_SWING
18350,0.741,-0.630,-0.303,1.019,35.3,-5.9,-61.5,71.16,ARM_SWING
18400,0.751,-0.630,-0.279,1.019,32.1,-2.5,-66.0,73.43,ARM_SWING
18450,0.775,-0.636,-0.275,1.040,25.6,-6.7,-68.3,73.25,ARM_SWING
18500,0.787,-0.619,-0.269,1.037,25.2,-3.0,-70.1,74.55,ARM_SWING
18550,0.799,-0.594,-0.274,1.033,26.4,-4.8,-64.3,69.67,ARM_SWING
18600,0.798,-0.594,-0.290,1.036,26.0,-4.6,-52.4,58.68,ARM_SWING
18650,0.768,-0.643,-0.287,1.042,33.4,5.1,-53.4,63.19,ARM_SWING
18700,0.785,-0.596,-0.301,1.031,8.4,-5.9,-36.2,37.63,ARM_SWING
18750,0.767,-0.606,-0.302,1.023,2.5,-4.6,-26.9,27.40,ARM_SWING
18800,0.789,-0.598,-0.305,1.036,54.3,-6.3,-4.3,54.83,ARM_SWING
18850,0.790,-0.612,-0.257,1.032,34.0,-7.2,9.7,36.08,ARM_SWING
18900,0.802,-0.618,-0.243,1.041,24.0,-2.7,26.6,35.93,ARM_SWING
18950,0.785,-0.597,-0.216,1.010,-20.5,1.7,35.7,41.20,ARM_SWING
19000,0.740,-0.615,-0.217,0.986,-48.4,5.3,44.1,65.69,ARM_SWING
19050,0.787,-0.643,-0.232,1.042,-58.5,0.1,50.6,77.35,ARM_SWING
19100,0.838,-0.655,-0.248,1.092,-53.8,0.2,57.1,78.45,ARM_SWING
19150,0.874,-0.637,-0.256,1.111,-31.3,-5.7,66.6,73.81,ARM_SWING
19200,0.854,-0.626,-0.251,1.088,-21.9,-6.2,73.4,76.85,ARM_SWING
19250,0.813,-0.593,-0.238,1.034,-28.7,1.4,69.4,75.11,ARM_SWING
19300,0.793,-0.596,-0.264,1.027,-35.2,10.8,68.3,77.59,ARM_SWING
19350,0.797,-0.586,-0.284,1.029,-43.0,5.4,67.2,79.96,ARM_SWING
19400,0.765,-0.529,-0.274,0.970,-40.7,3.2,61.2,73.57,ARM_SWING
19450,0.711,-0.532,-0.274,0.929,-39.5,8.7,48.9,63.46,ARM_SWING
19500,0.683,-0.492,-0.286,0.889,-39.6,7.9,32.4,51.77,ARM_SWING
19550,0.663,-0.480,-0.297,0.871,-30.1,8.8,13.7,34.22,ARM_SWING
19600,0.661,-0.512,-0.321,0.896,-21.4,11.2,-5.2,24.71,ARM_SWING
19650,0.664,-0.542,-0.356,0.928,-8.4,12.1,-19.2,24.20,ARM_SWING
19700,0.677,-0.572,-0.386,0.967,5.8,9.3,-31.6,33.45,ARM_SWING
19750,0.693,-0.574,-0.383,0.978,24.5,4.4,-44.1,50.64,ARM_SWING
19800,0.711,-0.597,-0.331,0.986,49.4,-0.9,-40.7,64.01,ARM_SWING
19850,0.716,-0.610,-0.286,0.983,51.5,-4.4,-48.3,70.74,ARM_SWING
19900,0.744,-0.603,-0.296,1.002,43.9,-0.2,-52.7,68.59,ARM_SWING
19950,0.772,-0.602,-0.290,1.021,44.5,-6.6,-59.8,74.83,ARM_SWING
20000,0.787,-0.625,-0.259,1.038,42.2,-9.2,-60.5,74.34,ARM_SWING
20050,0.811,-0.633,-0.238,1.056,36.4,-9.5,-54.8,66.47,ARM_SWING
20100,0.811,-0.601,-0.184,1.026,28.3,-8.6,-51.3,59.22,ARM_SWING
20150,0.799,-0.604,-0.191,1.020,22.6,0.4,-49.1,54.05,ARM_SWING
20200,0.803,-0.561,-0.245,1.010,20.7,-2.3,-40.7,45.72,ARM_SWING
20250,0.807,-0.553,-0.334,1.034,55.2,-10.8,-40.5,69.31,ARM_SWING
20300,0.793,-0.594,-0.299,1.035,45.7,-9.5,-32.2,56.71,ARM_SWING
20350,0.793,-0.584,-0.325,1.037,9.5,4.3,-26.4,28.38,ARM_SWING
20400,0.776,-0.568,-0.284,1.003,1.5,7.2,-18.5,19.91,ARM_SWING
20450,0.779,-0.594,-0.294,1.023,43.5,-7.3,-7.3,44.71,ARM_SWING
20500,0.761,-0.589,-0.126,0.971,25.4,-5.5,0.9,26.00,ARM_SWING
20550,0.792,-0.600,-0.247,1.024,4.4,-3.3,10.1,11.50,ARM_SWING
20600,0.845,-0.608,-0.207,1.061,-29.6,-14.9,24.2,41.03,ARM_SWING
20650,0.833,-0.604,-0.134,1.038,-40.0,-8.4,36.6,54.86,ARM_SWING
20700,0.824,-0.602,-0.119,1.027,-56.1,6.3,46.1,72.88,ARM_SWING
20750,0.820,-0.557,-0.169,1.006,-53.6,16.6,55.2,78.71,ARM_SWING
20800,0.819,-0.561,-0.202,1.013,-37.5,6.9,56.0,67.75,ARM_SWING
20850,0.841,-0.579,-0.227,1.046,-31.4,3.2,57.3,65.42,ARM_SWING
20900,0.847,-0.605,-0.248,1.070,-31.2,0.0,59.0,66.74,ARM_SWING
20950,0.838,-0.621,-0.260,1.075,-33.1,-1.6,64.5,72.51,ARM_SWING
21000,0.829,-0.610,-0.262,1.062,-34.6,-1.1,69.7,77.82,ARM_SWING
21050,0.801,-0.606,-0.263,1.038,-39.9,3.5,73.7,83.88,ARM_SWING
21100,0.750,-0.569,-0.280,0.982,-40.7,5.2,69.4,80.62,ARM_SWING
21150,0.687,-0.520,-0.291,0.909,-30.0,0.1,55.6,63.18,ARM_SWING
21200,0.651,-0.503,-0.293,0.873,-19.2,-2.0,34.5,39.53,ARM_SWING
21250,0.644,-0.502,-0.293,0.868,-15.1,0.9,13.5,20.27,ARM_SWING
21300,0.655,-0.499,-0.303,0.877,-8.1,4.6,-8.3,12.48,ARM_SWING
21350,0.673,-0.528,-0.327,0.916,2.5,5.1,-28.3,28.86,ARM_SWING
21400,0.705,-0.563,-0.335,0.962,14.7,2.7,-42.2,44.77,ARM_SWING
21450,0.733,-0.603,-0.321,1.002,31.5,-2.0,-52.5,61.26,ARM_SWING
21500,0.733,-0.623,-0.299,1.007,49.2,-7.7,-59.4,77.51,ARM_SWING
21550,0.755,-0.616,-0.286,1.016,57.4,-15.4,-63.7,87.12,ARM_SWING
21600,0.753,-0.608,-0.244,0.998,65.3,-24.2,-69.3,98.25,ARM_SWING
21650,0.786,-0.633,-0.214,1.032,60.4,-23.9,-70.1,95.57,ARM_SWING
21700,0.798,-0.598,-0.203,1.018,57.4,-21.8,-72.1,94.70,ARM_SWING
21750,0.830,-0.610,-0.230,1.055,48.9,-18.1,-72.3,89.14,ARM_SWING
21800,0.804,-0.602,-0.234,1.031,37.7,-13.6,-67.7,78.67,ARM_SWING
21850,0.813,-0.512,-0.193,0.980,44.1,-10.5,-65.3,79.49,ARM_SWING
21900,0.813,-0.630,-0.317,1.076,38.1,0.4,-51.1,63.74,ARM_SWING
21950,0.793,-0.641,-0.284,1.058,3.4,-5.3,-34.5,35.07,ARM_SWING
22000,0.770,-0.622,-0.296,1.033,0.5,-6.0,-20.0,20.89,ARM_SWING
22050,0.741,-0.613,-0.300,1.007,43.4,-7.6,-4.2,44.26,ARM_SWING
22100,0.778,-0.627,-0.242,1.028,28.9,-7.0,13.0,32.45,ARM_SWING
22150,0.808,-0.630,-0.207,1.045,26.6,-3.6,29.3,39.74,ARM_SWING
22200,0.824,-0.597,-0.199,1.037,-14.8,-2.4,42.6,45.16,ARM_SWING
22250,0.854,-0.588,-0.188,1.054,-43.4,-1.6,55.0,70.08,ARM_SWING
22300,0.834,-0.580,-0.190,1.033,-53.5,4.5,65.2,84.46,ARM_SWING
22350,0.799,-0.564,-0.197,0.998,-57.3,18.0,63.4,87.33,ARM_SWING
22400,0.782,-0.572,-0.223,0.994,-42.4,14.8,59.1,74.23,ARM_SWING
22450,0.783,-0.621,-0.244,1.029,-20.5,3.9,55.7,59.48,ARM_SWING
22500,0.793,-0.711,-0.252,1.094,-11.5,-0.3,62.7,63.75,ARM_SWING
22550,0.787,-0.733,-0.257,1.106,-22.1,3.9,75.4,78.67,ARM_SWING
22600,0.761,-0.691,-0.283,1.066,-31.0,5.8,80.1,86.09,ARM_SWING
22650,0.741,-0.691,-0.291,1.054,-34.7,3.3,80.4,87.63,ARM_SWING
22700,0.697,-0.670,-0.296,1.011,-38.2,2.1,77.6,86.52,ARM_SWING
22750,0.632,-0.612,-0.303,0.930,-34.5,1.4,67.3,75.64,ARM_SWING
22800,0.601,-0.566,-0.303,0.879,-29.8,-0.5,49.1,57.44,ARM_SWING
22850,0.579,-0.527,-0.286,0.834,-22.1,-3.9,26.5,34.73,ARM_SWING
22900,0.578,-0.528,-0.281,0.832,-16.0,-2.4,-1.4,16.24,ARM_SWING
22950,0.594,-0.552,-0.288,0.861,-10.0,2.3,-25.4,27.39,ARM_SWING
23000,0.629,-0.586,-0.304,0.912,-2.5,5.8,-44.6,45.04,ARM_SWING
23050,0.669,-0.623,-0.324,0.970,14.4,5.2,-59.0,60.95,ARM_SWING
23100,0.692,-0.641,-0.318,0.995,38.1,0.5,-71.6,81.11,ARM_SWING
23150,0.710,-0.664,-0.292,1.015,55.0,-7.4,-79.1,96.63,ARM_SWING
23200,0.740,-0.672,-0.266,1.034,55.4,-10.3,-85.6,102.48,ARM_SWING
23250,0.773,-0.681,-0.257,1.062,56.1,-13.0,-87.1,104.42,ARM_SWING
23300,0.773,-0.651,-0.238,1.038,56.4,-14.8,-86.6,104.40,ARM_SWING
23350,0.779,-0.659,-0.231,1.046,51.3,-14.9,-87.7,102.69,ARM_SWING
23400,0.793,-0.681,-0.224,1.069,41.0,-12.5,-81.4,92.00,ARM_SWING
23450,0.802,-0.673,-0.232,1.072,29.8,-7.7,-72.0,78.30,ARM_SWING
23500,0.754,-0.768,-0.236,1.102,9.8,15.7,-65.5,68.06,ARM_SWING
23550,0.788,-0.661,-0.275,1.065,9.1,-1.2,-32.5,33.77,ARM_SWING
23600,0.778,-0.634,-0.302,1.048,-23.1,1.6,-20.5,30.93,ARM_SWING
23650,0.771,-0.612,-0.305,1.031,27.0,-2.3,-3.3,27.30,ARM_SWING
23700,0.778,-0.620,-0.278,1.033,40.8,-9.5,16.8,45.13,ARM_SWING
23750,0.793,-0.612,-0.223,1.026,33.2,0.1,26.5,42.48,ARM_SWING
23800,0.765,-0.649,-0.221,1.027,-9.0,7.0,37.2,38.91,ARM_SWING
23850,0.848,-0.604,-0.199,1.060,-50.6,-0.2,47.1,69.13,ARM_SWING
23900,0.819,-0.617,-0.194,1.044,-57.2,-0.4,59.5,82.54,ARM_SWING
23950,0.810,-0.606,-0.223,1.036,-58.1,6.7,64.7,87.22,ARM_SWING
24000,0.832,-0.595,-0.250,1.053,-41.3,2.0,63.1,75.44,ARM_SWING
24050,0.827,-0.622,-0.258,1.066,-21.4,-1.4,64.7,68.16,ARM_SWING
24100,0.813,-0.640,-0.255,1.066,-18.6,-0.9,66.9,69.44,ARM_SWING
24150,0.793,-0.657,-0.253,1.060,-24.8,0.2,69.7,73.98,ARM_SWING
24200,0.747,-0.664,-0.233,1.026,-32.7,3.0,70.7,77.95,ARM_SWING
24250,0.709,-0.694,-0.248,1.023,-29.0,7.2,73.2,79.06,ARM_SWING
24300,0.665,-0.667,-0.246,0.973,-42.7,12.9,69.3,82.41,ARM_SWING
24350,0.644,-0.548,-0.259,0.884,-39.5,7.7,54.0,67.35,ARM_SWING
24400,0.624,-0.555,-0.264,0.876,-31.8,6.7,34.7,47.54,ARM_SWING
24450,0.615,-0.527,-0.272,0.854,-27.8,8.4,13.8,32.15,ARM_SWING
24500,0.622,-0.535,-0.301,0.874,-19.5,10.4,-7.0,23.18,ARM_SWING
24550,0.644,-0.567,-0.342,0.924,-10.2,10.0,-23.5,27.50,ARM_SWING
24600,0.656,-0.580,-0.358,0.946,8.0,4.4,-38.9,39.96,ARM_SWING
24650,0.673,-0.615,-0.335,0.971,29.3,-1.4,-50.0,57.97,ARM_SWING
24700,0.690,-0.634,-0.308,0.986,46.3,-3.2,-58.7,74.83,ARM_SWING
24750,0.712,-0.628,-0.299,0.995,51.5,-7.9,-66.7,84.64,ARM_SWING
24800,0.770,-0.660,-0.305,1.059,57.4,-16.3,-70.2,92.13,ARM_SWING
24850,0.767,-0.676,-0.279,1.060,58.7,-23.1,-68.1,92.83,ARM_SWING
24900,0.752,-0.683,-0.250,1.046,50.8,-23.0,-64.8,85.49,ARM_SWING
24950,0.766,-0.643,-0.234,1.027,42.6,-22.1,-63.3,79.44,ARM_SWING
25000,0.757,-0.634,-0.214,1.010,37.2,-20.0,-64.3,76.93,ARM_SWING
25050,0.776,-0.627,-0.225,1.023,27.1,-14.7,-63.2,70.32,ARM_SWING
25100,0.866,-0.535,-0.021,1.018,42.9,16.6,-74.1,87.22,ARM_SWING
25150,0.753,-0.640,-0.302,1.033,28.7,2.6,-45.7,54.03,ARM_SWING
25200,0.775,-0.602,-0.308,1.029,-22.2,8.7,-36.7,43.77,ARM_SWING
25250,0.775,-0.639,-0.326,1.056,-5.4,5.7,-24.4,25.63,ARM_SWING
25300,0.788,-0.634,-0.307,1.057,38.3,-2.2,-5.2,38.71,ARM_SWING
25350,0.809,-0.643,-0.269,1.068,32.5,-3.4,16.2,36.47,ARM_SWING
25400,0.803,-0.625,-0.224,1.042,11.2,-6.0,34.6,36.86,ARM_SWING
25450,0.817,-0.623,-0.212,1.049,-30.8,-2.5,47.4,56.58,ARM_SWING
25500,0.816,-0.601,-0.247,1.043,-50.7,-8.0,57.1,76.78,ARM_SWING
25550,0.802,-0.614,-0.262,1.043,-34.3,-14.1,62.3,72.50,ARM_SWING
25600,0.802,-0.645,-0.260,1.062,-20.7,-12.1,66.8,70.97,ARM_SWING
25650,0.801,-0.652,-0.273,1.068,-11.2,-7.0,71.5,72.71,ARM_SWING
25700,0.805,-0.654,-0.271,1.072,-14.0,-3.9,72.0,73.45,ARM_SWING
25750,0.771,-0.679,-0.267,1.061,-22.8,-0.9,72.8,76.29,ARM_SWING
25800,0.744,-0.687,-0.280,1.051,-32.6,1.3,76.3,82.98,ARM_SWING
25850,0.699,-0.686,-0.285,1.020,-38.5,2.2,76.8,85.94,ARM_SWING
25900,0.656,-0.650,-0.286,0.967,-35.6,1.9,74.2,82.32,ARM_SWING
25950,0.605,-0.612,-0.292,0.909,-29.6,0.0,62.1,68.79,ARM_SWING
26000,0.578,-0.574,-0.290,0.865,-24.7,0.7,43.6,50.12,ARM_SWING
26050,0.567,-0.558,-0.302,0.851,-22.6,5.0,22.4,32.21,ARM_SWING
26100,0.563,-0.558,-0.330,0.859,-18.4,9.1,1.1,20.56,ARM_SWING
26150,0.589,-0.570,-0.397,0.911,3.0,7.4,-18.5,20.15,ARM_SWING
26200,0.590,-0.599,-0.388,0.926,6.1,6.6,-35.2,36.33,ARM_SWING
26250,0.603,-0.652,-0.358,0.958,20.1,5.3,-46.1,50.57,ARM_SWING
26300,0.633,-0.650,-0.338,0.968,33.8,5.1,-54.6,64.42,ARM_SWING
26350,0.664,-0.635,-0.314,0.971,39.9,2.7,-66.9,77.94,ARM_SWING
26400,0.681,-0.663,-0.292,0.994,39.2,0.7,-73.4,83.21,ARM_SWING
26450,0.709,-0.679,-0.272,1.019,36.6,-1.4,-76.5,84.82,ARM_SWING
26500,0.744,-0.690,-0.273,1.051,31.0,-1.4,-78.4,84.32,ARM_SWING
26550,0.760,-0.670,-0.277,1.050,35.8,-5.6,-78.4,86.37,ARM_SWING
26600,0.795,-0.651,-0.244,1.056,37.5,-9.3,-74.5,83.92,ARM_SWING
26650,0.808,-0.628,-0.242,1.052,34.5,-8.4,-66.2,75.12,ARM_SWING
26700,0.805,-0.608,-0.248,1.039,27.4,-7.9,-56.8,63.56,ARM_SWING
26750,0.787,-0.665,-0.280,1.068,18.3,6.9,-51.5,55.09,ARM_SWING
26800,0.792,-0.618,-0.293,1.046,4.4,-3.0,-35.3,35.70,ARM_SWING
26850,0.788,-0.622,-0.314,1.052,-1.4,-1.1,-26.3,26.36,ARM_SWING
26900,0.786,-0.638,-0.355,1.073,55.3,-12.5,-10.1,57.59,ARM_SWING
26950,0.807,-0.618,-0.305,1.061,41.5,-13.2,10.7,44.84,ARM_SWING
27000,0.802,-0.612,-0.244,1.038,34.6,-3.8,23.5,42.00,ARM_SWING
27050,0.790,-0.600,-0.219,1.016,-17.7,-3.6,36.8,40.99,ARM_SWING
27100,0.752,-0.607,-0.193,0.985,-47.3,3.4,42.7,63.81,ARM_SWING
27150,0.782,-0.624,-0.196,1.019,-69.0,8.7,44.2,82.40,ARM_SWING
27200,0.826,-0.638,-0.223,1.067,-68.3,7.8,52.2,86.32,ARM_SWING
27250,0.842,-0.615,-0.251,1.072,-38.5,-1.1,60.6,71.80,ARM_SWING
27300,0.830,-0.635,-0.246,1.074,-15.6,-7.4,65.4,67.64,ARM_SWING
27350,0.824,-0.637,-0.242,1.069,-18.2,-3.1,71.1,73.46,ARM_SWING
27400,0.812,-0.619,-0.243,1.050,-30.1,1.1,74.0,79.90,ARM_SWING
27450,0.790,-0.596,-0.260,1.023,-39.9,4.0,71.6,82.06,ARM_SWING
27500,0.749,-0.564,-0.262,0.974,-43.4,4.7,66.0,79.13,ARM_SWING
27550,0.709,-0.517,-0.276,0.920,-40.4,4.4,52.7,66.55,ARM_SWING
27600,0.684,-0.509,-0.275,0.896,-33.7,3.0,36.0,49.40,ARM_SWING
27650,0.658,-0.507,-0.279,0.876,-27.7,6.6,17.4,33.37,ARM_SWING
27700,0.650,-0.511,-0.293,0.877,-22.4,10.0,-2.7,24.68,ARM_SWING
27750,0.666,-0.532,-0.325,0.912,-11.4,11.9,-19.5,25.53,ARM_SWING
27800,0.693,-0.569,-0.353,0.964,2.4,10.4,-33.1,34.78,ARM_SWING
27850,0.715,-0.586,-0.345,0.987,20.2,5.0,-40.8,45.80,ARM_SWING
27900,0.740,-0.600,-0.327,1.007,39.0,1.0,-47.8,61.70,ARM_SWING
27950,0.749,-0.598,-0.308,1.007,49.8,-1.3,-55.3,74.43,ARM_SWING
28000,0.760,-0.597,-0.294,1.010,54.4,-5.6,-62.4,82.97,ARM_SWING
28050,0.765,-0.601,-0.283,1.013,55.9,-11.4,-67.3,88.23,ARM_SWING
28100,0.776,-0.606,-0.272,1.021,52.5,-14.7,-68.3,87.39,ARM_SWING
28150,0.798,-0.604,-0.260,1.034,50.1,-18.4,-68.4,86.76,ARM_SWING
28200,0.805,-0.622,-0.252,1.048,43.3,-16.9,-66.6,81.22,ARM_SWING
28250,0.793,-0.619,-0.250,1.037,30.6,-12.6,-61.9,70.19,ARM_SWING
28300,0.831,-0.521,-0.284,1.021,-23.8,-7.7,-53.1,58.70,ARM_SWING
28350,0.766,-0.592,-0.287,1.010,23.1,-12.7,-28.9,39.12,ARM_SWING
28400,0.778,-0.610,-0.299,1.033,-25.9,-4.4,-24.4,35.85,ARM_SWING
28450,0.787,-0.618,-0.294,1.043,11.5,-7.3,-6.9,15.27,ARM_SWING
28500,0.792,-0.608,-0.271,1.035,38.2,-6.6,11.6,40.46,ARM_SWING
28550,0.793,-0.585,-0.237,1.014,32.9,-0.7,26.5,42.25,ARM_SWING
28600,0.754,-0.581,-0.214,0.976,-10.1,3.7,33.8,35.47,ARM_SWING
28650,0.772,-0.605,-0.193,1.000,-57.5,6.2,36.6,68.44,ARM_SWING
28700,0.814,-0.633,-0.218,1.054,-78.0,11.7,43.7,90.17,ARM_SWING
28750,0.884,-0.609,-0.256,1.104,-61.1,10.0,56.9,84.09,ARM_SWING
28800,0.881,-0.564,-0.270,1.080,-28.7,4.9,68.4,74.34,ARM_SWING
28850,0.856,-0.565,-0.257,1.057,-18.7,6.7,71.5,74.21,ARM_SWING
28900,0.839,-0.547,-0.265,1.036,-21.3,9.9,71.3,75.07,ARM_SWING
28950,0.816,-0.555,-0.269,1.023,-28.1,7.2,69.1,74.94,ARM_SWING
29000,0.779,-0.552,-0.264,0.991,-33.9,6.2,63.9,72.60,ARM_SWING
29050,0.747,-0.560,-0.272,0.972,-34.0,6.0,56.1,65.87,ARM_SWING
29100,0.710,-0.541,-0.280,0.936,-31.7,3.4,46.4,56.30,ARM_SWING
29150,0.688,-0.521,-0.285,0.909,-25.2,1.8,30.0,39.22,ARM_SWING
29200,0.677,-0.521,-0.293,0.903,-21.7,1.4,11.6,24.65,ARM_SWING
29250,0.682,-0.520,-0.304,0.910,-14.6,2.6,-7.4,16.57,ARM_SWING
29300,0.700,-0.550,-0.323,0.947,-4.6,2.1,-22.4,22.96,ARM_SWING
29350,0.727,-0.565,-0.331,0.978,8.7,-0.3,-33.6,34.71,ARM_SWING
29400,0.740,-0.584,-0.318,0.995,22.5,-3.6,-41.7,47.52,ARM_SWING
29450,0.736,-0.590,-0.293,0.988,35.0,-6.0,-48.7,60.27,ARM_SWING
29500,0.744,-0.590,-0.284,0.991,42.0,-8.3,-54.8,69.54,ARM_SWING
29550,0.749,-0.597,-0.269,0.995,45.9,-10.5,-61.3,77.30,ARM_SWING
29600,0.791,-0.589,-0.270,1.022,46.2,-13.8,-66.1,81.82,ARM_SWING
29650,0.797,-0.593,-0.257,1.026,48.9,-16.7,-67.0,84.61,ARM_SWING
29700,0.817,-0.588,-0.253,1.038,45.9,-17.7,-65.3,81.76,ARM_SWING
29750,0.810,-0.586,-0.245,1.029,41.6,-16.8,-60.9,75.64,ARM_SWING
29800,0.824,-0.578,-0.256,1.039,36.1,-16.6,-54.2,67.20,ARM_SWING
29850,0.888,-0.556,-0.233,1.073,27.5,-5.8,-50.3,57.62,ARM_SWING
29900,0.809,-0.562,-0.293,1.028,36.4,-20.5,-24.6,48.48,ARM_SWING
29950,0.783,-0.561,-0.284,1.004,-2.3,-8.0,-16.3,18.30,ARM_SWING
Recording stopped

Samples dumped: 600
