
Recording started
time,accelX,accelY,accelZ,accelMagnitude,gyroX,gyroY,gyroZ,gyroMagnitude,activity
0,0.963,-0.422,-0.296,1.092,-42.4,-25.6,121.3,131.02,ARM_SWING
50,0.849,-0.312,-0.276,0.946,-21.7,-24.6,98.7,104.01,ARM_SWING
100,0.732,-0.139,-0.253,0.787,-8.6,-23.2,49.9,55.70,ARM_SWING
150,0.680,-0.098,-0.185,0.711,-6.2,-21.4,-11.9,25.26,ARM_SWING
200,0.700,-0.198,-0.190,0.752,3.1,-6.8,-69.8,70.20,ARM_SWING
250,0.773,-0.330,-0.214,0.867,7.9,19.6,-119.0,120.86,ARM_SWING
300,0.867,-0.487,-0.269,1.030,26.7,32.0,-146.7,152.51,ARM_SWING
350,0.985,-0.788,-0.336,1.305,49.7,29.4,-149.5,160.26,ARM_SWING
400,0.971,-0.800,-0.419,1.326,22.7,26.3,-117.1,122.14,ARM_SWING
450,0.896,-0.724,-0.411,1.223,68.3,6.0,-82.8,107.50,ARM_SWING
500,0.626,-0.768,-0.413,1.073,65.2,-1.6,-62.0,89.99,ARM_SWING
550,0.653,-0.732,-0.415,1.065,39.2,-14.2,-45.7,61.86,ARM_SWING
600,0.599,-0.701,-0.386,1.000,24.2,-9.5,-32.4,41.54,ARM_SWING
650,0.716,-0.706,-0.486,1.117,22.6,8.6,-27.8,36.85,ARM_SWING
700,0.698,-0.656,-0.461,1.063,-19.8,-0.4,9.6,22.01,ARM_SWING
750,0.766,-0.688,-0.410,1.108,-108.6,23.8,22.4,113.41,ARM_SWING
800,0.873,-0.729,-0.451,1.224,-25.0,3.2,52.2,57.97,ARM_SWING
850,0.996,-0.727,-0.431,1.306,-14.4,-12.5,87.5,89.55,ARM_SWING
900,1.073,-0.706,-0.364,1.335,-1.5,-35.4,123.6,128.58,ARM_SWING
950,1.067,-0.654,-0.330,1.294,-5.4,-48.0,152.3,159.78,ARM_SWING
1000,0.982,-0.537,-0.293,1.157,-20.0,-49.2,155.1,163.94,ARM_SWING
1050,0.924,-0.422,-0.271,1.051,-30.8,-47.2,141.0,151.85,ARM_SWING
1100,0.795,-0.298,-0.212,0.875,-18.2,-44.3,106.3,116.59,ARM_SWING
1150,0.656,-0.226,-0.211,0.725,-7.3,-30.8,60.2,68.01,ARM_SWING
1200,0.550,-0.196,-0.188,0.613,-9.8,-18.6,2.1,21.13,ARM_SWING
1250,0.535,-0.214,-0.209,0.613,-13.3,11.9,-59.3,61.93,ARM_SWING
1300,0.593,-0.297,-0.260,0.712,-5.9,34.3,-120.8,125.71,ARM_SWING
1350,0.761,-0.381,-0.312,0.906,5.9,54.8,-169.8,178.52,ARM_SWING
1400,0.955,-0.609,-0.365,1.190,66.3,55.3,-188.3,207.15,ARM_SWING
1450,1.070,-0.834,-0.405,1.416,76.3,52.2,-174.6,197.56,ARM_SWING
1500,1.043,-0.921,-0.435,1.458,59.2,37.7,-119.1,138.24,ARM_SWING
1550,0.900,-0.843,-0.444,1.311,24.9,25.1,-67.2,75.93,ARM_SWING
1600,0.738,-0.784,-0.410,1.152,28.0,9.3,-32.2,43.67,ARM_SWING
1650,0.682,-0.763,-0.574,1.173,32.4,-7.1,-3.9,33.40,ARM_SWING
1700,0.661,-0.829,-0.362,1.120,-25.2,21.8,12.1,35.45,ARM_SWING
1750,0.811,-0.741,-0.366,1.158,-36.7,-18.1,53.4,67.28,ARM_SWING
1800,0.899,-0.712,-0.337,1.195,-69.4,-7.7,71.4,99.87,ARM_SWING
1850,0.958,-0.677,-0.309,1.213,2.8,-27.9,99.4,103.28,ARM_SWING
1900,1.004,-0.641,-0.272,1.222,-2.3,-28.3,119.7,123.02,ARM_SWING
1950,1.016,-0.587,-0.280,1.206,-18.4,-34.4,133.3,138.89,ARM_SWING
2000,0.930,-0.520,-0.259,1.097,-27.1,-37.9,132.3,140.26,ARM_SWING
2050,0.855,-0.427,-0.260,0.990,-39.0,-31.3,116.6,126.87,ARM_SWING
2100,0.808,-0.327,-0.241,0.904,-28.9,-31.7,86.1,96.19,ARM_SWING
2150,0.734,-0.253,-0.199,0.801,-24.9,-27.5,50.8,62.90,ARM_SWING
2200,0.650,-0.227,-0.183,0.712,-21.2,-6.5,-4.2,22.57,ARM_SWING
2250,0.630,-0.256,-0.183,0.704,-16.1,15.7,-54.5,58.96,ARM_SWING
2300,0.695,-0.324,-0.203,0.793,-8.1,37.8,-103.5,110.48,ARM_SWING
2350,0.827,-0.416,-0.265,0.963,17.9,56.1,-148.4,159.66,ARM_SWING
2400,1.000,-0.575,-0.423,1.229,64.9,54.6,-174.7,194.20,ARM_SWING
2450,1.039,-0.688,-0.450,1.325,118.7,17.5,-168.6,206.93,ARM_SWING
2500,0.947,-0.768,-0.395,1.282,154.9,-15.4,-144.1,212.12,ARM_SWING
2550,0.839,-0.904,-0.364,1.286,93.6,-5.8,-103.3,139.52,ARM_SWING
2600,0.745,-0.930,-0.395,1.255,-3.2,8.8,-55.6,56.38,ARM_SWING
2650,0.783,-0.872,-0.140,1.180,-46.9,18.5,-20.2,54.31,ARM_SWING
2700,0.716,-0.790,-0.483,1.170,-29.2,-0.7,34.8,45.43,ARM_SWING
2750,0.790,-0.721,-0.361,1.129,-34.7,-30.1,66.5,80.82,ARM_SWING
2800,0.921,-0.685,-0.326,1.193,-42.1,-18.2,89.7,100.75,ARM_SWING
2850,1.003,-0.648,-0.264,1.223,-5.9,-21.0,120.4,122.36,ARM_SWING
2900,1.060,-0.604,-0.257,1.247,-14.8,-18.2,139.0,140.97,ARM_SWING
2950,1.088,-0.548,-0.228,1.239,-30.8,-20.3,152.6,157.00,ARM_SWING
3000,1.007,-0.486,-0.231,1.142,-39.7,-14.6,149.4,155.27,ARM_SWING
3050,0.867,-0.413,-0.230,0.988,-41.9,-6.4,129.3,136.07,ARM_SWING
3100,0.749,-0.315,-0.268,0.856,-34.2,-0.7,92.2,98.34,ARM_SWING
3150,0.650,-0.252,-0.268,0.747,-27.0,-3.7,47.8,55.02,ARM_SWING
3200,0.612,-0.232,-0.294,0.717,-20.5,2.8,-6.8,21.78,ARM_SWING
3250,0.655,-0.259,-0.284,0.759,-12.1,10.3,-58.9,61.01,ARM_SWING
3300,0.729,-0.322,-0.282,0.845,2.1,19.2,-107.1,108.83,ARM_SWING
3350,0.843,-0.410,-0.288,0.981,26.4,33.0,-144.7,150.74,ARM_SWING
3400,0.953,-0.555,-0.310,1.146,79.1,30.2,-166.8,187.06,ARM_SWING
3450,1.014,-0.727,-0.333,1.291,109.6,1.6,-157.3,191.72,ARM_SWING
3500,1.005,-0.870,-0.321,1.367,109.4,1.4,-123.1,164.69,ARM_SWING
3550,0.888,-0.855,-0.315,1.272,62.2,0.9,-82.4,103.24,ARM_SWING
3600,0.730,-0.830,-0.320,1.151,24.5,-3.8,-49.3,55.18,ARM_SWING
3650,0.628,-0.796,-0.352,1.073,-16.2,-4.2,-23.6,28.93,ARM_SWING
3700,0.596,-0.839,-0.355,1.089,-44.0,21.2,-0.8,48.85,ARM_SWING
3750,0.733,-0.777,-0.363,1.128,-32.9,-18.9,38.2,53.84,ARM_SWING
3800,0.820,-0.725,-0.358,1.152,-81.2,-1.6,64.8,103.90,ARM_SWING
3850,0.877,-0.683,-0.334,1.161,9.1,-14.0,107.4,108.69,ARM_SWING
3900,0.953,-0.675,-0.300,1.206,-10.9,-8.4,113.0,113.83,ARM_SWING
3950,0.978,-0.659,-0.289,1.214,-6.2,-22.8,130.4,132.52,ARM_SWING
4000,0.957,-0.650,-0.293,1.193,-24.6,-26.6,143.1,147.62,ARM_SWING
4050,0.895,-0.611,-0.291,1.122,-37.2,-21.5,141.0,147.40,ARM_SWING
4100,0.833,-0.513,-0.302,1.024,-28.0,-16.9,124.1,128.34,ARM_SWING
4150,0.750,-0.409,-0.297,0.904,-14.0,-19.6,98.0,100.92,ARM_SWING
4200,0.664,-0.323,-0.273,0.787,-18.1,-8.0,56.2,59.58,ARM_SWING
4250,0.596,-0.255,-0.260,0.698,-23.1,-5.1,8.8,25.24,ARM_SWING
4300,0.601,-0.278,-0.226,0.700,-21.9,2.5,-48.7,53.46,ARM_SWING
4350,0.670,-0.495,-0.264,0.874,-9.1,18.1,-101.0,103.01,ARM_SWING
4400,0.781,-0.503,-0.284,0.971,4.3,31.2,-131.4,135.12,ARM_SWING
4450,0.867,-0.599,-0.308,1.098,51.8,31.3,-148.9,160.73,ARM_SWING
4500,0.926,-0.659,-0.325,1.182,85.7,19.6,-156.0,179.07,ARM_SWING
4550,0.964,-0.729,-0.367,1.263,102.8,-3.6,-147.3,179.66,ARM_SWING
4600,0.923,-0.806,-0.330,1.269,91.5,-15.3,-118.2,150.26,ARM_SWING
4650,0.830,-0.835,-0.302,1.215,41.0,-12.1,-84.7,94.88,ARM_SWING
4700,0.740,-0.826,-0.303,1.150,15.8,-4.8,-50.6,53.23,ARM_SWING
4750,0.733,-0.697,-0.406,1.090,-53.9,-3.6,-21.7,58.22,ARM_SWING
4800,0.650,-0.742,-0.314,1.035,-35.9,-18.6,19.7,44.98,ARM_SWING
4850,0.713,-0.743,-0.343,1.085,-49.0,-12.6,38.8,63.76,ARM_SWING
4900,0.762,-0.703,-0.339,1.091,1.2,-0.4,56.0,56.01,ARM_SWING
4950,0.844,-0.711,-0.316,1.148,-1.9,4.4,78.2,78.35,ARM_SWING
5000,0.922,-0.701,-0.293,1.195,2.0,-2.0,99.6,99.64,ARM_SWING
5050,0.957,-0.675,-0.287,1.206,-29.1,0.1,122.0,125.42,ARM_SWING
5100,0.959,-0.621,-0.332,1.190,-49.1,-11.8,127.8,137.42,ARM_SWING
5150,0.933,-0.524,-0.319,1.117,-51.4,-23.8,127.2,139.24,ARM_SWING
5200,0.873,-0.435,-0.290,1.018,-22.4,-26.3,108.8,114.15,ARM_SWING
5250,0.771,-0.380,-0.258,0.897,-10.0,-20.0,79.3,82.39,ARM_SWING
5300,0.703,-0.335,-0.247,0.817,-10.4,-3.8,41.4,42.86,ARM_SWING
5350,0.674,-0.300,-0.247,0.778,-19.8,2.1,-13.5,24.06,ARM_SWING
5400,0.691,-0.300,-0.243,0.792,-20.6,2.5,-42.0,46.85,ARM_SWING
5450,0.732,-0.337,-0.252,0.844,-13.6,17.5,-84.3,87.16,ARM_SWING
5500,0.785,-0.389,-0.261,0.914,4.9,16.6,-123.9,125.10,ARM_SWING
5550,0.855,-0.452,-0.282,1.007,45.1,20.0,-155.4,163.04,ARM_SWING
5600,0.938,-0.546,-0.312,1.129,86.7,12.3,-172.3,193.28,ARM_SWING
5650,1.034,-0.685,-0.336,1.285,111.8,-3.2,-173.3,206.26,ARM_SWING
5700,1.011,-0.834,-0.317,1.348,98.0,-9.4,-139.5,170.74,ARM_SWING
5750,0.904,-0.851,-0.301,1.278,28.6,-1.6,-77.8,82.91,ARM_SWING
5800,0.814,-0.810,-0.322,1.193,10.7,-0.3,-22.1,24.56,ARM_SWING
5850,0.692,-0.850,-0.257,1.126,-50.5,25.9,-0.1,56.75,ARM_SWING
5900,0.740,-0.677,-0.325,1.054,-57.6,-4.0,40.3,70.41,ARM_SWING
5950,0.782,-0.688,-0.338,1.095,-67.9,-4.8,60.6,91.14,ARM_SWING
6000,0.873,-0.712,-0.317,1.170,15.8,-13.1,83.8,86.28,ARM_SWING
6050,0.940,-0.706,-0.298,1.213,-10.8,-3.9,117.1,117.66,ARM_SWING
6100,0.992,-0.686,-0.285,1.239,-6.2,-5.4,138.5,138.74,ARM_SWING
6150,0.996,-0.621,-0.286,1.208,-26.6,-5.2,149.1,151.54,ARM_SWING
6200,0.941,-0.553,-0.288,1.129,-51.8,-10.2,149.0,158.08,ARM_SWING
6250,0.905,-0.450,-0.283,1.050,-49.2,-11.9,129.9,139.41,ARM_SWING
6300,0.774,-0.335,-0.253,0.881,-21.4,-11.6,103.0,105.84,ARM_SWING
6350,0.645,-0.277,-0.247,0.744,-12.1,-2.1,55.9,57.23,ARM_SWING
6400,0.580,-0.233,-0.249,0.673,-9.7,1.6,5.4,11.22,ARM_SWING
6450,0.596,-0.257,-0.255,0.697,-13.7,11.9,-53.9,56.87,ARM_SWING
6500,0.682,-0.361,-0.288,0.824,13.3,14.7,-106.8,108.62,ARM_SWING
6550,0.794,-0.496,-0.305,0.985,8.5,23.0,-140.6,142.72,ARM_SWING
6600,0.931,-0.609,-0.339,1.163,29.0,28.0,-154.0,159.19,ARM_SWING
6650,0.992,-0.745,-0.364,1.293,81.8,8.8,-139.5,161.95,ARM_SWING
6700,0.936,-0.773,-0.346,1.262,95.2,-1.7,-109.0,144.73,ARM_SWING
6750,0.843,-0.742,-0.297,1.162,68.3,-5.3,-83.0,107.62,ARM_SWING
6800,0.749,-0.726,-0.298,1.085,26.6,-0.4,-62.7,68.11,ARM_SWING
6850,0.716,-0.729,-0.310,1.068,-2.5,-7.4,-49.2,49.82,ARM_SWING
6900,0.798,-0.631,-0.067,1.020,-2.1,20.7,-38.3,43.59,ARM_SWING
6950,0.787,-0.736,-0.403,1.150,-16.5,-8.3,13.5,22.88,ARM_SWING
7000,0.816,-0.709,-0.300,1.122,-34.7,-14.9,48.5,61.47,ARM_SWING
7050,0.851,-0.695,-0.317,1.144,-10.7,-9.9,71.4,72.87,ARM_SWING
7100,0.898,-0.695,-0.320,1.180,17.1,-12.0,102.7,104.80,ARM_SWING
7150,0.929,-0.701,-0.312,1.205,10.4,-10.0,126.0,126.82,ARM_SWING
7200,0.942,-0.656,-0.326,1.193,-1.8,-18.0,129.2,130.46,ARM_SWING
7250,0.860,-0.598,-0.335,1.100,-18.6,-25.1,128.9,132.63,ARM_SWING
7300,0.792,-0.552,-0.314,1.015,-33.0,-22.5,125.6,131.80,ARM_SWING
7350,0.708,-0.408,-0.286,0.866,-31.7,-7.7,96.8,102.15,ARM_SWING
7400,0.648,-0.332,-0.251,0.770,-23.7,-5.3,53.2,58.48,ARM_SWING
7450,0.631,-0.310,-0.220,0.737,-16.5,-4.3,11.2,20.40,ARM_SWING
7500,0.659,-0.313,-0.202,0.757,-21.4,8.7,-41.6,47.58,ARM_SWING
7550,0.719,-0.345,-0.213,0.825,-17.7,21.5,-88.7,92.97,ARM_SWING
7600,0.814,-0.420,-0.237,0.946,-9.3,31.0,-120.2,124.48,ARM_SWING
7650,0.929,-0.552,-0.290,1.119,12.6,39.1,-139.0,144.94,ARM_SWING
7700,0.975,-0.600,-0.329,1.191,65.1,24.4,-137.2,153.81,ARM_SWING
7750,0.929,-0.703,-0.349,1.216,99.1,14.2,-134.3,167.51,ARM_SWING
7800,0.876,-0.789,-0.386,1.241,86.0,6.4,-115.6,144.22,ARM_SWING
7850,0.820,-0.799,-0.384,1.208,43.2,2.5,-84.0,94.49,ARM_SWING
7900,0.763,-0.794,-0.407,1.174,-18.4,-13.7,-45.8,51.22,ARM_SWING
7950,0.818,-0.728,-0.203,1.114,-8.7,3.2,-30.6,31.97,ARM_SWING
8000,0.753,-0.738,-0.288,1.093,-29.6,-7.1,19.4,36.10,ARM_SWING
8050,0.781,-0.706,-0.307,1.097,-57.3,-14.0,48.1,76.11,ARM_SWING
8100,0.836,-0.696,-0.306,1.130,-7.9,-14.2,71.9,73.71,ARM_SWING
8150,0.918,-0.709,-0.300,1.198,-9.3,-15.9,100.8,102.47,ARM_SWING
8200,0.982,-0.721,-0.309,1.257,-6.7,-19.5,127.9,129.55,ARM_SWING
8250,0.967,-0.666,-0.290,1.209,-18.6,-18.2,147.9,150.17,ARM_SWING
8300,0.906,-0.593,-0.293,1.122,-32.7,-19.0,139.7,144.73,ARM_SWING
8350,0.823,-0.503,-0.273,1.002,-40.3,-21.2,125.7,133.69,ARM_SWING
8400,0.758,-0.403,-0.244,0.892,-34.3,-10.1,98.0,104.32,ARM_SWING
8450,0.692,-0.335,-0.216,0.799,-28.2,-9.4,65.3,71.75,ARM_SWING
8500,0.657,-0.305,-0.214,0.755,-25.9,-16.6,20.7,37.08,ARM_SWING
8550,0.651,-0.299,-0.213,0.747,-20.7,5.6,-22.5,31.08,ARM_SWING
8600,0.696,-0.328,-0.242,0.807,-17.9,29.0,-73.9,81.38,ARM_SWING
8650,0.757,-0.367,-0.275,0.885,-7.4,35.9,-112.3,118.13,ARM_SWING
8700,0.854,-0.429,-0.303,1.003,10.7,38.6,-143.7,149.18,ARM_SWING
8750,1.009,-0.555,-0.373,1.210,49.2,35.4,-161.8,172.78,ARM_SWING
8800,1.041,-0.771,-0.333,1.338,119.9,11.4,-146.7,189.81,ARM_SWING
8850,0.937,-0.851,-0.362,1.317,124.5,-1.6,-106.9,164.10,ARM_SWING
8900,0.807,-0.819,-0.309,1.191,73.5,4.9,-83.0,110.97,ARM_SWING
8950,0.733,-0.796,-0.337,1.133,20.2,-1.8,-52.5,56.28,ARM_SWING
9000,0.685,-0.698,-0.099,0.983,10.9,-25.9,-13.0,30.96,ARM_SWING
9050,0.710,-0.820,-0.427,1.166,-20.7,6.6,21.2,30.36,ARM_SWING
9100,0.723,-0.735,-0.327,1.082,-13.8,-16.4,56.1,60.06,ARM_SWING
9150,0.766,-0.719,-0.333,1.102,-50.2,0.2,68.3,84.76,ARM_SWING
9200,0.852,-0.667,-0.306,1.124,1.2,-16.5,85.6,87.18,ARM_SWING
9250,0.933,-0.681,-0.302,1.194,-7.2,-18.9,102.2,104.18,ARM_SWING
9300,0.976,-0.633,-0.314,1.205,-13.9,-23.3,117.7,120.79,ARM_SWING
9350,0.964,-0.609,-0.295,1.178,-28.1,-21.1,118.2,123.31,ARM_SWING
9400,0.892,-0.541,-0.269,1.077,-33.1,-17.2,117.8,123.56,ARM_SWING
9450,0.810,-0.437,-0.270,0.959,-31.9,-10.8,100.6,106.09,ARM_SWING
9500,0.732,-0.338,-0.238,0.841,-32.9,-2.9,65.4,73.27,ARM_SWING
9550,0.647,-0.297,-0.230,0.748,-28.0,-2.3,27.5,39.31,ARM_SWING
9600,0.613,-0.309,-0.233,0.725,-25.2,8.1,-21.2,33.91,ARM_SWING
9650,0.644,-0.409,-0.284,0.814,-14.9,17.6,-56.0,60.56,ARM_SWING
9700,0.696,-0.512,-0.308,0.917,-3.8,19.6,-84.3,86.63,ARM_SWING
9750,0.752,-0.554,-0.339,0.994,10.1,33.4,-99.2,105.16,ARM_SWING
9800,0.812,-0.600,-0.378,1.078,51.8,24.7,-117.3,130.59,ARM_SWING
9850,0.836,-0.677,-0.375,1.139,81.4,2.1,-111.1,137.74,ARM_SWING
9900,0.826,-0.769,-0.367,1.187,91.9,-9.4,-95.3,132.73,ARM_SWING
9950,0.768,-0.848,-0.345,1.195,70.2,-7.5,-73.1,101.63,ARM_SWING
10000,0.687,-0.871,-0.359,1.166,23.5,-3.9,-42.7,48.90,ARM_SWING
10050,0.655,-0.804,-0.373,1.102,-4.9,-0.9,-19.5,20.13,ARM_SWING
10100,0.734,-0.711,-0.480,1.129,-57.4,0.3,-0.7,57.41,ARM_SWING
10150,0.725,-0.783,-0.349,1.123,-20.1,-23.8,36.7,48.14,ARM_SWING
10200,0.764,-0.763,-0.317,1.125,-56.7,-5.7,55.1,79.27,ARM_SWING
10250,0.793,-0.732,-0.300,1.120,-9.2,-5.3,72.7,73.47,ARM_SWING
10300,0.828,-0.710,-0.280,1.126,2.8,-9.3,88.9,89.43,ARM_SWING
10350,0.850,-0.696,-0.265,1.130,-12.0,-5.8,100.5,101.38,ARM_SWING
10400,0.853,-0.655,-0.271,1.109,-40.7,-0.8,103.4,111.12,ARM_SWING
10450,0.815,-0.582,-0.274,1.038,-53.6,-5.6,102.9,116.16,ARM_SWING
10500,0.752,-0.477,-0.277,0.933,-38.2,-5.1,83.5,91.96,ARM_SWING
10550,0.688,-0.411,-0.286,0.851,-23.8,-5.6,60.9,65.62,ARM_SWING
10600,0.668,-0.365,-0.293,0.816,-24.0,-0.9,25.6,35.10,ARM_SWING
10650,0.654,-0.313,-0.300,0.785,-22.6,10.6,-12.0,27.70,ARM_SWING
10700,0.694,-0.336,-0.308,0.830,-13.0,17.8,-50.0,54.64,ARM_SWING
10750,0.722,-0.422,-0.314,0.893,2.3,20.6,-83.9,86.42,ARM_SWING
10800,0.793,-0.521,-0.345,1.010,33.8,24.5,-109.8,117.47,ARM_SWING
10850,0.844,-0.668,-0.350,1.132,62.0,2.7,-112.0,128.04,ARM_SWING
10900,0.841,-0.724,-0.358,1.166,82.1,4.7,-106.6,134.63,ARM_SWING
10950,0.768,-0.729,-0.320,1.106,78.9,-2.3,-95.0,123.51,ARM_SWING
11000,0.710,-0.717,-0.299,1.052,50.2,-7.4,-85.6,99.51,ARM_SWING
11050,0.706,-0.780,-0.291,1.092,6.5,4.8,-73.5,73.94,ARM_SWING
11100,0.749,-0.834,-0.316,1.165,-14.9,5.8,-44.8,47.57,ARM_SWING
11150,0.901,-0.773,-0.264,1.216,-1.8,-6.8,-5.4,8.87,ARM_SWING
11200,0.787,-0.814,-0.288,1.168,-8.5,-19.3,47.1,51.61,ARM_SWING
11250,0.799,-0.736,-0.307,1.129,-46.3,-3.3,68.9,83.08,ARM_SWING
11300,0.843,-0.711,-0.325,1.150,2.3,-9.1,92.1,92.58,ARM_SWING
11350,0.870,-0.701,-0.306,1.158,0.8,-4.2,108.2,108.28,ARM_SWING
11400,0.879,-0.688,-0.299,1.156,-15.0,-8.2,121.5,122.70,ARM_SWING
11450,0.854,-0.643,-0.307,1.112,-40.4,-6.9,124.7,131.26,ARM_SWING
11500,0.808,-0.572,-0.320,1.040,-47.1,-12.9,118.7,128.35,ARM_SWING
11550,0.742,-0.481,-0.312,0.938,-35.6,-6.7,97.4,103.92,ARM_SWING
11600,0.664,-0.387,-0.277,0.817,-23.2,-9.7,63.0,67.83,ARM_SWING
11650,0.608,-0.345,-0.249,0.742,-18.2,-6.1,17.2,25.77,ARM_SWING
11700,0.605,-0.358,-0.253,0.747,-18.6,5.3,-23.2,30.20,ARM_SWING
11750,0.632,-0.437,-0.277,0.817,-10.6,10.6,-61.5,63.30,ARM_SWING
11800,0.694,-0.502,-0.308,0.910,-2.2,19.4,-90.5,92.58,ARM_SWING
11850,0.746,-0.551,-0.325,0.983,20.2,23.2,-108.9,113.16,ARM_SWING
11900,0.791,-0.561,-0.322,1.022,62.8,17.9,-131.8,147.09,ARM_SWING
11950,0.910,-0.650,-0.290,1.155,70.4,14.2,-137.9,155.48,ARM_SWING
12000,0.902,-0.718,-0.299,1.191,79.3,7.3,-119.9,143.94,ARM_SWING
12050,0.825,-0.746,-0.317,1.157,44.8,8.4,-94.0,104.47,ARM_SWING
12100,0.758,-0.766,-0.353,1.134,18.9,1.0,-70.3,72.80,ARM_SWING
12150,0.699,-0.844,-0.367,1.156,-3.9,1.6,-42.6,42.81,ARM_SWING
12200,0.810,-0.786,-0.404,1.199,4.0,-2.1,-13.3,14.05,ARM_SWING
12250,0.738,-0.747,-0.350,1.107,-20.1,-16.0,33.7,42.38,ARM_SWING
12300,0.784,-0.726,-0.325,1.117,-68.0,1.5,55.1,87.53,ARM_SWING
12350,0.842,-0.695,-0.319,1.137,-3.7,-7.2,74.9,75.34,ARM_SWING
12400,0.915,-0.693,-0.302,1.187,10.0,-16.5,93.5,95.47,ARM_SWING
12450,0.961,-0.666,-0.280,1.202,-8.3,-19.1,112.0,113.92,ARM_SWING
12500,0.972,-0.597,-0.275,1.173,-26.1,-23.3,119.7,124.71,ARM_SWING
12550,0.916,-0.519,-0.253,1.083,-41.6,-20.2,113.8,122.84,ARM_SWING
12600,0.834,-0.447,-0.241,0.976,-31.9,-16.3,105.2,111.13,ARM_SWING
12650,0.764,-0.367,-0.231,0.878,-23.1,-11.2,74.6,78.89,ARM_SWING
12700,0.696,-0.304,-0.234,0.795,-21.6,-0.4,34.7,40.88,ARM_SWING
12750,0.654,-0.278,-0.244,0.751,-18.6,2.5,-8.4,20.56,ARM_SWING
12800,0.655,-0.303,-0.257,0.766,-5.8,10.9,-57.2,58.52,ARM_SWING
12850,0.714,-0.391,-0.288,0.863,3.4,17.2,-99.0,100.54,ARM_SWING
12900,0.817,-0.538,-0.324,1.030,19.8,23.5,-126.5,130.18,ARM_SWING
12950,0.862,-0.652,-0.358,1.139,57.1,16.6,-135.2,147.70,ARM_SWING
13000,0.878,-0.678,-0.361,1.167,78.6,8.4,-131.3,153.26,ARM_SWING
13050,0.846,-0.757,-0.382,1.198,89.8,-9.3,-114.3,145.65,ARM_SWING
13100,0.805,-0.833,-0.355,1.212,58.7,-11.0,-85.8,104.54,ARM_SWING
13150,0.773,-0.860,-0.349,1.208,5.2,-16.1,-45.9,48.92,ARM_SWING
13200,0.742,-0.821,-0.327,1.154,-11.7,-11.4,-6.0,17.40,ARM_SWING
13250,0.688,-0.805,-0.261,1.091,-28.1,13.3,14.7,34.39,ARM_SWING
13300,0.753,-0.712,-0.313,1.083,-26.1,-10.2,51.3,58.45,ARM_SWING
13350,0.806,-0.690,-0.317,1.107,-54.8,2.5,64.3,84.52,ARM_SWING
13400,0.878,-0.662,-0.323,1.146,-7.1,-2.8,84.8,85.14,ARM_SWING
13450,0.915,-0.653,-0.300,1.163,1.9,-6.1,90.3,90.53,ARM_SWING
13500,0.909,-0.597,-0.282,1.123,-11.1,-6.3,116.6,117.30,ARM_SWING
13550,0.867,-0.524,-0.283,1.052,-40.0,-3.8,112.0,118.99,ARM_SWING
13600,0.807,-0.450,-0.271,0.963,-61.1,-2.3,99.3,116.61,ARM_SWING
13650,0.750,-0.363,-0.276,0.878,-48.2,-2.1,70.5,85.43,ARM_SWING
13700,0.740,-0.324,-0.285,0.857,-29.8,0.0,38.5,48.69,ARM_SWING
13750,0.706,-0.302,-0.290,0.821,-14.7,1.5,4.8,15.54,ARM_SWING
13800,0.694,-0.301,-0.292,0.811,-3.3,8.7,-35.8,36.99,ARM_SWING
13850,0.724,-0.332,-0.300,0.851,6.3,19.3,-79.8,82.34,ARM_SWING
13900,0.767,-0.400,-0.307,0.918,24.5,26.6,-109.2,115.03,ARM_SWING
13950,0.842,-0.523,-0.326,1.043,65.3,23.6,-132.5,149.59,ARM_SWING
14000,0.891,-0.631,-0.316,1.137,72.3,7.9,-138.5,156.44,ARM_SWING
14050,0.928,-0.688,-0.299,1.193,79.9,-0.4,-124.7,148.10,ARM_SWING
14100,0.903,-0.762,-0.310,1.222,48.0,5.3,-97.3,108.62,ARM_SWING
14150,0.836,-0.787,-0.316,1.191,19.3,1.1,-54.1,57.45,ARM_SWING
14200,0.781,-0.744,-0.320,1.125,-5.8,4.6,-14.2,16.01,ARM_SWING
14250,0.636,-0.869,-0.309,1.120,-75.6,14.9,18.7,79.29,ARM_SWING
14300,0.801,-0.615,-0.328,1.062,-42.3,-12.0,39.0,58.77,ARM_SWING
14350,0.852,-0.658,-0.328,1.125,-64.4,-4.2,57.8,86.64,ARM_SWING
14400,0.909,-0.653,-0.332,1.167,-3.0,-12.4,87.4,88.33,ARM_SWING
14450,0.950,-0.648,-0.323,1.194,9.5,-18.5,112.4,114.31,ARM_SWING
14500,0.958,-0.631,-0.298,1.185,-3.9,-23.5,131.3,133.44,ARM_SWING
14550,0.957,-0.589,-0.316,1.167,-25.4,-15.1,139.3,142.40,ARM_SWING
14600,0.855,-0.503,-0.275,1.029,-42.5,-21.7,129.9,138.39,ARM_SWING
14650,0.733,-0.420,-0.248,0.880,-40.1,-15.2,93.3,102.68,ARM_SWING
14700,0.670,-0.347,-0.227,0.788,-25.7,-19.3,60.2,68.24,ARM_SWING
14750,0.606,-0.329,-0.203,0.719,-24.2,-14.6,15.5,32.23,ARM_SWING
14800,0.596,-0.354,-0.210,0.724,-14.8,0.4,-31.4,34.72,ARM_SWING
14850,0.642,-0.409,-0.238,0.798,-4.9,12.4,-67.7,69.00,ARM_SWING
14900,0.708,-0.468,-0.277,0.893,4.4,28.2,-101.5,105.44,ARM_SWING
14950,0.790,-0.517,-0.312,0.994,21.6,35.7,-123.8,130.64,ARM_SWING
15000,0.911,-0.609,-0.367,1.156,75.1,21.0,-139.3,159.64,ARM_SWING
15050,0.930,-0.686,-0.345,1.206,98.9,1.6,-125.8,160.03,ARM_SWING
15100,0.890,-0.753,-0.315,1.208,94.5,-2.4,-106.3,142.25,ARM_SWING
15150,0.830,-0.813,-0.340,1.211,40.1,6.3,-79.6,89.35,ARM_SWING
15200,0.760,-0.847,-0.383,1.201,7.1,2.5,-39.8,40.51,ARM_SWING
15250,0.705,-0.793,-0.364,1.122,-27.4,-3.7,-4.4,28.00,ARM_SWING
15300,0.656,-0.793,-0.277,1.066,15.8,6.7,12.6,21.29,ARM_SWING
15350,0.747,-0.701,-0.319,1.073,-34.3,-21.7,46.3,61.57,ARM_SWING
15400,0.795,-0.678,-0.304,1.088,-57.3,2.1,55.0,79.45,ARM_SWING
15450,0.856,-0.643,-0.288,1.109,-11.4,-2.1,73.3,74.21,ARM_SWING
15500,0.927,-0.622,-0.283,1.152,-13.1,-7.8,89.1,90.40,ARM_SWING
15550,0.943,-0.583,-0.271,1.141,-26.8,-8.2,102.6,106.36,ARM_SWING
15600,0.954,-0.507,-0.271,1.114,-44.3,-11.4,104.0,113.62,ARM_SWING
15650,0.915,-0.424,-0.254,1.040,-40.3,-21.4,92.4,103.05,ARM_SWING
15700,0.843,-0.376,-0.237,0.953,-21.0,-27.1,73.0,80.65,ARM_SWING
15750,0.747,-0.332,-0.211,0.844,-20.5,-24.7,45.5,55.68,ARM_SWING
15800,0.666,-0.303,-0.193,0.757,-19.3,-5.0,9.0,21.87,ARM_SWING
15850,0.639,-0.319,-0.212,0.745,-13.7,10.2,-42.9,46.18,ARM_SWING
15900,0.693,-0.395,-0.256,0.838,1.2,20.7,-73.0,75.89,ARM_SWING
15950,0.771,-0.472,-0.292,0.950,23.4,27.6,-103.6,109.74,ARM_SWING
16000,0.883,-0.545,-0.329,1.089,63.0,19.3,-120.9,137.69,ARM_SWING
16050,0.910,-0.610,-0.308,1.138,89.5,5.9,-124.6,153.53,ARM_SWING
16100,0.872,-0.705,-0.315,1.165,93.1,1.1,-112.2,145.80,ARM_SWING
16150,0.849,-0.812,-0.337,1.222,36.3,12.1,-85.5,93.67,ARM_SWING
16200,0.802,-0.796,-0.371,1.189,0.3,7.1,-48.7,49.22,ARM_SWING
16250,0.743,-0.780,-0.358,1.135,-14.8,-7.5,-11.4,20.13,ARM_SWING
16300,0.790,-0.643,-0.441,1.110,-24.0,-8.3,15.1,29.54,ARM_SWING
16350,0.765,-0.682,-0.266,1.059,-36.8,-26.1,43.3,62.53,ARM_SWING
16400,0.820,-0.704,-0.272,1.114,-58.8,-10.9,57.1,82.68,ARM_SWING
16450,0.874,-0.683,-0.262,1.140,-0.1,-8.1,77.1,77.52,ARM_SWING
16500,0.917,-0.674,-0.263,1.168,2.9,-6.3,102.4,102.63,ARM_SWING
16550,0.915,-0.654,-0.258,1.154,-6.0,-10.1,117.0,117.59,ARM_SWING
16600,0.913,-0.606,-0.282,1.132,-39.3,-1.4,122.8,128.94,ARM_SWING
16650,0.883,-0.525,-0.287,1.067,-65.2,-0.7,117.6,134.47,ARM_SWING
16700,0.803,-0.427,-0.290,0.955,-48.5,-2.9,98.9,110.19,ARM_SWING
16750,0.705,-0.348,-0.278,0.834,-25.7,-12.1,65.1,71.03,ARM_SWING
16800,0.635,-0.298,-0.268,0.751,-24.0,-3.9,25.2,35.02,ARM_SWING
16850,0.630,-0.267,-0.259,0.732,-19.5,3.6,-26.2,32.86,ARM_SWING
16900,0.673,-0.325,-0.275,0.796,-4.0,11.8,-73.7,74.75,ARM_SWING
16950,0.771,-0.440,-0.305,0.939,12.1,17.5,-110.8,112.82,ARM_SWING
17000,0.867,-0.581,-0.338,1.097,42.2,23.2,-130.2,138.82,ARM_SWING
17050,0.901,-0.679,-0.329,1.175,82.1,10.0,-124.3,149.30,ARM_SWING
17100,0.877,-0.736,-0.307,1.185,97.9,-7.2,-108.7,146.46,ARM_SWING
17150,0.814,-0.787,-0.253,1.160,80.7,-9.8,-91.4,122.32,ARM_SWING
17200,0.758,-0.822,-0.305,1.159,47.2,-13.1,-62.4,79.33,ARM_SWING
17250,0.689,-0.800,-0.303,1.098,17.1,-10.3,-35.7,40.90,ARM_SWING
17300,0.663,-0.796,-0.315,1.083,2.2,-14.0,-15.8,21.22,ARM_SWING
17350,0.606,-0.863,-0.227,1.079,-25.3,17.5,9.5,32.20,ARM_SWING
17400,0.726,-0.770,-0.325,1.107,-33.2,-4.4,39.5,51.79,ARM_SWING
17450,0.782,-0.723,-0.354,1.122,-43.3,-1.1,60.6,74.49,ARM_SWING
17500,0.839,-0.694,-0.337,1.140,0.2,-4.1,77.4,77.51,ARM_SWING
17550,0.882,-0.665,-0.323,1.151,-0.3,-6.2,92.7,92.91,ARM_SWING
17600,0.898,-0.629,-0.291,1.134,-15.7,-8.6,99.1,100.70,ARM_SWING
17650,0.881,-0.597,-0.284,1.101,-34.8,-13.3,102.8,109.34,ARM_SWING
17700,0.844,-0.549,-0.281,1.045,-45.8,-9.9,94.8,105.75,ARM_SWING
17750,0.786,-0.488,-0.285,0.968,-26.6,-13.1,81.1,86.35,ARM_SWING
17800,0.712,-0.402,-0.263,0.859,-18.2,-15.6,60.5,65.08,ARM_SWING
17850,0.644,-0.332,-0.244,0.765,-15.1,-10.1,23.1,29.39,ARM_SWING
17900,0.608,-0.312,-0.242,0.725,-11.0,-1.4,-22.8,25.35,ARM_SWING
17950,0.656,-0.351,-0.260,0.788,-8.9,10.5,-71.5,72.81,ARM_SWING
18000,0.748,-0.443,-0.279,0.913,-0.4,22.3,-109.1,111.36,ARM_SWING
18050,0.843,-0.543,-0.315,1.051,27.5,24.7,-125.7,131.02,ARM_SWING
18100,0.895,-0.653,-0.334,1.157,77.7,10.0,-128.1,150.16,ARM_SWING
18150,0.891,-0.737,-0.342,1.206,91.6,-2.8,-115.7,147.60,ARM_SWING
18200,0.843,-0.779,-0.336,1.196,85.1,-10.7,-93.5,126.88,ARM_SWING
18250,0.763,-0.785,-0.324,1.142,54.3,-17.2,-72.7,92.36,ARM_SWING
18300,0.689,-0.841,-0.323,1.134,27.0,-17.4,-47.6,57.42,ARM_SWING
18350,0.647,-0.749,-0.663,1.191,-46.7,-33.5,-11.1,58.54,ARM_SWING
18400,0.683,-0.819,-0.405,1.141,-6.1,23.8,9.8,26.45,ARM_SWING
18450,0.723,-0.726,-0.317,1.073,-31.2,-13.0,41.1,53.21,ARM_SWING
18500,0.764,-0.704,-0.342,1.094,-29.6,-2.5,51.6,59.54,ARM_SWING
18550,0.825,-0.701,-0.315,1.127,3.1,-4.9,73.4,73.63,ARM_SWING
18600,0.869,-0.699,-0.300,1.155,6.2,-6.2,90.8,91.22,ARM_SWING
18650,0.891,-0.691,-0.282,1.162,-17.8,-4.0,101.2,102.83,ARM_SWING
18700,0.902,-0.638,-0.277,1.139,-49.8,-5.7,108.4,119.43,ARM_SWING
18750,0.880,-0.552,-0.267,1.073,-58.1,-1.4,104.5,119.57,ARM_SWING
18800,0.807,-0.458,-0.262,0.964,-38.5,-5.8,97.7,105.17,ARM_SWING
18850,0.724,-0.394,-0.267,0.866,-27.9,-3.5,65.8,71.56,ARM_SWING
18900,0.654,-0.336,-0.267,0.782,-20.5,-2.3,38.9,44.03,ARM_SWING
18950,0.619,-0.322,-0.278,0.751,-19.8,10.3,-8.7,23.95,ARM_SWING
19000,0.647,-0.378,-0.303,0.808,-10.2,13.7,-48.5,51.42,ARM_SWING
19050,0.693,-0.485,-0.330,0.908,-0.7,18.1,-73.9,76.09,ARM_SWING
19100,0.759,-0.569,-0.355,1.013,19.1,23.0,-91.0,95.79,ARM_SWING
19150,0.810,-0.637,-0.386,1.100,61.1,9.6,-96.3,114.45,ARM_SWING
19200,0.783,-0.663,-0.360,1.087,76.4,1.1,-98.8,124.90,ARM_SWING
19250,0.751,-0.676,-0.342,1.067,72.0,5.5,-105.9,128.18,ARM_SWING
19300,0.727,-0.695,-0.338,1.061,33.1,18.6,-107.1,113.63,ARM_SWING
19350,0.746,-0.725,-0.361,1.101,0.0,17.9,-97.0,98.64,ARM_SWING
19400,0.785,-0.798,-0.380,1.182,-16.3,7.8,-71.5,73.75,ARM_SWING
19450,0.888,-0.764,-0.435,1.250,-2.8,-2.3,-26.3,26.55,ARM_SWING
19500,0.814,-0.761,-0.311,1.157,-12.3,-29.4,35.2,47.48,ARM_SWING
19550,0.808,-0.720,-0.311,1.126,-34.9,-14.0,54.2,65.97,ARM_SWING
19600,0.854,-0.675,-0.286,1.125,19.6,-24.7,82.6,88.41,ARM_SWING
19650,0.911,-0.661,-0.260,1.155,17.2,-18.7,102.6,105.70,ARM_SWING
19700,0.930,-0.652,-0.257,1.164,-6.5,-9.1,116.4,116.94,ARM_SWING
19750,0.910,-0.620,-0.250,1.129,-43.7,0.1,140.9,147.52,ARM_SWING
19800,0.858,-0.569,-0.257,1.061,-62.0,0.5,123.2,137.92,ARM_SWING
19850,0.792,-0.499,-0.294,0.981,-48.2,-0.2,102.2,113.00,ARM_SWING
19900,0.712,-0.420,-0.295,0.878,-34.2,2.6,76.5,83.84,ARM_SWING
19950,0.658,-0.343,-0.301,0.801,-22.1,1.4,38.9,44.76,ARM_SWING
20000,0.617,-0.303,-0.292,0.747,-16.0,4.9,-0.1,16.73,ARM_SWING
20050,0.614,-0.327,-0.288,0.753,-7.1,14.7,-46.6,49.38,ARM_SWING
20100,0.676,-0.404,-0.320,0.850,2.6,24.2,-85.6,88.99,ARM_SWING
20150,0.780,-0.496,-0.350,0.988,30.1,24.7,-113.0,119.52,ARM_SWING
20200,0.818,-0.564,-0.341,1.050,66.5,15.1,-128.1,145.12,ARM_SWING
20250,0.869,-0.576,-0.312,1.088,82.3,1.9,-138.8,161.38,ARM_SWING
20300,0.915,-0.640,-0.278,1.151,90.6,-7.5,-140.2,167.09,ARM_SWING
20350,0.935,-0.732,-0.271,1.218,58.1,-2.2,-125.6,138.40,ARM_SWING
20400,0.916,-0.762,-0.280,1.224,5.3,6.6,-87.7,88.11,ARM_SWING
20450,0.867,-0.731,-0.305,1.174,-8.8,1.7,-39.8,40.80,ARM_SWING
20500,0.799,-0.759,-0.256,1.131,-60.1,13.8,-3.8,61.78,ARM_SWING
20550,0.773,-0.620,-0.313,1.039,-40.2,-17.3,36.8,57.18,ARM_SWING
20600,0.774,-0.611,-0.288,1.027,-54.8,-13.2,49.2,74.82,ARM_SWING
20650,0.839,-0.637,-0.320,1.101,-3.9,-14.6,65.1,66.83,ARM_SWING
20700,0.930,-0.676,-0.312,1.191,24.0,-20.5,93.0,98.21,ARM_SWING
20750,0.970,-0.674,-0.306,1.220,19.6,-20.0,125.8,128.88,ARM_SWING
20800,0.926,-0.599,-0.303,1.144,-4.7,-21.0,133.1,134.83,ARM_SWING
20850,0.855,-0.509,-0.303,1.040,-27.7,-18.1,122.0,126.41,ARM_SWING
20900,0.815,-0.444,-0.298,0.975,-27.4,-14.6,100.1,104.80,ARM_SWING
20950,0.785,-0.383,-0.291,0.921,-20.4,-10.5,72.8,76.33,ARM_SWING
21000,0.753,-0.337,-0.273,0.869,-19.5,-5.1,41.3,45.96,ARM_SWING
21050,0.688,-0.296,-0.243,0.787,-23.1,2.8,1.8,23.34,ARM_SWING
21100,0.667,-0.311,-0.236,0.773,-15.4,9.3,-42.0,45.69,ARM_SWING
21150,0.710,-0.372,-0.251,0.840,-8.0,18.0,-83.4,85.69,ARM_SWING
21200,0.798,-0.483,-0.282,0.974,12.2,20.5,-112.5,115.00,ARM_SWING
21250,0.909,-0.642,-0.329,1.160,56.7,9.3,-115.9,129.36,ARM_SWING
21300,0.905,-0.732,-0.317,1.206,84.4,-9.5,-96.8,128.78,ARM_SWING
21350,0.820,-0.721,-0.282,1.128,97.6,-21.2,-81.2,128.72,ARM_SWING
21400,0.726,-0.722,-0.242,1.052,69.9,-18.4,-70.4,100.90,ARM_SWING
21450,0.690,-0.703,-0.252,1.017,22.8,-7.3,-66.3,70.49,ARM_SWING
21500,0.698,-0.707,-0.300,1.038,-12.1,3.0,-57.8,59.13,ARM_SWING
21550,0.756,-0.722,-0.327,1.095,-24.2,1.7,-38.4,45.42,ARM_SWING
21600,0.741,-0.857,-0.198,1.150,-33.1,12.3,-10.3,36.78,ARM_SWING
21650,0.815,-0.752,-0.307,1.151,-19.1,-10.0,38.0,43.69,ARM_SWING
21700,0.817,-0.707,-0.309,1.124,-22.1,-4.7,61.4,65.43,ARM_SWING
21750,0.854,-0.699,-0.306,1.145,20.4,-4.2,88.6,91.02,ARM_SWING
21800,0.888,-0.699,-0.296,1.168,12.4,-3.5,110.8,111.55,ARM_SWING
21850,0.886,-0.664,-0.287,1.144,-10.0,-1.6,119.9,120.33,ARM_SWING
21900,0.863,-0.630,-0.288,1.107,-42.8,-3.2,119.0,126.50,ARM_SWING
21950,0.808,-0.576,-0.281,1.031,-54.4,-3.1,111.2,123.83,ARM_SWING
22000,0.785,-0.489,-0.283,0.967,-44.2,0.6,94.1,103.97,ARM_SWING
22050,0.737,-0.380,-0.270,0.872,-36.4,3.3,65.6,75.09,ARM_SWING
22100,0.668,-0.308,-0.251,0.777,-29.8,3.0,26.3,39.86,ARM_SWING
22150,0.637,-0.299,-0.238,0.743,-23.5,5.9,-22.1,32.79,ARM_SWING
22200,0.648,-0.355,-0.244,0.778,-12.9,10.5,-64.6,66.71,ARM_SWING
22250,0.718,-0.457,-0.264,0.891,0.1,16.1,-99.6,100.89,ARM_SWING
22300,0.794,-0.547,-0.289,1.007,32.2,17.4,-120.4,125.84,ARM_SWING
22350,0.833,-0.580,-0.285,1.054,69.6,17.5,-134.4,152.36,ARM_SWING
22400,0.892,-0.646,-0.302,1.142,73.5,15.8,-139.7,158.64,ARM_SWING
22450,0.912,-0.747,-0.320,1.222,59.3,15.1,-128.3,142.15,ARM_SWING
22500,0.896,-0.793,-0.356,1.248,13.2,18.0,-96.4,98.95,ARM_SWING
22550,0.852,-0.767,-0.384,1.209,-5.1,10.2,-52.1,53.33,ARM_SWING
22600,0.796,-0.725,-0.307,1.120,-21.7,1.8,-13.3,25.52,ARM_SWING
22650,0.842,-0.667,-0.355,1.131,16.3,-8.8,13.2,22.75,ARM_SWING
22700,0.785,-0.641,-0.292,1.055,-18.4,-24.9,44.8,54.46,ARM_SWING
22750,0.826,-0.626,-0.308,1.081,-46.0,-12.3,54.3,72.22,ARM_SWING
22800,0.877,-0.648,-0.279,1.126,20.0,-17.0,77.9,82.20,ARM_SWING
22850,0.925,-0.658,-0.261,1.165,16.0,-11.2,101.5,103.36,ARM_SWING
22900,0.920,-0.627,-0.247,1.140,-4.4,-3.7,115.0,115.14,ARM_SWING
22950,0.915,-0.584,-0.265,1.117,-38.1,-5.2,118.5,124.58,ARM_SWING
23000,0.880,-0.528,-0.270,1.061,-54.6,-7.4,113.2,125.90,ARM_SWING
23050,0.825,-0.432,-0.277,0.972,-39.5,-8.4,93.9,102.22,ARM_SWING
23100,0.756,-0.359,-0.259,0.876,-25.6,-12.2,66.5,72.29,ARM_SWING
23150,0.682,-0.308,-0.236,0.785,-21.2,-8.4,27.5,35.72,ARM_SWING
23200,0.658,-0.293,-0.238,0.759,-16.1,-0.4,-16.8,23.27,ARM_SWING
23250,0.687,-0.327,-0.250,0.801,-8.0,7.8,-62.5,63.49,ARM_SWING
23300,0.751,-0.421,-0.277,0.904,3.5,11.8,-97.0,97.78,ARM_SWING
23350,0.821,-0.525,-0.301,1.020,43.0,11.5,-117.8,125.93,ARM_SWING
23400,0.868,-0.605,-0.292,1.098,76.4,4.7,-126.0,147.43,ARM_SWING
23450,0.881,-0.643,-0.284,1.127,85.3,-1.9,-126.0,152.17,ARM_SWING
23500,0.870,-0.674,-0.280,1.136,71.6,-4.4,-117.1,137.33,ARM_SWING
23550,0.834,-0.711,-0.276,1.130,34.0,1.3,-98.7,104.40,ARM_SWING
23600,0.824,-0.730,-0.294,1.139,1.4,5.3,-70.5,70.71,ARM_SWING
23650,0.816,-0.730,-0.324,1.142,-13.1,2.8,-36.3,38.69,ARM_SWING
23700,0.875,-0.605,-0.422,1.144,-22.2,-1.8,2.7,22.44,ARM_SWING
23750,0.834,-0.635,-0.287,1.087,-22.0,-17.9,39.9,48.95,ARM_SWING
23800,0.843,-0.629,-0.323,1.100,-39.1,-5.8,56.9,69.28,ARM_SWING
23850,0.868,-0.619,-0.294,1.106,25.6,-12.4,76.7,81.80,ARM_SWING
23900,0.914,-0.662,-0.269,1.160,18.4,-7.9,100.1,102.08,ARM_SWING
23950,0.936,-0.633,-0.252,1.158,-3.9,1.1,115.6,115.67,ARM_SWING
24000,0.934,-0.591,-0.256,1.135,-52.2,2.1,120.4,131.25,ARM_SWING
24050,0.899,-0.543,-0.263,1.083,-64.4,2.1,122.1,138.06,ARM_SWING
24100,0.827,-0.455,-0.266,0.981,-55.2,2.9,109.5,122.66,ARM_SWING
24150,0.755,-0.363,-0.257,0.876,-35.9,-3.8,79.0,86.86,ARM_SWING
24200,0.704,-0.307,-0.240,0.805,-16.5,-10.0,40.0,44.41,ARM_SWING
24250,0.683,-0.294,-0.224,0.777,-15.3,-7.3,-6.1,18.02,ARM_SWING
24300,0.686,-0.303,-0.217,0.781,-7.7,0.4,-51.6,52.17,ARM_SWING
24350,0.744,-0.353,-0.248,0.860,-0.7,12.1,-94.0,94.78,ARM_SWING
24400,0.818,-0.397,-0.266,0.947,16.7,22.6,-129.7,132.71,ARM_SWING
24450,0.926,-0.508,-0.292,1.096,64.6,18.4,-152.0,166.18,ARM_SWING
24500,1.024,-0.685,-0.326,1.274,81.5,9.1,-149.8,170.78,ARM_SWING
24550,0.999,-0.753,-0.275,1.281,80.1,1.8,-121.9,145.87,ARM_SWING
24600,0.903,-0.804,-0.298,1.245,40.7,7.4,-80.2,90.24,ARM_SWING
24650,0.790,-0.738,-0.282,1.117,-5.4,3.6,-40.1,40.62,ARM_SWING
24700,0.744,-0.680,-0.303,1.052,-3.8,-7.6,-13.5,15.95,ARM_SWING
24750,0.809,-0.525,0.022,0.965,31.1,5.8,-7.5,32.51,ARM_SWING
24800,0.814,-0.637,-0.486,1.142,-12.3,-7.7,26.9,30.56,ARM_SWING
24850,0.810,-0.660,-0.271,1.079,-49.5,-8.1,49.0,70.12,ARM_SWING
24900,0.886,-0.680,-0.305,1.158,6.2,-10.7,70.2,71.28,ARM_SWING
24950,0.957,-0.683,-0.305,1.215,28.0,-9.5,98.2,102.55,ARM_SWING
25000,0.979,-0.653,-0.291,1.212,22.6,-12.5,122.2,124.90,ARM_SWING
25050,0.946,-0.650,-0.288,1.183,-2.7,-13.0,134.5,135.15,ARM_SWING
25100,0.894,-0.573,-0.289,1.100,-47.1,-8.6,136.0,144.18,ARM_SWING
25150,0.812,-0.462,-0.280,0.975,-53.5,-5.6,116.6,128.41,ARM_SWING
25200,0.731,-0.385,-0.264,0.867,-36.6,-3.1,83.0,90.76,ARM_SWING
25250,0.708,-0.326,-0.230,0.813,-27.0,-5.2,41.1,49.45,ARM_SWING
25300,0.670,-0.299,-0.217,0.765,-21.4,-1.3,-2.8,21.62,ARM_SWING
25350,0.675,-0.309,-0.216,0.773,-13.3,8.0,-50.3,52.64,ARM_SWING
25400,0.713,-0.351,-0.234,0.828,-4.3,15.4,-91.9,93.28,ARM_SWING
25450,0.797,-0.417,-0.264,0.937,5.0,33.0,-130.2,134.41,ARM_SWING
25500,0.903,-0.579,-0.311,1.117,49.8,28.8,-150.7,161.31,ARM_SWING
25550,0.979,-0.682,-0.337,1.240,80.9,14.1,-148.0,169.26,ARM_SWING
25600,0.989,-0.732,-0.319,1.271,94.0,-5.6,-131.0,161.33,ARM_SWING
25650,0.892,-0.754,-0.296,1.205,63.9,-7.9,-98.7,117.84,ARM_SWING
25700,0.800,-0.762,-0.295,1.144,14.3,-4.8,-65.6,67.31,ARM_SWING
25750,0.750,-0.752,-0.288,1.100,-12.6,-3.2,-35.5,37.81,ARM_SWING
25800,0.875,-0.572,-0.049,1.047,-29.1,20.5,-23.3,42.54,ARM_SWING
25850,0.816,-0.723,-0.464,1.185,-40.9,-7.2,34.8,54.18,ARM_SWING
25900,0.850,-0.649,-0.308,1.113,-51.8,-14.7,64.8,84.25,ARM_SWING
25950,0.932,-0.651,-0.337,1.186,11.4,-18.6,86.1,88.82,ARM_SWING
26000,0.974,-0.643,-0.303,1.206,29.0,-17.0,117.3,122.02,ARM_SWING
26050,0.982,-0.589,-0.277,1.178,18.1,-13.0,131.8,133.67,ARM_SWING
26100,0.959,-0.563,-0.274,1.145,-10.7,-10.0,131.6,132.41,ARM_SWING
26150,0.902,-0.519,-0.273,1.076,-47.9,-14.9,120.1,130.16,ARM_SWING
26200,0.838,-0.450,-0.280,0.992,-49.4,-17.6,102.4,115.05,ARM_SWING
26250,0.752,-0.344,-0.264,0.868,-25.6,-19.9,75.9,82.54,ARM_SWING
26300,0.639,-0.267,-0.223,0.728,-16.8,-13.0,31.6,38.08,ARM_SWING
26350,0.588,-0.267,-0.248,0.692,-6.0,4.0,-22.4,23.53,ARM_SWING
26400,0.621,-0.351,-0.275,0.765,-5.1,20.3,-68.3,71.44,ARM_SWING
26450,0.708,-0.445,-0.305,0.890,-0.2,28.7,-106.1,109.91,ARM_SWING
26500,0.785,-0.588,-0.333,1.036,25.4,34.1,-127.8,134.69,ARM_SWING
26550,0.852,-0.718,-0.385,1.179,51.0,30.1,-129.1,142.03,ARM_SWING
26600,0.842,-0.771,-0.380,1.203,55.2,18.6,-116.5,130.25,ARM_SWING
26650,0.820,-0.758,-0.368,1.176,39.0,7.7,-97.7,105.48,ARM_SWING
26700,0.779,-0.754,-0.333,1.134,5.6,-2.7,-69.1,69.38,ARM_SWING
26750,0.786,-0.737,-0.305,1.120,-12.2,-6.9,-38.2,40.69,ARM_SWING
26800,0.805,-0.714,-0.284,1.113,-22.0,-7.2,-4.6,23.60,ARM_SWING
26850,0.786,-0.680,-0.082,1.043,-8.2,2.3,15.2,17.42,ARM_SWING
26900,0.915,-0.683,-0.489,1.242,-46.8,-9.2,61.1,77.51,ARM_SWING
26950,0.934,-0.696,-0.319,1.208,-44.0,-17.7,97.6,108.51,ARM_SWING
27000,0.924,-0.635,-0.310,1.163,10.1,-21.2,120.8,123.06,ARM_SWING
27050,0.885,-0.539,-0.286,1.075,9.1,-20.3,123.4,125.39,ARM_SWING
27100,0.836,-0.463,-0.264,0.991,-1.6,-16.9,110.3,111.60,ARM_SWING
27150,0.786,-0.403,-0.257,0.920,-25.0,-11.4,87.8,92.00,ARM_SWING
27200,0.759,-0.343,-0.258,0.872,-43.7,-2.9,56.2,71.25,ARM_SWING
27250,0.730,-0.310,-0.264,0.836,-28.4,-1.6,22.4,36.21,ARM_SWING
27300,0.720,-0.300,-0.262,0.823,-17.9,3.0,-17.0,24.87,ARM_SWING
27350,0.716,-0.324,-0.265,0.829,-5.3,11.0,-56.8,58.10,ARM_SWING
27400,0.747,-0.373,-0.280,0.881,4.5,20.5,-92.9,95.24,ARM_SWING
27450,0.804,-0.418,-0.282,0.949,18.8,29.1,-125.3,130.00,ARM_SWING
27500,0.882,-0.513,-0.313,1.067,62.8,26.1,-146.2,161.24,ARM_SWING
27550,0.957,-0.673,-0.340,1.218,68.6,16.8,-146.0,162.19,ARM_SWING
27600,0.987,-0.744,-0.334,1.280,53.9,13.0,-118.0,130.38,ARM_SWING
27650,0.936,-0.776,-0.337,1.262,10.2,4.7,-64.0,64.98,ARM_SWING
27700,0.852,-0.736,-0.321,1.171,8.8,-10.5,-4.9,14.55,ARM_SWING
27750,0.786,-0.674,-0.290,1.075,-4.2,-14.8,29.1,32.92,ARM_SWING
27800,0.773,-0.619,-0.283,1.030,-15.5,-14.2,47.7,52.13,ARM_SWING
27850,0.851,-0.596,-0.356,1.098,26.9,-18.8,55.0,64.05,ARM_SWING
27900,0.861,-0.653,-0.246,1.108,-25.3,-22.4,88.7,94.92,ARM_SWING
27950,0.956,-0.635,-0.371,1.206,-11.9,-19.5,107.8,110.19,ARM_SWING
28000,0.932,-0.651,-0.337,1.186,22.2,-17.5,126.2,129.33,ARM_SWING
28050,0.888,-0.583,-0.322,1.110,9.2,-13.3,131.3,132.29,ARM_SWING
28100,0.808,-0.454,-0.314,0.979,-5.8,-9.3,112.9,113.43,ARM_SWING
28150,0.727,-0.367,-0.297,0.867,-33.6,-10.8,80.2,87.62,ARM_SWING
28200,0.673,-0.309,-0.269,0.788,-37.9,-8.4,36.5,53.28,ARM_SWING
28250,0.656,-0.299,-0.244,0.761,-23.3,-3.7,-9.0,25.25,ARM_SWING
28300,0.681,-0.340,-0.241,0.798,-13.7,7.3,-53.6,55.80,ARM_SWING
28350,0.735,-0.414,-0.262,0.883,-6.0,20.3,-88.2,90.70,ARM_SWING
28400,0.810,-0.477,-0.276,0.980,9.8,23.1,-112.0,114.78,ARM_SWING
28450,0.869,-0.520,-0.299,1.056,38.5,20.3,-128.9,136.05,ARM_SWING
28500,0.934,-0.579,-0.311,1.142,63.5,10.3,-136.4,150.81,ARM_SWING
28550,0.925,-0.677,-0.291,1.183,67.2,3.7,-122.2,139.51,ARM_SWING
28600,0.907,-0.691,-0.313,1.182,35.3,10.0,-93.6,100.53,ARM_SWING
28650,0.863,-0.708,-0.299,1.156,4.8,3.2,-54.8,55.10,ARM_SWING
28700,0.804,-0.695,-0.319,1.110,-7.3,-2.3,-17.4,19.01,ARM_SWING
28750,0.763,-0.663,-0.311,1.058,-21.7,-4.3,10.6,24.53,ARM_SWING
28800,0.795,-0.536,-0.364,1.026,-75.3,9.0,32.3,82.43,ARM_SWING
28850,0.836,-0.560,-0.331,1.059,-35.0,-23.6,53.7,68.31,ARM_SWING
28900,0.884,-0.636,-0.329,1.138,-58.3,-0.7,68.3,89.80,ARM_SWING
28950,0.920,-0.624,-0.325,1.158,15.8,-11.2,95.9,97.84,ARM_SWING
29000,0.941,-0.618,-0.314,1.169,21.2,-10.5,114.4,116.82,ARM_SWING
29050,0.934,-0.615,-0.304,1.159,6.3,-10.5,127.8,128.39,ARM_SWING
29100,0.882,-0.561,-0.286,1.084,-28.0,-8.8,125.7,129.08,ARM_SWING
29150,0.822,-0.479,-0.272,0.989,-54.1,-11.0,107.9,121.20,ARM_SWING
29200,0.764,-0.386,-0.255,0.893,-38.0,-12.8,75.7,85.66,ARM_SWING
29250,0.710,-0.332,-0.216,0.813,-21.6,-14.4,38.5,46.43,ARM_SWING
29300,0.671,-0.306,-0.195,0.763,-15.6,-7.4,-4.9,17.95,ARM_SWING
29350,0.676,-0.316,-0.197,0.772,-8.5,5.3,-50.8,51.78,ARM_SWING
29400,0.735,-0.363,-0.226,0.850,-0.2,17.0,-94.6,96.12,ARM_SWING
29450,0.827,-0.440,-0.256,0.971,10.3,25.6,-128.2,131.14,ARM_SWING
29500,0.936,-0.646,-0.320,1.181,57.8,18.9,-135.6,148.61,ARM_SWING
29550,0.950,-0.737,-0.312,1.242,84.6,9.1,-116.9,144.59,ARM_SWING
29600,0.883,-0.772,-0.312,1.214,94.5,2.8,-96.6,135.17,ARM_SWING
29650,0.754,-0.762,-0.311,1.116,50.6,3.8,-73.0,88.90,ARM_SWING
29700,0.713,-0.743,-0.339,1.084,2.8,4.7,-54.6,54.87,ARM_SWING
29750,0.707,-0.707,-0.320,1.050,-53.0,3.6,-35.0,63.62,ARM_SWING
29800,0.654,-0.786,-0.392,1.095,-84.2,5.8,0.0,84.40,ARM_SWING
29850,0.817,-0.729,-0.401,1.166,-35.5,-17.9,36.9,54.24,ARM_SWING
29900,0.844,-0.703,-0.348,1.152,-67.6,-10.3,66.9,95.66,ARM_SWING
29950,0.873,-0.651,-0.325,1.136,-4.4,-20.0,88.2,90.55,ARM_SWING
Recording stopped

Samples dumped: 600
