
Recording started
time,accelX,accelY,accelZ,accelMagnitude,gyroX,gyroY,gyroZ,gyroMagnitude,activity
1,0.688,-0.238,-0.190,0.752,-4.4,-5.8,-21.4,22.60,ARM_SWING
50,0.718,-0.352,-0.201,0.825,-3.4,11.0,-71.1,72.03,ARM_SWING
100,0.772,-0.341,-0.237,0.877,1.4,21.2,-106.8,108.89,ARM_SWING
150,0.871,-0.421,-0.288,1.009,13.8,32.6,-138.0,142.47,ARM_SWING
200,0.974,-0.508,-0.342,1.151,30.3,30.8,-151.7,157.73,ARM_SWING
250,1.013,-0.630,-0.364,1.247,65.1,33.4,-143.1,160.72,ARM_SWING
300,0.984,-0.692,-0.352,1.253,67.6,10.1,-108.3,128.07,ARM_SWING
350,0.898,-0.713,-0.343,1.197,43.6,2.9,-63.9,77.41,ARM_SWING
400,0.797,-0.699,-0.320,1.107,17.5,-3.0,-19.6,26.45,ARM_SWING
450,0.728,-0.651,-0.306,1.023,-7.0,-17.9,14.1,23.84,ARM_SWING
500,0.661,-0.677,-0.343,1.006,-46.8,18.1,21.0,54.40,ARM_SWING
550,0.763,-0.642,-0.307,1.043,-19.6,-10.8,36.8,43.07,ARM_SWING
600,0.869,-0.706,-0.357,1.175,-35.7,-3.1,56.2,66.65,ARM_SWING
650,1.008,-0.764,-0.394,1.325,11.9,-21.0,107.4,110.08,ARM_SWING
700,1.057,-0.716,-0.416,1.343,29.6,-30.6,150.5,156.41,ARM_SWING
750,1.023,-0.646,-0.414,1.279,7.4,-33.3,159.4,163.01,ARM_SWING
800,0.958,-0.467,-0.323,1.114,-20.2,-40.1,149.3,155.91,ARM_SWING
850,0.858,-0.340,-0.247,0.955,-25.6,-37.6,122.4,130.58,ARM_SWING
900,0.723,-0.281,-0.195,0.800,-24.7,-26.1,80.9,88.52,ARM_SWING
950,0.645,-0.228,-0.155,0.701,-22.9,-14.4,26.1,37.59,ARM_SWING
1000,0.602,-0.249,-0.131,0.665,-20.0,0.4,-26.1,32.88,ARM_SWING
1050,0.632,-0.316,-0.157,0.724,-16.3,14.4,-80.3,83.19,ARM_SWING
1100,0.714,-0.405,-0.197,0.844,-9.6,41.1,-123.2,130.23,ARM_SWING
1150,0.854,-0.492,-0.282,1.025,-2.1,63.7,-154.4,167.04,ARM_SWING
1200,1.027,-0.597,-0.386,1.249,13.0,63.7,-160.5,173.17,ARM_SWING
1250,1.098,-0.759,-0.526,1.435,60.6,34.4,-129.1,146.71,ARM_SWING
1300,0.950,-0.813,-0.435,1.324,109.2,-5.8,-72.4,131.15,ARM_SWING
1350,0.786,-0.784,-0.398,1.179,96.1,-21.2,-30.8,103.12,ARM_SWING
1400,0.666,-0.736,-0.317,1.042,45.6,-16.4,-9.7,49.42,ARM_SWING
1450,0.675,-0.511,-0.221,0.875,-35.7,-7.4,-9.5,37.68,ARM_SWING
1500,0.686,-0.768,-0.400,1.105,-35.0,15.5,17.6,42.13,ARM_SWING
1550,0.812,-0.720,-0.327,1.133,-57.6,-7.0,45.2,73.55,ARM_SWING
1600,0.880,-0.743,-0.331,1.198,-41.4,-8.4,68.1,80.14,ARM_SWING
1650,0.936,-0.732,-0.315,1.229,1.1,-19.8,101.7,103.62,ARM_SWING
1700,0.994,-0.666,-0.303,1.234,-3.8,-17.5,122.8,124.10,ARM_SWING
1750,1.003,-0.549,-0.263,1.173,-16.8,-15.1,136.5,138.36,ARM_SWING
1800,0.942,-0.421,-0.235,1.058,-27.6,-22.8,125.5,130.51,ARM_SWING
1850,0.823,-0.340,-0.216,0.916,-31.4,-24.1,99.9,107.46,ARM_SWING
1900,0.715,-0.282,-0.209,0.797,-23.8,-17.9,56.1,63.51,ARM_SWING
1950,0.652,-0.255,-0.204,0.729,-23.5,-11.1,6.3,26.74,ARM_SWING
2000,0.652,-0.308,-0.231,0.757,-17.2,-1.4,-43.7,46.98,ARM_SWING
2050,0.704,-0.372,-0.277,0.843,-6.7,11.8,-86.2,87.26,ARM_SWING
2100,0.781,-0.450,-0.285,0.945,12.1,21.9,-116.8,119.45,ARM_SWING
2150,0.841,-0.561,-0.317,1.059,29.3,27.0,-131.7,137.59,ARM_SWING
2200,0.900,-0.627,-0.356,1.153,40.8,31.5,-135.9,145.35,ARM_SWING
2250,0.926,-0.671,-0.368,1.201,63.0,18.9,-127.5,143.47,ARM_SWING
2300,0.899,-0.729,-0.355,1.211,73.7,4.6,-101.2,125.28,ARM_SWING
2350,0.839,-0.750,-0.338,1.175,42.4,2.4,-69.2,81.19,ARM_SWING
2400,0.780,-0.743,-0.337,1.129,8.8,4.6,-31.5,33.03,ARM_SWING
2450,0.856,-0.728,-0.241,1.149,-11.6,10.4,-12.9,20.23,ARM_SWING
2500,0.804,-0.674,-0.375,1.114,-46.2,-1.8,31.8,56.12,ARM_SWING
2550,0.849,-0.693,-0.333,1.145,-49.2,-3.2,53.9,73.05,ARM_SWING
2600,0.898,-0.741,-0.320,1.207,-4.8,-16.1,85.1,86.74,ARM_SWING
2650,0.952,-0.683,-0.299,1.209,-12.8,-8.4,115.9,116.91,ARM_SWING
2700,0.990,-0.645,-0.308,1.221,-23.8,-11.4,137.5,140.01,ARM_SWING
2750,0.978,-0.564,-0.274,1.162,-34.3,-27.0,138.8,145.50,ARM_SWING
2800,0.915,-0.461,-0.240,1.052,-48.3,-34.4,126.5,139.71,ARM_SWING
2850,0.861,-0.371,-0.212,0.961,-49.5,-19.8,102.9,115.89,ARM_SWING
2900,0.790,-0.290,-0.191,0.863,-27.5,-20.0,63.0,71.59,ARM_SWING
2950,0.687,-0.230,-0.175,0.745,-13.4,-10.3,17.4,24.26,ARM_SWING
3000,0.653,-0.248,-0.194,0.725,-8.8,2.8,-38.7,39.79,ARM_SWING
3050,0.698,-0.335,-0.239,0.810,-1.5,13.5,-84.4,85.49,ARM_SWING
3100,0.801,-0.468,-0.305,0.977,8.6,36.0,-117.1,122.81,ARM_SWING
3150,0.890,-0.496,-0.320,1.068,25.0,30.3,-137.2,142.71,ARM_SWING
3200,0.934,-0.558,-0.361,1.146,58.5,28.7,-149.9,163.45,ARM_SWING
3250,0.955,-0.664,-0.368,1.220,81.1,20.4,-143.5,166.09,ARM_SWING
3300,0.919,-0.754,-0.358,1.241,87.0,6.0,-113.5,143.13,ARM_SWING
3350,0.869,-0.786,-0.379,1.232,43.1,11.9,-69.9,82.98,ARM_SWING
3400,0.786,-0.820,-0.377,1.197,7.7,6.2,-23.1,25.13,ARM_SWING
3450,0.748,-0.695,-0.420,1.104,-20.2,-4.2,1.1,20.66,ARM_SWING
3500,0.662,-0.703,-0.341,1.024,-71.8,-4.1,57.4,92.02,ARM_SWING
3550,0.765,-0.674,-0.360,1.081,-58.5,-15.5,66.9,90.21,ARM_SWING
3600,0.857,-0.657,-0.311,1.124,-20.8,-22.9,82.5,88.11,ARM_SWING
3650,0.918,-0.637,-0.243,1.143,8.0,-23.6,95.4,98.60,ARM_SWING
3700,1.033,-0.596,-0.233,1.215,-3.9,-26.3,109.4,112.58,ARM_SWING
3750,1.091,-0.523,-0.214,1.229,-11.3,-33.1,117.0,122.12,ARM_SWING
3800,1.027,-0.471,-0.217,1.151,-28.1,-29.9,118.4,125.31,ARM_SWING
3850,0.928,-0.397,-0.213,1.032,-42.9,-13.3,109.3,118.17,ARM_SWING
3900,0.803,-0.298,-0.214,0.883,-38.6,-0.9,82.1,90.73,ARM_SWING
3950,0.689,-0.207,-0.211,0.750,-30.8,-1.0,35.4,46.93,ARM_SWING
4000,0.624,-0.217,-0.185,0.686,-12.3,3.5,-24.3,27.46,ARM_SWING
4050,0.656,-0.262,-0.268,0.756,12.6,17.7,-80.7,83.57,ARM_SWING
4100,0.731,-0.351,-0.284,0.859,28.2,31.7,-123.9,130.96,ARM_SWING
4150,0.872,-0.542,-0.343,1.082,42.4,36.0,-147.0,157.17,ARM_SWING
4200,0.978,-0.673,-0.403,1.254,57.5,27.7,-145.3,158.70,ARM_SWING
4250,0.972,-0.701,-0.380,1.257,86.9,9.3,-126.0,153.34,ARM_SWING
4300,0.896,-0.732,-0.310,1.198,92.4,-0.1,-99.0,135.42,ARM_SWING
4350,0.815,-0.768,-0.267,1.151,37.5,3.7,-72.6,81.80,ARM_SWING
4400,0.763,-0.737,-0.305,1.104,-10.2,6.7,-35.0,37.07,ARM_SWING
4450,0.727,-0.687,-0.415,1.083,-37.6,0.7,-1.8,37.65,ARM_SWING
4500,0.805,-0.680,-0.327,1.103,-45.7,-10.0,33.3,57.42,ARM_SWING
4550,0.847,-0.648,-0.315,1.112,-44.6,-12.6,59.7,75.58,ARM_SWING
4600,0.883,-0.630,-0.299,1.125,-18.9,-17.3,76.7,80.87,ARM_SWING
4650,0.961,-0.597,-0.279,1.165,-4.4,-14.3,88.9,90.15,ARM_SWING
4700,1.063,-0.535,-0.287,1.224,-19.5,-22.4,97.5,101.92,ARM_SWING
4750,1.079,-0.480,-0.232,1.204,-18.9,-33.4,112.0,118.39,ARM_SWING
4800,1.027,-0.426,-0.216,1.133,-27.3,-31.2,126.0,132.65,ARM_SWING
4850,0.910,-0.374,-0.205,1.005,-29.4,-26.8,118.1,124.62,ARM_SWING
4900,0.778,-0.283,-0.243,0.863,-22.1,-12.6,88.0,91.60,ARM_SWING
4950,0.627,-0.230,-0.224,0.704,-24.4,-1.0,34.1,41.94,ARM_SWING
5000,0.590,-0.207,-0.229,0.666,-14.2,-0.8,-24.9,28.68,ARM_SWING
5050,0.641,-0.284,-0.263,0.749,0.8,19.9,-80.0,82.44,ARM_SWING
5100,0.753,-0.390,-0.292,0.897,18.4,25.8,-122.2,126.24,ARM_SWING
5150,0.876,-0.568,-0.325,1.093,35.2,26.5,-139.8,146.58,ARM_SWING
5200,0.988,-0.668,-0.363,1.247,64.3,2.0,-133.0,147.74,ARM_SWING
5250,0.955,-0.712,-0.311,1.231,102.1,-8.4,-109.2,149.73,ARM_SWING
5300,0.862,-0.764,-0.307,1.192,86.9,-5.6,-79.4,117.84,ARM_SWING
5350,0.773,-0.747,-0.300,1.116,29.4,3.4,-50.8,58.79,ARM_SWING
5400,0.738,-0.714,-0.323,1.076,-5.5,8.1,-27.1,28.81,ARM_SWING
5450,0.751,-0.635,-0.456,1.084,-59.0,0.9,-6.2,59.33,ARM_SWING
5500,0.780,-0.681,-0.305,1.079,-32.2,-10.3,19.1,38.83,ARM_SWING
5550,0.818,-0.671,-0.290,1.097,-46.4,-7.9,43.5,64.09,ARM_SWING
5600,0.894,-0.658,-0.302,1.150,-27.6,-11.9,68.2,74.53,ARM_SWING
5650,0.954,-0.625,-0.240,1.165,-0.4,-11.4,94.2,94.89,ARM_SWING
5700,1.004,-0.569,-0.213,1.174,-9.1,-16.4,112.0,113.56,ARM_SWING
5750,1.014,-0.466,-0.215,1.136,-21.4,-23.7,113.9,118.29,ARM_SWING
5800,0.917,-0.392,-0.227,1.023,-20.6,-27.3,108.3,113.57,ARM_SWING
5850,0.798,-0.346,-0.247,0.904,-19.1,-16.5,83.5,87.23,ARM_SWING
5900,0.713,-0.290,-0.279,0.819,-16.6,-9.1,44.5,48.36,ARM_SWING
5950,0.656,-0.244,-0.291,0.758,-14.4,4.7,-1.7,15.24,ARM_SWING
6000,0.664,-0.275,-0.299,0.778,0.4,9.0,-52.1,52.87,ARM_SWING
6050,0.703,-0.346,-0.313,0.844,6.4,20.3,-96.7,99.01,ARM_SWING
6100,0.792,-0.413,-0.330,0.952,18.1,26.1,-129.7,133.53,ARM_SWING
6150,0.898,-0.523,-0.356,1.098,33.1,24.9,-145.4,151.18,ARM_SWING
6200,0.966,-0.648,-0.352,1.215,41.7,18.1,-139.2,146.43,ARM_SWING
6250,0.946,-0.749,-0.337,1.253,3.1,20.3,-101.1,103.16,ARM_SWING
6300,0.905,-0.677,-0.323,1.175,-11.9,13.7,-54.4,57.35,ARM_SWING
6350,0.834,-0.699,-0.307,1.131,2.2,0.9,-13.0,13.22,ARM_SWING
6400,0.783,-0.640,-0.299,1.055,-3.3,-5.5,21.2,22.15,ARM_SWING
6450,0.715,-0.705,-0.278,1.042,-6.0,1.3,36.5,37.01,ARM_SWING
6500,0.826,-0.631,-0.294,1.080,-12.3,-9.1,59.3,61.24,ARM_SWING
6550,0.893,-0.602,-0.301,1.118,-13.0,-16.6,77.2,80.03,ARM_SWING
6600,0.939,-0.556,-0.302,1.132,18.9,-14.3,98.4,101.21,ARM_SWING
6650,0.976,-0.487,-0.301,1.132,11.4,-20.4,105.6,108.15,ARM_SWING
6700,0.947,-0.434,-0.290,1.081,-1.8,-17.9,104.7,106.23,ARM_SWING
6750,0.894,-0.374,-0.274,1.007,-28.0,-17.0,91.4,97.09,ARM_SWING
6800,0.812,-0.305,-0.266,0.907,-31.2,-8.2,65.1,72.65,ARM_SWING
6850,0.695,-0.199,-0.254,0.766,-16.1,-6.1,16.5,23.85,ARM_SWING
6900,0.690,-0.228,-0.229,0.762,3.5,-2.1,-32.6,32.85,ARM_SWING
6950,0.774,-0.332,-0.267,0.884,10.9,5.9,-77.5,78.48,ARM_SWING
7000,0.858,-0.409,-0.275,0.989,16.7,16.1,-106.0,108.51,ARM_SWING
7050,0.935,-0.478,-0.275,1.086,36.1,6.9,-120.4,125.88,ARM_SWING
7100,0.958,-0.569,-0.288,1.151,55.2,1.3,-117.3,129.65,ARM_SWING
7150,0.936,-0.632,-0.282,1.164,46.2,7.5,-98.0,108.60,ARM_SWING
7200,0.890,-0.650,-0.277,1.136,36.7,2.3,-74.0,82.63,ARM_SWING
7250,0.827,-0.669,-0.273,1.098,19.7,-4.7,-45.0,49.35,ARM_SWING
7300,0.769,-0.670,-0.281,1.058,3.9,-5.1,-19.3,20.34,ARM_SWING
7350,0.827,-0.535,-0.294,1.028,-29.8,2.4,0.1,29.90,ARM_SWING
7400,0.734,-0.644,-0.290,1.019,-59.7,-0.1,42.6,73.34,ARM_SWING
7450,0.816,-0.618,-0.346,1.081,-49.8,0.2,57.1,75.77,ARM_SWING
7500,0.891,-0.632,-0.331,1.141,-29.4,-0.7,70.3,76.20,ARM_SWING
7550,1.018,-0.611,-0.334,1.233,-9.3,-12.4,95.5,96.75,ARM_SWING
7600,1.064,-0.569,-0.319,1.248,-8.6,-22.4,123.2,125.51,ARM_SWING
7650,1.034,-0.496,-0.291,1.183,-15.9,-27.5,126.9,130.82,ARM_SWING
7700,0.938,-0.405,-0.262,1.055,-28.2,-28.4,121.3,127.73,ARM_SWING
7750,0.812,-0.270,-0.224,0.885,-28.0,-21.2,90.0,96.61,ARM_SWING
7800,0.699,-0.172,-0.203,0.748,-11.9,-14.8,41.6,45.73,ARM_SWING
7850,0.679,-0.211,-0.187,0.735,-4.9,-5.9,-14.6,16.49,ARM_SWING
7900,0.741,-0.285,-0.178,0.814,-5.9,3.0,-56.8,57.18,ARM_SWING
7950,0.824,-0.359,-0.228,0.927,1.0,12.8,-94.8,95.67,ARM_SWING
8000,0.903,-0.445,-0.263,1.040,18.5,21.6,-119.1,122.45,ARM_SWING
8050,0.962,-0.508,-0.305,1.130,30.7,21.9,-127.2,132.67,ARM_SWING
8100,1.000,-0.556,-0.336,1.192,53.1,12.6,-117.2,129.28,ARM_SWING
8150,0.951,-0.603,-0.309,1.168,74.2,-0.9,-98.9,123.64,ARM_SWING
8200,0.879,-0.671,-0.322,1.152,68.1,1.7,-76.7,102.58,ARM_SWING
8250,0.801,-0.700,-0.322,1.111,16.0,8.1,-49.0,52.18,ARM_SWING
8300,0.770,-0.666,-0.332,1.071,-10.0,5.5,-26.9,29.22,ARM_SWING
8350,0.690,-0.767,-0.335,1.085,-33.3,17.2,-4.7,37.77,ARM_SWING
8400,0.808,-0.643,-0.374,1.098,-44.9,-3.2,25.6,51.78,ARM_SWING
8450,0.830,-0.626,-0.310,1.085,-44.9,-11.6,52.2,69.82,ARM_SWING
8500,0.877,-0.626,-0.308,1.121,-4.1,-8.8,88.5,89.03,ARM_SWING
8550,0.955,-0.591,-0.279,1.157,10.3,-17.4,92.3,94.49,ARM_SWING
8600,1.040,-0.539,-0.256,1.199,2.7,-15.6,109.6,110.74,ARM_SWING
8650,1.064,-0.502,-0.264,1.206,-9.5,-26.5,122.3,125.50,ARM_SWING
8700,1.009,-0.441,-0.229,1.125,-31.6,-30.9,123.4,131.08,ARM_SWING
8750,0.931,-0.372,-0.235,1.030,-37.7,-20.4,111.6,119.55,ARM_SWING
8800,0.801,-0.239,-0.212,0.862,-24.9,-13.5,80.3,85.15,ARM_SWING
8850,0.631,-0.153,-0.176,0.673,-14.9,-8.1,19.1,25.54,ARM_SWING
8900,0.628,-0.201,-0.206,0.691,-11.9,7.3,-48.8,50.76,ARM_SWING
8950,0.729,-0.316,-0.245,0.831,-6.5,27.8,-88.9,93.37,ARM_SWING
9000,0.873,-0.397,-0.321,1.011,0.9,39.3,-121.8,127.99,ARM_SWING
9050,0.972,-0.480,-0.345,1.138,12.3,39.2,-139.7,145.62,ARM_SWING
9100,1.027,-0.551,-0.382,1.226,49.5,14.9,-130.9,140.74,ARM_SWING
9150,0.994,-0.621,-0.342,1.221,80.1,0.4,-106.9,133.58,ARM_SWING
9200,0.917,-0.670,-0.323,1.181,84.4,-11.5,-72.1,111.60,ARM_SWING
9250,0.814,-0.703,-0.298,1.116,47.5,-6.9,-43.4,64.71,ARM_SWING
9300,0.731,-0.688,-0.305,1.049,15.2,2.6,-19.3,24.70,ARM_SWING
9350,0.754,-0.721,-0.290,1.083,-37.9,24.8,-17.2,48.45,ARM_SWING
9400,0.790,-0.668,-0.329,1.086,-38.2,3.9,17.0,41.99,ARM_SWING
9450,0.844,-0.658,-0.329,1.120,-50.4,-3.8,45.9,68.27,ARM_SWING
9500,0.903,-0.648,-0.319,1.156,-18.2,-10.7,73.6,76.57,ARM_SWING
9550,0.964,-0.625,-0.274,1.181,0.0,-15.6,103.2,104.37,ARM_SWING
9600,1.005,-0.559,-0.264,1.180,-13.0,-19.3,124.7,126.85,ARM_SWING
9650,0.991,-0.484,-0.234,1.127,-26.4,-20.3,123.4,127.81,ARM_SWING
9700,0.980,-0.401,-0.244,1.087,-30.5,-25.5,116.8,123.38,ARM_SWING
9750,0.854,-0.172,-0.189,0.891,-31.8,-16.2,77.4,85.23,ARM_SWING
9800,0.762,-0.046,-0.183,0.785,-6.9,-13.0,19.1,24.11,ARM_SWING
9850,0.783,-0.183,-0.188,0.826,9.1,-15.4,-35.1,39.40,ARM_SWING
9900,0.836,-0.296,-0.207,0.911,9.7,-1.1,-73.6,74.24,ARM_SWING
9950,0.840,-0.386,-0.234,0.954,22.3,10.0,-107.3,110.05,ARM_SWING
10000,0.859,-0.484,-0.265,1.021,31.8,21.9,-125.2,131.02,ARM_SWING
10050,0.909,-0.574,-0.320,1.122,44.3,27.9,-135.5,145.26,ARM_SWING
10100,0.926,-0.666,-0.325,1.186,45.2,19.2,-123.2,132.63,ARM_SWING
10150,0.926,-0.727,-0.349,1.228,37.0,13.9,-88.2,96.65,ARM_SWING
10200,0.868,-0.736,-0.340,1.188,14.5,11.1,-40.9,44.79,ARM_SWING
10250,0.806,-0.711,-0.338,1.127,-6.2,0.2,0.8,6.25,ARM_SWING
10300,0.857,-0.540,-0.333,1.066,-6.5,-8.4,23.9,26.15,ARM_SWING
10350,0.771,-0.606,-0.214,1.004,-75.0,-9.3,58.1,95.33,ARM_SWING
10400,0.833,-0.624,-0.280,1.078,-49.7,4.3,61.6,79.27,ARM_SWING
10450,0.904,-0.616,-0.284,1.130,-35.8,-2.3,78.4,86.22,ARM_SWING
10500,0.969,-0.584,-0.266,1.162,-18.4,-0.7,99.4,101.09,ARM_SWING
10550,0.972,-0.520,-0.275,1.136,-33.8,-3.4,115.2,120.10,ARM_SWING
10600,0.948,-0.453,-0.256,1.081,-43.1,-12.4,112.7,121.30,ARM_SWING
10650,0.959,-0.372,-0.228,1.054,-50.0,-26.6,94.9,110.52,ARM_SWING
10700,0.931,-0.329,-0.196,1.007,-36.3,-51.5,71.9,95.60,ARM_SWING
10750,0.875,-0.331,-0.169,0.951,-2.5,-41.7,47.9,63.56,ARM_SWING
10800,0.785,-0.312,-0.150,0.858,6.5,-29.8,13.4,33.31,ARM_SWING
10850,0.728,-0.302,-0.166,0.805,1.5,-11.7,-24.5,27.19,ARM_SWING
10900,0.727,-0.341,-0.197,0.827,13.0,3.7,-68.1,69.43,ARM_SWING
10950,0.768,-0.388,-0.245,0.895,20.6,16.3,-104.3,107.56,ARM_SWING
11000,0.835,-0.466,-0.276,0.995,39.3,16.5,-132.0,138.71,ARM_SWING
11050,0.909,-0.595,-0.341,1.139,67.4,20.6,-137.8,154.78,ARM_SWING
11100,0.956,-0.667,-0.425,1.241,91.4,-0.2,-124.6,154.53,ARM_SWING
11150,0.874,-0.701,-0.387,1.185,102.4,-22.4,-96.2,142.27,ARM_SWING
11200,0.791,-0.805,-0.367,1.187,66.1,-20.4,-64.0,94.24,ARM_SWING
11250,0.721,-0.794,-0.324,1.120,8.6,-15.4,-26.2,31.58,ARM_SWING
11300,0.642,-0.815,-0.359,1.098,-43.6,13.8,7.0,46.26,ARM_SWING
11350,0.736,-0.718,-0.303,1.072,-33.2,2.3,27.6,43.24,ARM_SWING
11400,0.792,-0.674,-0.258,1.071,-59.2,10.5,52.8,80.02,ARM_SWING
11450,0.861,-0.649,-0.270,1.111,-41.3,14.5,89.3,99.45,ARM_SWING
11500,0.944,-0.601,-0.264,1.150,-30.9,7.1,89.8,95.23,ARM_SWING
11550,1.022,-0.546,-0.265,1.189,-37.1,2.7,110.3,116.40,ARM_SWING
11600,1.040,-0.489,-0.236,1.173,-42.6,-9.8,120.5,128.18,ARM_SWING
11650,1.019,-0.426,-0.231,1.128,-47.8,-13.0,116.6,126.69,ARM_SWING
11700,0.939,-0.366,-0.215,1.030,-38.7,-14.7,107.7,115.38,ARM_SWING
11750,0.860,-0.312,-0.212,0.939,-20.0,-17.6,81.5,85.74,ARM_SWING
11800,0.763,-0.219,-0.207,0.820,-5.6,-17.5,36.1,40.51,ARM_SWING
11850,0.681,-0.225,-0.213,0.748,5.5,-10.7,-13.7,18.23,ARM_SWING
11900,0.705,-0.285,-0.234,0.796,8.0,1.8,-72.0,72.47,ARM_SWING
11950,0.762,-0.378,-0.274,0.894,19.4,14.4,-111.7,114.28,ARM_SWING
12000,0.868,-0.485,-0.319,1.044,33.4,15.9,-142.4,147.13,ARM_SWING
12050,0.933,-0.613,-0.334,1.165,63.4,10.3,-148.6,161.89,ARM_SWING
12100,0.965,-0.717,-0.359,1.255,91.4,-3.8,-132.1,160.68,ARM_SWING
12150,0.928,-0.903,-0.373,1.347,110.6,-14.9,-87.4,141.75,ARM_SWING
12200,0.764,-0.945,-0.323,1.257,80.0,-17.5,-30.1,87.25,ARM_SWING
12250,0.612,-0.868,-0.294,1.102,4.9,-4.6,1.2,6.83,ARM_SWING
12300,0.502,-0.812,-0.330,1.010,-56.3,26.2,16.0,64.13,ARM_SWING
12350,0.668,-0.759,-0.344,1.068,-39.4,12.5,27.5,49.65,ARM_SWING
12400,0.766,-0.735,-0.289,1.100,-68.1,12.2,45.7,82.92,ARM_SWING
12450,0.885,-0.711,-0.293,1.172,-51.8,16.5,65.3,84.97,ARM_SWING
12500,0.961,-0.649,-0.264,1.189,-35.7,1.9,88.2,95.17,ARM_SWING
12550,0.998,-0.562,-0.243,1.171,-37.4,-6.7,102.8,109.60,ARM_SWING
12600,1.001,-0.484,-0.226,1.135,-36.6,-17.6,114.3,121.30,ARM_SWING
12650,1.000,-0.424,-0.222,1.109,-39.5,-20.6,105.7,114.70,ARM_SWING
12700,0.918,-0.363,-0.199,1.007,-25.1,-22.2,90.1,96.13,ARM_SWING
12750,0.815,-0.310,-0.203,0.895,-9.4,-16.7,61.9,64.80,ARM_SWING
12800,0.724,-0.288,-0.193,0.803,-1.2,-13.4,22.0,25.79,ARM_SWING
12850,0.688,-0.297,-0.225,0.782,2.5,-5.9,-24.6,25.42,ARM_SWING
12900,0.718,-0.357,-0.252,0.841,17.3,4.2,-70.3,72.52,ARM_SWING
12950,0.772,-0.406,-0.289,0.919,26.1,13.5,-107.9,111.83,ARM_SWING
13000,0.839,-0.480,-0.302,1.013,42.1,13.8,-139.0,145.89,ARM_SWING
13050,0.905,-0.590,-0.309,1.124,70.5,9.3,-152.2,167.99,ARM_SWING
13100,0.933,-0.710,-0.290,1.208,104.0,-2.8,-146.6,179.76,ARM_SWING
13150,0.921,-0.874,-0.263,1.297,95.2,-1.8,-110.0,145.49,ARM_SWING
13200,0.834,-0.944,-0.284,1.291,46.6,-9.4,-59.0,75.77,ARM_SWING
13250,0.596,-1.121,-0.338,1.314,-12.1,1.4,-11.2,16.55,ARM_SWING
13300,0.669,-0.783,-0.426,1.115,-16.3,-13.0,27.5,34.51,ARM_SWING
13350,0.716,-0.748,-0.311,1.081,-38.2,-1.1,44.4,58.58,ARM_SWING
13400,0.808,-0.712,-0.312,1.121,-40.1,3.8,64.9,76.38,ARM_SWING
13450,0.908,-0.680,-0.306,1.175,-35.8,-1.6,92.7,99.39,ARM_SWING
13500,0.979,-0.622,-0.250,1.187,-12.9,-11.4,108.3,109.66,ARM_SWING
13550,0.994,-0.557,-0.206,1.158,-22.6,-13.0,120.6,123.39,ARM_SWING
13600,0.951,-0.486,-0.174,1.082,-42.7,-7.7,118.6,126.29,ARM_SWING
13650,0.888,-0.417,-0.174,0.996,-53.5,5.2,103.8,116.89,ARM_SWING
13700,0.828,-0.346,-0.188,0.917,-44.2,7.6,84.0,95.22,ARM_SWING
13750,0.770,-0.301,-0.195,0.849,-21.8,3.7,42.6,48.00,ARM_SWING
13800,0.738,-0.278,-0.222,0.819,-6.7,-0.4,1.4,6.86,ARM_SWING
13850,0.766,-0.303,-0.242,0.859,1.6,2.1,-41.5,41.58,ARM_SWING
13900,0.794,-0.355,-0.259,0.907,13.4,2.6,-78.1,79.28,ARM_SWING
13950,0.833,-0.393,-0.256,0.956,28.3,8.1,-113.4,117.16,ARM_SWING
14000,0.895,-0.465,-0.274,1.045,40.9,7.4,-133.7,140.01,ARM_SWING
14050,0.937,-0.592,-0.290,1.146,56.9,3.2,-141.4,152.45,ARM_SWING
14100,0.981,-0.814,-0.319,1.314,63.9,-2.4,-122.6,138.27,ARM_SWING
14150,0.916,-0.917,-0.349,1.342,88.7,-10.2,-66.0,111.03,ARM_SWING
14200,0.723,-0.908,-0.310,1.201,34.0,-2.3,-20.0,39.51,ARM_SWING
14250,0.604,-0.785,-0.319,1.041,6.5,-14.0,8.9,17.82,ARM_SWING
14300,0.596,-0.778,-0.375,1.049,-56.7,10.2,22.3,61.78,ARM_SWING
14350,0.716,-0.742,-0.305,1.075,-40.0,5.1,34.3,52.94,ARM_SWING
14400,0.828,-0.748,-0.307,1.157,-65.3,12.1,60.5,89.84,ARM_SWING
14450,0.903,-0.709,-0.314,1.190,-34.2,-2.9,93.1,99.23,ARM_SWING
14500,0.963,-0.650,-0.298,1.199,-18.4,-4.6,113.6,115.17,ARM_SWING
14550,1.000,-0.582,-0.271,1.188,-22.8,-16.4,123.2,126.36,ARM_SWING
14600,0.949,-0.495,-0.235,1.096,-24.6,-24.0,123.0,127.71,ARM_SWING
14650,0.899,-0.445,-0.213,1.025,-32.6,-11.4,100.5,106.27,ARM_SWING
14700,0.795,-0.388,-0.206,0.908,-23.3,-10.8,80.6,84.59,ARM_SWING
14750,0.714,-0.342,-0.223,0.822,-17.0,7.2,45.2,48.82,ARM_SWING
14800,0.641,-0.297,-0.236,0.745,-13.1,3.6,0.7,13.60,ARM_SWING
14850,0.653,-0.313,-0.250,0.766,-7.9,7.0,-49.5,50.61,ARM_SWING
14900,0.722,-0.397,-0.297,0.876,13.0,15.8,-93.6,95.81,ARM_SWING
14950,0.810,-0.468,-0.312,0.986,34.5,11.1,-119.6,124.97,ARM_SWING
15000,0.887,-0.539,-0.317,1.085,49.9,9.3,-143.2,151.93,ARM_SWING
15050,0.917,-0.624,-0.297,1.148,90.3,-5.8,-142.3,168.63,ARM_SWING
15100,0.912,-0.760,-0.249,1.213,104.8,-8.3,-130.7,167.73,ARM_SWING
15150,0.893,-0.848,-0.259,1.258,59.9,2.3,-104.5,120.47,ARM_SWING
15200,0.800,-0.871,-0.282,1.216,-3.9,15.5,-63.1,65.09,ARM_SWING
15250,0.765,-1.036,-0.363,1.338,-38.8,23.5,-11.4,46.77,ARM_SWING
15300,0.724,-0.718,-0.423,1.104,-46.2,-13.8,21.0,52.59,ARM_SWING
15350,0.755,-0.702,-0.307,1.076,-43.8,-11.0,44.2,63.19,ARM_SWING
15400,0.859,-0.667,-0.320,1.134,-29.5,-11.2,65.8,72.97,ARM_SWING
15450,0.942,-0.636,-0.275,1.169,-1.5,-19.3,89.3,91.37,ARM_SWING
15500,1.001,-0.590,-0.254,1.189,2.3,-17.2,112.1,113.44,ARM_SWING
15550,0.976,-0.551,-0.217,1.142,-14.1,-15.1,125.4,127.09,ARM_SWING
15600,0.919,-0.508,-0.213,1.071,-43.9,-0.9,121.0,128.72,ARM_SWING
15650,0.844,-0.443,-0.200,0.974,-58.3,3.3,104.9,120.06,ARM_SWING
15700,0.822,-0.364,-0.224,0.926,-49.0,1.7,77.2,91.45,ARM_SWING
15750,0.747,-0.308,-0.191,0.830,-26.9,3.2,43.9,51.59,ARM_SWING
15800,0.733,-0.284,-0.213,0.814,-5.1,5.1,2.2,7.54,ARM_SWING
15850,0.755,-0.304,-0.215,0.842,5.3,5.1,-46.0,46.58,ARM_SWING
15900,0.790,-0.347,-0.239,0.895,18.7,8.1,-86.5,88.87,ARM_SWING
15950,0.845,-0.390,-0.266,0.968,35.4,9.0,-119.3,124.77,ARM_SWING
16000,0.928,-0.488,-0.298,1.090,49.8,6.5,-144.4,152.88,ARM_SWING
16050,0.986,-0.612,-0.345,1.211,83.2,-4.4,-146.8,168.80,ARM_SWING
16100,0.958,-0.722,-0.347,1.249,111.2,-33.6,-121.8,168.31,ARM_SWING
16150,0.876,-0.772,-0.309,1.208,85.6,-24.9,-87.3,124.77,ARM_SWING
16200,0.787,-0.795,-0.282,1.154,33.5,-20.7,-51.1,64.51,ARM_SWING
16250,0.740,-0.761,-0.127,1.069,14.4,-26.0,-22.9,37.52,ARM_SWING
16300,0.670,-0.742,-0.281,1.038,-10.5,-20.7,22.2,32.12,ARM_SWING
16350,0.713,-0.720,-0.206,1.034,-15.4,-8.2,38.5,42.27,ARM_SWING
16400,0.775,-0.691,-0.223,1.062,-53.2,9.1,59.0,79.96,ARM_SWING
16450,0.842,-0.681,-0.256,1.113,-37.0,17.5,77.4,87.56,ARM_SWING
16500,0.907,-0.644,-0.264,1.143,-26.6,16.5,102.4,107.08,ARM_SWING
16550,1.000,-0.571,-0.310,1.193,-24.4,-0.1,116.6,119.13,ARM_SWING
16600,1.051,-0.481,-0.310,1.197,-32.8,-9.6,118.0,122.85,ARM_SWING
16650,1.000,-0.407,-0.300,1.121,-24.0,-16.1,109.4,113.15,ARM_SWING
16700,0.896,-0.342,-0.298,1.004,-9.3,-15.0,92.1,93.78,ARM_SWING
16750,0.810,-0.321,-0.297,0.921,8.1,-27.9,57.4,64.33,ARM_SWING
16800,0.706,-0.276,-0.254,0.799,10.1,-26.6,11.4,30.65,ARM_SWING
16850,0.653,-0.285,-0.212,0.743,11.9,-22.6,-40.1,47.54,ARM_SWING
16900,0.681,-0.361,-0.211,0.799,15.1,-7.6,-89.1,90.69,ARM_SWING
16950,0.749,-0.471,-0.214,0.910,27.0,-0.5,-124.3,127.20,ARM_SWING
17000,0.817,-0.658,-0.251,1.079,30.2,8.2,-143.3,146.68,ARM_SWING
17050,0.846,-0.918,-0.329,1.291,-2.3,21.3,-119.9,121.80,ARM_SWING
17100,0.791,-0.818,-0.405,1.208,22.7,9.9,-85.4,88.92,ARM_SWING
17150,0.671,-0.923,-0.423,1.217,39.4,-0.1,-57.5,69.70,ARM_SWING
17200,0.627,-0.830,-0.390,1.111,5.3,-6.1,-19.4,21.02,ARM_SWING
17250,0.702,-0.645,-0.236,0.982,28.0,-2.9,-0.8,28.16,ARM_SWING
17300,0.727,-0.825,-0.370,1.160,-68.5,4.2,41.5,80.20,ARM_SWING
17350,0.810,-0.732,-0.317,1.137,-62.7,16.1,62.3,89.84,ARM_SWING
17400,0.845,-0.696,-0.312,1.138,-69.3,13.5,82.1,108.28,ARM_SWING
17450,0.903,-0.623,-0.306,1.139,-26.0,-16.1,105.1,109.46,ARM_SWING
17500,0.983,-0.566,-0.277,1.168,-24.3,-12.0,109.9,113.19,ARM_SWING
17550,0.979,-0.470,-0.234,1.111,-20.3,-19.6,104.1,107.86,ARM_SWING
17600,0.882,-0.415,-0.203,0.996,-24.8,-2.1,87.3,90.78,ARM_SWING
17650,0.841,-0.362,-0.204,0.938,-21.1,-12.4,67.9,72.18,ARM_SWING
17700,0.769,-0.289,-0.212,0.848,-12.1,-9.2,34.1,37.33,ARM_SWING
17750,0.673,-0.272,-0.217,0.758,-2.9,-4.4,-7.8,9.41,ARM_SWING
17800,0.663,-0.272,-0.248,0.758,13.1,8.8,-56.9,59.05,ARM_SWING
17850,0.715,-0.341,-0.278,0.840,34.5,14.7,-107.3,113.66,ARM_SWING
17900,0.826,-0.443,-0.309,0.987,53.6,16.4,-143.2,153.78,ARM_SWING
17950,0.935,-0.635,-0.347,1.182,81.4,10.3,-157.5,177.59,ARM_SWING
18000,0.977,-0.756,-0.366,1.288,96.6,2.3,-144.9,174.16,ARM_SWING
18050,0.919,-0.815,-0.322,1.270,91.1,-10.4,-113.4,145.83,ARM_SWING
18100,0.851,-0.811,-0.290,1.211,43.7,-13.7,-75.1,87.96,ARM_SWING
18150,0.779,-0.803,-0.268,1.150,8.8,-13.3,-33.0,36.65,ARM_SWING
18200,0.675,-0.929,-0.272,1.180,-43.8,13.9,4.6,46.18,ARM_SWING
18250,0.725,-0.729,-0.266,1.062,-22.2,2.3,28.6,36.28,ARM_SWING
18300,0.764,-0.664,-0.263,1.046,-58.1,5.4,49.1,76.26,ARM_SWING
18350,0.828,-0.643,-0.287,1.087,-41.6,7.7,65.8,78.23,ARM_SWING
18400,0.897,-0.618,-0.283,1.125,-23.0,-0.7,86.1,89.12,ARM_SWING
18450,0.960,-0.574,-0.280,1.153,-30.8,-3.1,103.7,108.22,ARM_SWING
18500,1.016,-0.515,-0.256,1.167,-32.7,-22.2,105.6,112.75,ARM_SWING
18550,0.998,-0.469,-0.249,1.130,-22.7,-25.9,105.7,111.17,ARM_SWING
18600,0.943,-0.420,-0.231,1.058,-18.4,-17.9,100.1,103.34,ARM_SWING
18650,0.852,-0.355,-0.228,0.951,-9.8,-18.6,79.1,81.85,ARM_SWING
18700,0.751,-0.301,-0.232,0.842,-4.9,-14.9,44.1,46.81,ARM_SWING
18750,0.649,-0.254,-0.231,0.734,0.4,-10.7,-2.5,11.00,ARM_SWING
18800,0.620,-0.302,-0.249,0.733,6.1,-2.8,-51.3,51.74,ARM_SWING
18850,0.681,-0.416,-0.274,0.844,18.6,13.7,-100.7,103.32,ARM_SWING
18900,0.756,-0.557,-0.309,0.989,21.0,19.1,-121.6,124.87,ARM_SWING
18950,0.803,-0.633,-0.340,1.078,33.8,29.8,-139.4,146.50,ARM_SWING
19000,0.871,-0.708,-0.401,1.192,39.3,16.0,-137.0,143.42,ARM_SWING
19050,0.887,-0.779,-0.369,1.237,16.7,12.6,-114.0,115.90,ARM_SWING
19100,0.866,-0.773,-0.360,1.215,8.4,8.4,-69.2,70.21,ARM_SWING
19150,0.826,-0.783,-0.335,1.186,-5.1,-1.9,-21.2,21.89,ARM_SWING
19200,0.733,-0.793,-0.322,1.127,-28.2,-1.1,28.0,39.75,ARM_SWING
19250,0.782,-0.601,-0.241,1.015,-54.4,-19.8,57.3,81.45,ARM_SWING
19300,0.817,-0.603,-0.285,1.055,-44.1,0.1,66.3,79.63,ARM_SWING
19350,0.868,-0.581,-0.297,1.086,-34.7,-7.3,79.2,86.78,ARM_SWING
19400,0.905,-0.551,-0.290,1.099,-3.2,-6.7,91.9,92.20,ARM_SWING
19450,0.955,-0.514,-0.325,1.132,-2.8,-15.4,100.7,101.91,ARM_SWING
19500,0.945,-0.461,-0.315,1.098,-11.6,-24.6,100.5,104.12,ARM_SWING
19550,0.882,-0.409,-0.307,1.020,-10.3,-34.1,86.8,93.83,ARM_SWING
19600,0.852,-0.363,-0.284,0.969,-6.5,-33.5,72.5,80.13,ARM_SWING
19650,0.781,-0.306,-0.244,0.874,-0.7,-28.7,38.7,48.19,ARM_SWING
19700,0.684,-0.303,-0.223,0.781,0.0,-17.9,-1.1,17.93,ARM_SWING
19750,0.638,-0.312,-0.215,0.742,0.6,2.3,-47.9,47.96,ARM_SWING
19800,0.680,-0.353,-0.234,0.801,10.9,16.1,-93.7,95.70,ARM_SWING
19850,0.791,-0.440,-0.235,0.935,24.8,18.0,-130.7,134.24,ARM_SWING
19900,0.931,-0.556,-0.289,1.122,32.9,20.6,-149.8,154.75,ARM_SWING
19950,0.996,-0.676,-0.313,1.244,63.5,8.6,-137.9,152.06,ARM_SWING
20000,0.959,-0.779,-0.319,1.276,71.8,0.7,-97.3,120.93,ARM_SWING
20050,0.828,-0.792,-0.344,1.196,46.6,2.8,-58.2,74.61,ARM_SWING
20100,0.717,-0.754,-0.371,1.105,0.9,6.4,-32.0,32.65,ARM_SWING
20150,0.666,-0.768,-0.237,1.044,-24.5,26.0,-19.8,40.84,ARM_SWING
20200,0.766,-0.758,-0.397,1.148,-34.5,6.2,11.8,36.99,ARM_SWING
20250,0.813,-0.701,-0.360,1.132,-51.5,0.7,46.7,69.52,ARM_SWING
20300,0.863,-0.665,-0.339,1.141,-25.1,-4.5,74.3,78.55,ARM_SWING
20350,0.933,-0.608,-0.306,1.155,-18.4,-9.5,93.3,95.57,ARM_SWING
20400,0.986,-0.560,-0.256,1.162,-19.6,-18.1,109.6,112.80,ARM_SWING
20450,0.996,-0.504,-0.231,1.140,-18.1,-25.0,113.8,117.91,ARM_SWING
20500,0.990,-0.456,-0.189,1.106,-26.8,-27.7,109.9,116.46,ARM_SWING
20550,0.974,-0.395,-0.188,1.068,-29.6,-23.1,99.1,105.97,ARM_SWING
20600,0.825,-0.112,-0.163,0.848,-35.1,-12.1,62.8,72.95,ARM_SWING
20650,0.715,0.009,-0.133,0.727,-2.0,-7.8,-8.9,12.00,ARM_SWING
20700,0.736,-0.188,-0.193,0.784,17.5,0.7,-69.6,71.77,ARM_SWING
20750,0.822,-0.338,-0.250,0.923,22.1,14.8,-110.0,113.17,ARM_SWING
20800,0.923,-0.506,-0.332,1.104,37.8,17.9,-137.6,143.82,ARM_SWING
20850,0.957,-0.657,-0.357,1.214,55.2,8.8,-135.8,146.85,ARM_SWING
20900,0.919,-0.706,-0.337,1.207,86.1,-2.5,-115.1,143.76,ARM_SWING
20950,0.882,-0.752,-0.323,1.203,83.9,-6.7,-87.8,121.63,ARM_SWING
21000,0.784,-0.774,-0.299,1.142,48.3,-2.3,-53.4,72.04,ARM_SWING
21050,0.660,-0.720,-0.253,1.009,-7.5,-2.0,-21.5,22.86,ARM_SWING
21100,0.688,-0.746,-0.333,1.068,-28.0,10.0,4.1,30.01,ARM_SWING
21150,0.771,-0.701,-0.389,1.112,-44.1,7.7,25.7,51.62,ARM_SWING
21200,0.761,-0.691,-0.324,1.078,-47.3,5.2,48.5,67.95,ARM_SWING
21250,0.842,-0.658,-0.298,1.109,-27.5,0.4,68.7,74.00,ARM_SWING
21300,0.916,-0.501,-0.253,1.074,-4.3,-3.0,84.5,84.66,ARM_SWING
21350,0.973,-0.565,-0.198,1.142,-12.1,-2.7,100.9,101.66,ARM_SWING
21400,1.008,-0.503,-0.162,1.138,-30.1,-7.1,108.5,112.82,ARM_SWING
21450,0.989,-0.453,-0.152,1.098,-51.5,-2.2,106.8,118.59,ARM_SWING
21500,0.963,-0.380,-0.177,1.050,-56.0,2.8,93.9,109.37,ARM_SWING
21550,0.893,-0.318,-0.219,0.973,-36.0,1.9,71.4,79.98,ARM_SWING
21600,0.784,-0.220,-0.222,0.844,-10.5,-0.2,28.8,30.66,ARM_SWING
21650,0.747,-0.231,-0.237,0.817,12.1,-4.3,-25.2,28.28,ARM_SWING
21700,0.771,-0.305,-0.259,0.869,18.8,-4.1,-68.8,71.44,ARM_SWING
21750,0.807,-0.369,-0.272,0.928,27.5,-0.7,-107.1,110.58,ARM_SWING
21800,0.851,-0.444,-0.260,0.994,42.5,2.8,-136.0,142.51,ARM_SWING
21850,0.931,-0.590,-0.302,1.143,65.1,2.6,-145.5,159.42,ARM_SWING
21900,0.943,-0.715,-0.275,1.215,71.7,-0.1,-129.7,148.20,ARM_SWING
21950,0.892,-0.761,-0.278,1.205,45.5,6.0,-100.1,110.12,ARM_SWING
22000,0.821,-0.753,-0.292,1.152,6.7,9.4,-61.6,62.67,ARM_SWING
22050,0.830,-0.686,-0.262,1.108,-3.1,16.8,-34.7,38.68,ARM_SWING
22100,0.761,-0.670,-0.330,1.066,-66.5,-0.7,10.9,67.39,ARM_SWING
22150,0.774,-0.679,-0.281,1.067,-26.6,-7.8,37.5,46.63,ARM_SWING
22200,0.861,-0.644,-0.286,1.113,-41.0,-7.6,64.1,76.47,ARM_SWING
22250,0.936,-0.628,-0.269,1.159,-4.3,-12.5,90.7,91.66,ARM_SWING
22300,0.977,-0.595,-0.211,1.163,6.3,-12.4,108.5,109.39,ARM_SWING
22350,1.060,-0.537,-0.192,1.204,-14.3,-7.9,118.0,119.13,ARM_SWING
22400,1.045,-0.479,-0.183,1.164,-33.3,-13.0,122.9,127.99,ARM_SWING
22450,1.022,-0.420,-0.222,1.127,-42.7,-11.6,122.7,130.43,ARM_SWING
22500,0.926,-0.329,-0.237,1.011,-40.2,-8.3,107.0,114.60,ARM_SWING
22550,0.767,-0.203,-0.219,0.823,-16.5,-6.7,68.1,70.39,ARM_SWING
22600,0.671,-0.180,-0.235,0.733,5.1,-5.0,7.7,10.50,ARM_SWING
22650,0.666,-0.255,-0.250,0.756,12.0,-0.4,-70.3,71.32,ARM_SWING
22700,0.739,-0.347,-0.272,0.861,19.8,3.3,-101.7,103.66,ARM_SWING
22750,0.849,-0.488,-0.288,1.021,33.3,1.1,-135.6,139.63,ARM_SWING
22800,0.932,-0.582,-0.283,1.135,55.3,-7.0,-149.2,159.27,ARM_SWING
22850,0.946,-0.680,-0.265,1.195,81.2,-15.6,-142.1,164.41,ARM_SWING
22900,0.908,-0.761,-0.231,1.207,83.9,-13.5,-119.2,146.39,ARM_SWING
22950,0.831,-0.812,-0.204,1.180,38.2,3.3,-85.8,93.98,ARM_SWING
23000,0.776,-0.820,-0.239,1.154,-15.8,16.9,-48.0,53.28,ARM_SWING
23050,0.690,-0.872,-0.268,1.144,-48.7,27.1,-16.1,58.01,ARM_SWING
23100,0.768,-0.710,-0.345,1.101,-77.6,16.8,34.5,86.57,ARM_SWING
23150,0.813,-0.668,-0.340,1.106,-55.6,0.7,56.4,79.20,ARM_SWING
23200,0.925,-0.613,-0.329,1.157,-29.8,-14.2,80.1,86.64,ARM_SWING
23250,0.968,-0.576,-0.256,1.155,7.0,-22.2,97.9,100.63,ARM_SWING
23300,0.971,-0.556,-0.201,1.137,0.2,-20.1,111.4,113.20,ARM_SWING
23350,1.029,-0.486,-0.184,1.153,-23.4,-19.5,111.0,115.10,ARM_SWING
23400,0.981,-0.437,-0.192,1.091,-35.7,-22.1,106.4,114.38,ARM_SWING
23450,0.971,-0.376,-0.202,1.061,-30.1,-25.3,94.9,102.72,ARM_SWING
23500,0.858,-0.314,-0.187,0.933,-8.8,-25.5,72.1,76.98,ARM_SWING
23550,0.712,-0.199,-0.178,0.760,1.8,-16.8,26.4,31.34,ARM_SWING
23600,0.646,-0.200,-0.166,0.696,11.6,-4.2,-35.3,37.39,ARM_SWING
23650,0.709,-0.308,-0.220,0.804,17.3,10.3,-86.7,89.01,ARM_SWING
23700,0.803,-0.449,-0.264,0.957,19.2,19.8,-121.1,124.20,ARM_SWING
23750,0.905,-0.564,-0.300,1.108,29.1,26.3,-143.1,148.38,ARM_SWING
23800,0.969,-0.664,-0.329,1.220,49.0,19.0,-142.3,151.69,ARM_SWING
23850,0.941,-0.755,-0.325,1.249,50.4,17.5,-126.0,136.83,ARM_SWING
23900,0.873,-0.824,-0.353,1.251,17.8,22.0,-90.2,94.54,ARM_SWING
23950,0.799,-0.854,-0.354,1.222,-26.1,17.4,-40.6,51.31,ARM_SWING
24000,0.826,-0.815,-0.336,1.208,-45.5,6.5,-13.3,47.85,ARM_SWING
24050,0.760,-0.697,-0.330,1.083,-38.3,-17.5,43.6,60.61,ARM_SWING
24100,0.860,-0.638,-0.313,1.116,6.0,-29.1,65.1,71.56,ARM_SWING
24150,0.905,-0.627,-0.232,1.125,-26.6,-33.9,86.4,96.55,ARM_SWING
24200,0.930,-0.608,-0.219,1.132,-10.6,-28.2,101.9,106.26,ARM_SWING
24250,0.964,-0.546,-0.213,1.128,-29.3,-28.3,113.4,120.49,ARM_SWING
24300,1.004,-0.493,-0.251,1.146,-18.4,-26.1,117.0,121.28,ARM_SWING
24350,1.012,-0.429,-0.275,1.133,-15.9,-25.0,117.1,120.79,ARM_SWING
24400,0.929,-0.313,-0.270,1.017,-13.6,-22.9,98.0,101.55,ARM_SWING
24450,0.771,-0.217,-0.232,0.834,-7.0,-22.8,55.6,60.50,ARM_SWING
24500,0.639,-0.192,-0.203,0.697,0.5,-16.8,5.6,17.72,ARM_SWING
24550,0.616,-0.236,-0.200,0.689,9.3,2.2,-52.5,53.36,ARM_SWING
24600,0.683,-0.378,-0.238,0.816,18.2,21.4,-106.6,110.24,ARM_SWING
24650,0.793,-0.525,-0.293,0.995,21.9,35.9,-140.7,146.85,ARM_SWING
24700,0.893,-0.620,-0.337,1.138,34.7,34.2,-156.5,163.91,ARM_SWING
24750,0.963,-0.680,-0.359,1.232,49.9,25.9,-152.8,162.81,ARM_SWING
24800,0.940,-0.793,-0.336,1.275,41.9,21.7,-122.4,131.18,ARM_SWING
24850,0.882,-0.811,-0.345,1.247,7.4,21.2,-73.3,76.66,ARM_SWING
24900,0.774,-0.822,-0.270,1.161,-6.6,11.7,-17.9,22.38,ARM_SWING
24950,0.834,-0.635,-0.291,1.088,-41.7,11.9,21.2,48.27,ARM_SWING
25000,0.815,-0.630,-0.338,1.084,-11.2,-8.9,52.5,54.41,ARM_SWING
25050,0.910,-0.580,-0.324,1.127,-12.1,-24.5,78.6,83.21,ARM_SWING
25100,0.983,-0.546,-0.280,1.159,-13.0,-37.5,95.9,103.79,ARM_SWING
25150,1.045,-0.507,-0.233,1.185,8.6,-46.2,111.6,121.09,ARM_SWING
25200,1.037,-0.467,-0.217,1.158,3.0,-48.0,121.1,130.30,ARM_SWING
25250,0.974,-0.433,-0.216,1.088,7.9,-42.4,110.9,118.99,ARM_SWING
25300,0.862,-0.237,-0.189,0.914,6.9,-31.2,84.1,89.97,ARM_SWING
25350,0.649,-0.111,-0.173,0.681,21.3,-18.7,26.4,38.73,ARM_SWING
25400,0.607,-0.213,-0.163,0.664,-0.2,-0.4,-33.1,33.10,ARM_SWING
25450,0.714,-0.307,-0.218,0.807,-11.6,27.3,-87.2,92.11,ARM_SWING
25500,0.853,-0.418,-0.274,0.989,-5.1,47.3,-123.8,132.63,ARM_SWING
25550,0.957,-0.528,-0.324,1.140,1.5,53.3,-144.7,154.21,ARM_SWING
25600,1.024,-0.632,-0.404,1.269,3.0,45.9,-138.7,146.13,ARM_SWING
25650,0.988,-0.697,-0.395,1.272,-14.4,34.6,-106.6,113.00,ARM_SWING
25700,0.933,-0.730,-0.381,1.244,-7.2,20.8,-57.2,61.29,ARM_SWING
25750,0.851,-0.727,-0.348,1.172,-23.3,1.4,-7.4,24.49,ARM_SWING
25800,0.813,-0.649,-0.330,1.091,1.1,-15.0,31.8,35.18,ARM_SWING
25850,0.837,-0.655,-0.233,1.088,-12.7,-20.8,53.9,59.15,ARM_SWING
25900,0.884,-0.627,-0.176,1.098,-26.2,-39.4,91.9,103.37,ARM_SWING
25950,0.972,-0.580,-0.244,1.158,-16.3,-38.8,108.7,116.56,ARM_SWING
26000,1.024,-0.525,-0.268,1.182,17.0,-39.3,122.6,129.86,ARM_SWING
26050,0.977,-0.483,-0.266,1.122,20.7,-32.8,126.8,132.60,ARM_SWING
26100,0.929,-0.405,-0.264,1.047,3.7,-24.7,118.1,120.71,ARM_SWING
26150,0.864,-0.308,-0.271,0.956,-23.6,-22.9,89.6,95.44,ARM_SWING
26200,0.745,-0.235,-0.253,0.821,-25.4,-20.5,43.1,54.06,ARM_SWING
26250,0.644,-0.198,-0.253,0.720,-9.8,-13.0,-11.3,19.82,ARM_SWING
26300,0.646,-0.247,-0.254,0.737,3.7,-4.2,-68.6,68.83,ARM_SWING
26350,0.691,-0.327,-0.254,0.806,18.7,8.9,-118.2,120.00,ARM_SWING
26400,0.844,-0.404,-0.301,0.983,38.2,16.8,-163.2,168.45,ARM_SWING
26450,1.015,-0.572,-0.319,1.208,63.7,13.6,-182.8,194.06,ARM_SWING
26500,1.096,-0.737,-0.324,1.360,88.8,-2.1,-158.3,181.52,ARM_SWING
26550,1.011,-0.763,-0.280,1.297,61.7,0.7,-99.5,117.08,ARM_SWING
26600,0.899,-0.768,-0.266,1.212,39.6,0.7,-42.4,58.02,ARM_SWING
26650,0.830,-0.711,-0.125,1.100,24.2,4.4,-9.0,26.19,ARM_SWING
26700,0.723,-0.632,-0.289,1.003,-34.9,3.3,16.2,38.62,ARM_SWING
26750,0.686,-0.656,-0.301,0.996,-22.7,3.7,27.5,35.85,ARM_SWING
26800,0.756,-0.685,-0.306,1.065,-55.0,14.1,49.4,75.26,ARM_SWING
26850,0.854,-0.669,-0.334,1.135,-41.1,12.1,73.2,84.82,ARM_SWING
26900,0.935,-0.662,-0.311,1.187,-30.1,5.8,94.5,99.35,ARM_SWING
26950,0.962,-0.651,-0.293,1.198,-43.4,-2.1,117.1,124.90,ARM_SWING
27000,0.981,-0.624,-0.296,1.200,-52.7,-10.4,128.3,139.09,ARM_SWING
27050,0.997,-0.528,-0.284,1.163,-56.7,-21.0,125.7,139.49,ARM_SWING
27100,0.981,-0.433,-0.248,1.101,-35.0,-31.6,112.9,122.35,ARM_SWING
27150,0.898,-0.379,-0.202,0.995,-10.5,-31.5,94.8,100.45,ARM_SWING
27200,0.789,-0.305,-0.173,0.863,0.6,-22.1,64.4,68.09,ARM_SWING
27250,0.674,-0.244,-0.165,0.736,0.0,-10.6,18.6,21.41,ARM_SWING
27300,0.637,-0.247,-0.184,0.708,-8.8,0.2,-38.7,39.69,ARM_SWING
27350,0.689,-0.316,-0.242,0.796,-0.5,11.4,-88.7,89.43,ARM_SWING
27400,0.781,-0.431,-0.292,0.939,15.1,21.7,-129.3,131.97,ARM_SWING
27450,0.881,-0.529,-0.330,1.079,36.1,23.9,-154.0,159.97,ARM_SWING
27500,0.942,-0.629,-0.351,1.186,61.6,19.7,-160.4,172.95,ARM_SWING
27550,0.968,-0.773,-0.360,1.290,79.1,5.6,-145.3,165.53,ARM_SWING
27600,0.924,-0.844,-0.350,1.299,59.5,6.4,-102.2,118.43,ARM_SWING
27650,0.813,-0.832,-0.329,1.209,52.9,-2.6,-51.7,74.01,ARM_SWING
27700,0.746,-0.686,-0.329,1.066,12.7,-3.9,-22.1,25.79,ARM_SWING
27750,0.708,-0.725,-0.380,1.082,-23.3,-5.1,11.8,26.61,ARM_SWING
27800,0.740,-0.707,-0.336,1.077,-52.0,6.5,36.6,63.92,ARM_SWING
27850,0.849,-0.690,-0.360,1.152,-46.9,0.4,62.8,78.38,ARM_SWING
27900,0.952,-0.684,-0.346,1.222,-19.4,-7.9,93.4,95.72,ARM_SWING
27950,1.005,-0.618,-0.311,1.220,-1.2,-16.1,116.6,117.71,ARM_SWING
28000,1.021,-0.545,-0.290,1.193,-13.2,-25.9,129.5,132.72,ARM_SWING
28050,0.991,-0.457,-0.244,1.118,-20.5,-34.5,126.2,132.43,ARM_SWING
28100,0.924,-0.393,-0.236,1.031,-27.7,-35.9,111.1,120.00,ARM_SWING
28150,0.819,-0.339,-0.186,0.906,-44.5,-20.6,81.2,94.86,ARM_SWING
28200,0.718,-0.211,-0.188,0.772,-24.4,-6.5,37.0,44.80,ARM_SWING
28250,0.682,-0.243,-0.232,0.760,-3.9,0.1,-17.9,18.32,ARM_SWING
28300,0.712,-0.271,-0.253,0.803,-6.3,8.4,-67.0,67.82,ARM_SWING
28350,0.777,-0.320,-0.296,0.891,12.0,17.5,-110.0,112.03,ARM_SWING
28400,0.867,-0.459,-0.321,1.032,35.2,17.2,-141.1,146.44,ARM_SWING
28450,0.903,-0.609,-0.328,1.137,55.2,16.6,-144.5,155.57,ARM_SWING
28500,0.906,-0.704,-0.375,1.207,57.5,17.4,-133.8,146.67,ARM_SWING
28550,0.897,-0.848,-0.352,1.284,43.3,13.5,-98.5,108.44,ARM_SWING
28600,0.847,-0.867,-0.396,1.275,23.5,7.9,-50.6,56.35,ARM_SWING
28650,0.722,-0.713,-0.328,1.066,12.8,3.7,-11.5,17.60,ARM_SWING
28700,0.651,-0.742,-0.399,1.065,-23.3,7.6,18.6,30.77,ARM_SWING
28750,0.711,-0.703,-0.350,1.059,-68.3,8.5,42.0,80.63,ARM_SWING
28800,0.812,-0.686,-0.352,1.120,-49.8,-0.4,58.4,76.75,ARM_SWING
28850,0.897,-0.649,-0.328,1.155,-17.9,-6.0,78.7,80.93,ARM_SWING
28900,1.006,-0.603,-0.335,1.220,2.3,-11.2,102.2,102.84,ARM_SWING
28950,1.076,-0.513,-0.285,1.226,-9.5,-17.6,120.7,122.35,ARM_SWING
29000,1.072,-0.383,-0.215,1.158,-17.1,-32.3,119.2,124.68,ARM_SWING
29050,0.907,-0.329,-0.170,0.980,-22.3,-34.3,103.2,111.01,ARM_SWING
29100,0.787,-0.293,-0.183,0.859,-23.6,-20.4,67.2,74.09,ARM_SWING
29150,0.676,-0.227,-0.171,0.733,-7.4,-13.5,16.3,22.42,ARM_SWING
29200,0.637,-0.257,-0.199,0.715,9.7,-6.3,-36.1,37.91,ARM_SWING
29250,0.694,-0.328,-0.235,0.803,18.3,5.5,-87.5,89.56,ARM_SWING
29300,0.781,-0.431,-0.279,0.935,29.0,16.2,-142.6,146.42,ARM_SWING
29350,0.886,-0.545,-0.320,1.088,41.6,22.4,-144.0,151.55,ARM_SWING
29400,0.985,-0.612,-0.335,1.207,56.0,16.4,-143.7,155.10,ARM_SWING
29450,0.979,-0.727,-0.352,1.269,57.0,6.5,-121.6,134.45,ARM_SWING
29500,0.891,-0.750,-0.307,1.204,47.6,1.3,-81.9,94.74,ARM_SWING
29550,0.805,-0.873,-0.310,1.227,23.6,1.0,-43.1,49.15,ARM_SWING
29600,0.714,-0.800,-0.318,1.118,-19.8,4.0,-16.1,25.83,ARM_SWING
29650,0.771,-0.699,-0.291,1.081,-46.9,-8.8,22.1,52.59,ARM_SWING
29700,0.803,-0.665,-0.318,1.090,-34.3,0.2,40.3,52.92,ARM_SWING
29750,0.869,-0.641,-0.288,1.118,-24.8,-2.7,67.6,72.06,ARM_SWING
29800,0.902,-0.616,-0.275,1.126,-1.4,-3.0,91.1,91.16,ARM_SWING
29850,0.929,-0.559,-0.245,1.112,-7.1,0.4,104.5,104.74,ARM_SWING
29900,0.986,-0.491,-0.227,1.125,-23.8,-11.5,106.3,109.54,ARM_SWING
29950,1.011,-0.453,-0.203,1.126,-33.8,-19.5,100.1,107.44,ARM_SWING
Recording stopped

Samples dumped: 600
