
Recording started
time,accelX,accelY,accelZ,accelMagnitude,gyroX,gyroY,gyroZ,gyroMagnitude,activity
0,1.016,-0.840,-0.437,1.389,43.6,12.2,-137.8,145.05,ARM_SWING
50,0.894,-0.941,-0.397,1.357,55.5,4.0,-111.8,124.88,ARM_SWING
100,0.748,-0.974,-0.416,1.297,31.7,3.9,-80.7,86.79,ARM_SWING
150,0.687,-1.047,-0.438,1.327,126.9,25.2,-63.3,144.03,ARM_SWING
200,0.657,-0.924,-0.364,1.191,-1.8,-7.0,-4.3,8.41,ARM_SWING
250,0.702,-0.890,-0.373,1.193,-77.2,-24.6,30.4,86.54,ARM_SWING
300,0.790,-0.885,-0.372,1.243,-36.8,-24.9,63.0,77.09,ARM_SWING
350,0.883,-0.931,-0.434,1.355,34.3,-27.6,99.9,109.17,ARM_SWING
400,0.994,-0.954,-0.409,1.437,-3.5,-38.8,136.3,141.76,ARM_SWING
450,1.039,-0.898,-0.433,1.440,3.3,-54.6,167.7,176.40,ARM_SWING
500,0.945,-0.929,-0.385,1.380,-31.7,-44.3,177.9,186.05,ARM_SWING
550,0.935,-0.809,-0.359,1.287,-37.5,-40.6,169.4,178.19,ARM_SWING
600,0.836,-0.767,-0.352,1.188,-15.3,-40.2,164.4,169.93,ARM_SWING
650,0.703,-0.669,-0.304,1.017,-14.6,-35.2,147.9,152.73,ARM_SWING
700,0.567,-0.519,-0.258,0.811,7.4,-31.2,124.3,128.37,ARM_SWING
750,0.494,-0.449,-0.175,0.690,1.1,-23.3,100.5,103.17,ARM_SWING
800,0.447,-0.188,-0.143,0.506,-63.7,-11.7,68.8,94.49,ARM_SWING
850,0.314,-0.066,-0.107,0.338,-80.9,-0.9,5.7,81.11,ARM_SWING
900,0.316,-0.188,-0.166,0.403,-67.2,27.1,-67.4,98.96,ARM_SWING
950,0.411,-0.462,-0.320,0.696,-3.8,37.4,-109.2,115.49,ARM_SWING
1000,0.560,-0.664,-0.303,0.920,45.4,67.8,-143.7,165.25,ARM_SWING
1050,0.705,-0.764,-0.356,1.099,70.9,65.3,-161.0,187.65,ARM_SWING
1100,0.765,-0.736,-0.293,1.101,57.9,82.7,-178.7,205.24,ARM_SWING
1150,0.927,-0.867,-0.535,1.377,55.0,76.1,-189.2,211.22,ARM_SWING
1200,1.060,-0.998,-0.450,1.524,72.1,41.1,-182.2,200.21,ARM_SWING
1250,0.985,-1.142,-0.439,1.571,68.4,26.6,-143.2,160.91,ARM_SWING
1300,0.844,-1.058,-0.477,1.435,-11.1,44.8,-93.4,104.18,ARM_SWING
1350,0.771,-0.852,-0.531,1.266,-19.8,28.3,-55.7,65.54,ARM_SWING
1400,0.710,-0.834,-0.655,1.276,160.7,-0.4,-35.3,164.53,ARM_SWING
1450,0.689,-0.768,-0.444,1.123,50.2,-32.5,16.0,61.91,ARM_SWING
1500,0.742,-0.852,-0.435,1.211,-22.7,-44.4,45.9,67.78,ARM_SWING
1550,0.808,-0.849,-0.430,1.248,-51.8,-36.4,71.3,95.35,ARM_SWING
1600,0.885,-0.906,-0.384,1.323,30.8,-38.7,97.5,109.33,ARM_SWING
1650,0.978,-1.024,-0.363,1.462,-1.0,-48.2,140.6,148.64,ARM_SWING
1700,0.975,-0.901,-0.395,1.385,-26.4,-41.5,165.7,172.85,ARM_SWING
1750,0.937,-0.911,-0.411,1.370,-30.2,-42.6,179.9,187.33,ARM_SWING
1800,0.875,-0.803,-0.340,1.235,-29.8,-44.0,178.2,185.96,ARM_SWING
1850,0.724,-0.678,-0.341,1.049,-15.1,-43.8,157.5,164.17,ARM_SWING
1900,0.643,-0.562,-0.256,0.892,-7.9,-45.0,133.7,141.29,ARM_SWING
1950,0.549,-0.475,-0.260,0.771,10.9,-31.0,107.7,112.60,ARM_SWING
2000,0.435,-0.328,-0.200,0.580,-18.4,-23.5,67.8,74.08,ARM_SWING
2050,0.355,-0.253,-0.164,0.466,-56.2,-14.2,25.1,63.17,ARM_SWING
2100,0.334,-0.238,-0.133,0.431,-78.2,19.0,-25.1,84.30,ARM_SWING
2150,0.393,-0.291,-0.293,0.570,-55.0,38.4,-66.0,94.10,ARM_SWING
2200,0.466,-0.486,-0.268,0.725,7.4,57.1,-111.5,125.49,ARM_SWING
2250,0.575,-0.672,-0.402,0.972,69.0,56.9,-141.8,167.65,ARM_SWING
2300,0.691,-0.781,-0.450,1.136,104.5,46.2,-156.3,193.61,ARM_SWING
2350,0.791,-0.858,-0.338,1.215,101.7,44.6,-170.6,203.56,ARM_SWING
2400,0.877,-0.903,-0.308,1.296,71.0,39.5,-182.2,199.49,ARM_SWING
2450,0.947,-0.952,-0.349,1.387,34.7,41.7,-176.2,184.36,ARM_SWING
2500,0.973,-0.925,-0.415,1.405,10.2,35.1,-152.7,157.01,ARM_SWING
2550,0.922,-1.006,-0.526,1.462,27.4,18.9,-108.2,113.20,ARM_SWING
2600,0.736,-0.905,-0.712,1.367,-23.5,-40.9,-27.3,54.50,ARM_SWING
2650,0.593,-0.931,-0.332,1.153,34.7,6.4,-6.3,35.84,ARM_SWING
2700,0.614,-0.955,-0.403,1.205,35.9,-39.2,39.6,66.28,ARM_SWING
2750,0.680,-0.982,-0.382,1.254,-42.2,-47.2,69.0,93.65,ARM_SWING
2800,0.789,-1.003,-0.386,1.333,-10.3,-26.4,97.5,101.53,ARM_SWING
2850,0.891,-1.002,-0.360,1.388,16.5,-30.3,131.4,135.85,ARM_SWING
2900,0.922,-0.954,-0.323,1.365,-25.1,-29.5,154.4,159.18,ARM_SWING
2950,0.883,-0.915,-0.316,1.310,-47.0,-25.0,166.4,174.71,ARM_SWING
3000,0.865,-0.772,-0.297,1.197,-52.2,-19.6,160.3,169.72,ARM_SWING
3050,0.805,-0.732,-0.279,1.123,-32.4,-24.5,151.4,156.75,ARM_SWING
3100,0.712,-0.622,-0.270,0.983,-31.6,-16.6,134.6,139.25,ARM_SWING
3150,0.615,-0.521,-0.267,0.849,1.6,-18.6,117.6,119.07,ARM_SWING
3200,0.506,-0.462,-0.231,0.723,5.2,-14.9,87.5,88.91,ARM_SWING
3250,0.453,-0.351,-0.216,0.612,-49.9,-8.7,55.3,74.99,ARM_SWING
3300,0.366,-0.295,-0.173,0.501,-73.1,7.2,15.2,75.01,ARM_SWING
3350,0.349,-0.300,-0.260,0.529,-77.0,33.8,-36.3,91.59,ARM_SWING
3400,0.399,-0.362,-0.327,0.630,-20.6,45.7,-84.7,98.42,ARM_SWING
3450,0.478,-0.554,-0.411,0.839,55.3,53.6,-121.5,143.85,ARM_SWING
3500,0.602,-0.724,-0.440,1.039,94.2,53.8,-150.6,185.60,ARM_SWING
3550,0.714,-0.805,-0.354,1.133,101.2,52.7,-166.1,201.51,ARM_SWING
3600,0.804,-0.864,-0.355,1.232,94.6,26.1,-170.1,196.38,ARM_SWING
3650,0.867,-0.894,-0.348,1.293,76.9,8.6,-170.4,187.15,ARM_SWING
3700,0.919,-0.996,-0.308,1.390,38.0,9.2,-159.7,164.42,ARM_SWING
3750,0.894,-1.058,-0.342,1.427,3.4,20.5,-122.5,124.25,ARM_SWING
3800,0.806,-0.966,-0.460,1.340,9.3,18.9,-75.1,78.00,ARM_SWING
3850,0.741,-0.958,-0.518,1.317,-94.8,61.2,-42.3,120.51,ARM_SWING
3900,0.692,-0.952,-0.481,1.271,48.5,-14.8,13.4,52.45,ARM_SWING
3950,0.718,-0.892,-0.365,1.202,-61.7,-29.9,52.0,86.05,ARM_SWING
4000,0.784,-0.854,-0.347,1.210,-52.1,-27.6,76.7,96.74,ARM_SWING
4050,0.843,-0.855,-0.340,1.248,19.1,-24.3,98.1,102.85,ARM_SWING
4100,0.876,-0.863,-0.312,1.269,-10.7,-26.8,119.2,122.64,ARM_SWING
4150,0.885,-0.853,-0.294,1.264,-33.2,-27.7,140.9,147.38,ARM_SWING
4200,0.854,-0.800,-0.289,1.205,-54.0,-16.8,151.4,161.62,ARM_SWING
4250,0.820,-0.757,-0.290,1.153,-44.5,-22.7,152.6,160.57,ARM_SWING
4300,0.720,-0.698,-0.247,1.033,-31.5,-23.5,146.0,151.20,ARM_SWING
4350,0.629,-0.599,-0.244,0.902,-20.5,-15.1,119.5,122.18,ARM_SWING
4400,0.539,-0.508,-0.266,0.787,-8.6,-12.2,93.0,94.19,ARM_SWING
4450,0.478,-0.413,-0.306,0.702,-32.2,-2.7,53.7,62.67,ARM_SWING
4500,0.449,-0.363,-0.272,0.638,-51.1,-0.3,16.9,53.82,ARM_SWING
4550,0.421,-0.330,-0.258,0.594,-53.3,7.9,-24.1,59.03,ARM_SWING
4600,0.451,-0.360,-0.238,0.624,-27.8,29.1,-65.1,76.54,ARM_SWING
4650,0.499,-0.488,-0.365,0.788,26.1,49.7,-103.2,117.48,ARM_SWING
4700,0.745,-0.583,-0.340,1.005,66.6,47.5,-138.2,160.60,ARM_SWING
4750,0.733,-0.765,-0.394,1.130,82.7,41.7,-144.5,171.63,ARM_SWING
4800,0.787,-0.789,-0.352,1.169,73.5,25.4,-145.4,164.89,ARM_SWING
4850,0.845,-0.780,-0.323,1.194,63.5,13.7,-147.9,161.54,ARM_SWING
4900,0.907,-0.789,-0.290,1.237,45.1,10.7,-148.2,155.28,ARM_SWING
4950,0.929,-0.839,-0.320,1.292,35.8,3.0,-124.1,129.20,ARM_SWING
5000,0.903,-0.812,-0.329,1.258,51.6,-8.0,-97.3,110.43,ARM_SWING
5050,0.794,-0.886,-0.346,1.239,38.6,-0.7,-63.5,74.31,ARM_SWING
5100,0.677,-0.818,-0.456,1.156,-100.2,38.6,-31.1,111.79,ARM_SWING
5150,0.762,-0.790,-0.506,1.209,22.6,-7.7,8.9,25.48,ARM_SWING
5200,0.770,-0.758,-0.395,1.150,-58.7,-20.4,34.9,71.27,ARM_SWING
5250,0.804,-0.810,-0.451,1.227,-35.6,-22.7,61.6,74.68,ARM_SWING
5300,0.815,-0.891,-0.455,1.290,40.3,-23.8,94.7,105.63,ARM_SWING
5350,0.880,-0.925,-0.397,1.337,8.0,-29.7,124.8,128.53,ARM_SWING
5400,0.934,-0.939,-0.329,1.365,-14.7,-38.0,152.3,157.66,ARM_SWING
5450,0.905,-0.878,-0.285,1.293,-39.9,-50.4,166.5,178.48,ARM_SWING
5500,0.816,-0.842,-0.226,1.194,-43.1,-34.1,168.0,176.76,ARM_SWING
5550,0.742,-0.753,-0.216,1.079,-40.0,-21.1,160.3,166.56,ARM_SWING
5600,0.642,-0.607,-0.217,0.910,-28.2,-20.3,140.9,145.12,ARM_SWING
5650,0.562,-0.528,-0.250,0.811,0.6,-17.2,116.7,117.96,ARM_SWING
5700,0.481,-0.470,-0.243,0.715,-9.5,-10.7,79.1,80.38,ARM_SWING
5750,0.449,-0.377,-0.267,0.644,-49.0,-2.9,50.6,70.50,ARM_SWING
5800,0.406,-0.325,-0.235,0.571,-64.1,11.1,5.1,65.25,ARM_SWING
5850,0.411,-0.296,-0.276,0.577,-55.7,31.9,-42.4,76.93,ARM_SWING
5900,0.465,-0.342,-0.290,0.646,-11.3,50.4,-91.1,104.72,ARM_SWING
5950,0.580,-0.454,-0.429,0.852,44.7,56.7,-135.6,153.62,ARM_SWING
6000,0.752,-0.605,-0.386,1.039,79.0,43.0,-171.4,193.57,ARM_SWING
6050,0.866,-0.757,-0.318,1.193,106.6,23.1,-187.6,217.00,ARM_SWING
6100,0.953,-0.888,-0.279,1.332,87.0,27.3,-197.8,217.81,ARM_SWING
6150,1.012,-0.962,-0.296,1.427,39.6,27.3,-181.8,188.06,ARM_SWING
6200,0.998,-0.888,-0.310,1.371,25.4,31.4,-146.3,151.77,ARM_SWING
6250,0.908,-0.939,-0.374,1.359,26.6,22.6,-113.9,119.13,ARM_SWING
6300,0.803,-0.937,-0.423,1.304,25.2,11.0,-71.4,76.51,ARM_SWING
6350,0.777,-0.975,-0.410,1.312,54.2,22.4,-52.6,78.78,ARM_SWING
6400,0.703,-0.928,-0.431,1.241,43.1,-31.5,12.6,54.85,ARM_SWING
6450,0.752,-0.880,-0.412,1.229,-61.9,-30.8,50.6,85.68,ARM_SWING
6500,0.821,-0.832,-0.387,1.231,-44.4,-30.8,80.3,96.79,ARM_SWING
6550,0.895,-0.892,-0.378,1.319,29.0,-28.5,109.9,117.18,ARM_SWING
6600,0.956,-0.916,-0.375,1.376,-9.5,-31.2,149.3,152.82,ARM_SWING
6650,0.949,-0.919,-0.367,1.371,-25.1,-33.3,163.4,168.64,ARM_SWING
6700,0.930,-0.895,-0.331,1.332,-45.9,-34.6,169.6,179.08,ARM_SWING
6750,0.854,-0.810,-0.350,1.228,-37.3,-33.1,173.5,180.52,ARM_SWING
6800,0.801,-0.717,-0.299,1.116,-26.8,-30.5,168.0,172.84,ARM_SWING
6850,0.720,-0.577,-0.231,0.951,-9.4,-33.9,146.9,151.05,ARM_SWING
6900,0.608,-0.462,-0.208,0.791,10.5,-17.9,116.6,118.43,ARM_SWING
6950,0.469,-0.367,-0.220,0.635,-5.8,-16.8,81.5,83.42,ARM_SWING
7000,0.394,-0.276,-0.174,0.512,-57.6,-10.6,33.9,67.67,ARM_SWING
7050,0.362,-0.289,-0.135,0.482,-81.1,11.9,-18.1,83.94,ARM_SWING
7100,0.405,-0.325,-0.261,0.581,-71.7,41.7,-60.9,102.90,ARM_SWING
7150,0.476,-0.432,-0.299,0.709,-8.8,54.4,-100.4,114.53,ARM_SWING
7200,0.623,-0.546,-0.427,0.932,59.0,66.6,-135.7,162.27,ARM_SWING
7250,0.733,-0.711,-0.433,1.109,91.2,53.7,-162.6,194.01,ARM_SWING
7300,0.842,-0.834,-0.451,1.268,119.7,36.4,-174.6,214.80,ARM_SWING
7350,0.891,-0.891,-0.367,1.312,133.2,21.0,-182.6,226.99,ARM_SWING
7400,0.925,-0.970,-0.355,1.387,111.8,-6.5,-168.3,202.15,ARM_SWING
7450,0.884,-1.034,-0.327,1.399,56.7,-13.0,-134.1,146.17,ARM_SWING
7500,0.813,-1.056,-0.336,1.374,6.5,-1.5,-91.3,91.54,ARM_SWING
7550,0.738,-1.000,-0.344,1.290,-9.0,-15.4,-33.6,38.04,ARM_SWING
7600,0.638,-0.919,-0.368,1.178,39.6,-2.8,-28.7,48.99,ARM_SWING
7650,0.708,-0.827,-0.254,1.118,30.4,-25.0,14.7,42.01,ARM_SWING
7700,0.748,-0.864,-0.294,1.180,-71.8,-21.1,40.6,85.14,ARM_SWING
7750,0.788,-0.899,-0.388,1.257,-32.7,-12.5,68.0,76.48,ARM_SWING
7800,0.832,-0.998,-0.402,1.360,26.1,-20.7,108.3,113.31,ARM_SWING
7850,0.924,-1.013,-0.387,1.425,-27.7,-23.6,151.6,155.91,ARM_SWING
7900,0.935,-0.927,-0.374,1.369,-42.9,-34.0,175.0,183.36,ARM_SWING
7950,0.894,-0.900,-0.351,1.316,-51.1,-40.3,179.6,191.03,ARM_SWING
8000,0.779,-0.774,-0.302,1.139,-61.2,-27.0,171.9,184.46,ARM_SWING
8050,0.650,-0.664,-0.327,0.985,-44.2,-16.4,147.3,154.66,ARM_SWING
8100,0.563,-0.594,-0.263,0.860,-27.6,-25.5,123.6,129.19,ARM_SWING
8150,0.514,-0.510,-0.267,0.772,5.7,-27.7,96.3,100.37,ARM_SWING
8200,0.457,-0.408,-0.198,0.644,-25.6,-19.5,66.8,74.15,ARM_SWING
8250,0.369,-0.341,-0.180,0.534,-61.1,-6.7,30.3,68.53,ARM_SWING
8300,0.337,-0.302,-0.178,0.486,-72.6,20.6,-14.2,76.79,ARM_SWING
8350,0.359,-0.338,-0.302,0.578,-36.2,40.2,-53.9,76.37,ARM_SWING
8400,0.436,-0.455,-0.379,0.735,34.6,45.9,-98.9,114.39,ARM_SWING
8450,0.550,-0.587,-0.466,0.930,93.9,40.8,-129.6,165.16,ARM_SWING
8500,0.709,-0.721,-0.356,1.072,105.5,37.3,-151.4,188.26,ARM_SWING
8550,0.761,-0.843,-0.477,1.232,100.4,43.6,-165.2,198.17,ARM_SWING
8600,0.846,-0.898,-0.386,1.293,78.1,21.9,-176.1,193.88,ARM_SWING
8650,0.852,-1.007,-0.378,1.372,63.5,2.5,-164.2,176.07,ARM_SWING
8700,0.860,-1.087,-0.412,1.446,27.9,-1.2,-134.3,137.17,ARM_SWING
8750,0.807,-0.968,-0.339,1.305,7.6,-3.2,-99.0,99.34,ARM_SWING
8800,0.746,-0.923,-0.335,1.233,10.2,-4.2,-67.2,68.10,ARM_SWING
8850,0.779,-0.862,-0.513,1.270,-68.1,28.5,-35.4,81.87,ARM_SWING
8900,0.709,-0.906,-0.453,1.236,49.1,-20.3,14.7,55.13,ARM_SWING
8950,0.694,-0.987,-0.417,1.277,-42.8,-21.1,55.0,72.82,ARM_SWING
9000,0.735,-0.951,-0.409,1.270,-54.3,-10.5,86.6,102.75,ARM_SWING
9050,0.808,-0.928,-0.397,1.293,4.9,-15.7,112.7,113.89,ARM_SWING
9100,0.874,-0.952,-0.373,1.345,-23.4,-23.2,140.1,143.92,ARM_SWING
9150,0.883,-0.885,-0.367,1.303,-44.3,-24.2,156.4,164.34,ARM_SWING
9200,0.853,-0.834,-0.346,1.242,-45.7,-33.7,160.0,169.78,ARM_SWING
9250,0.770,-0.772,-0.312,1.134,-38.4,-31.9,155.0,162.84,ARM_SWING
9300,0.685,-0.720,-0.318,1.043,-21.7,-29.8,148.4,152.91,ARM_SWING
9350,0.573,-0.661,-0.290,0.922,-10.4,-17.3,131.0,132.55,ARM_SWING
9400,0.476,-0.524,-0.245,0.749,-12.7,-18.3,108.5,110.76,ARM_SWING
9450,0.379,-0.403,-0.235,0.601,-46.0,-14.6,73.4,87.84,ARM_SWING
9500,0.301,-0.313,-0.212,0.483,-60.9,2.0,28.3,67.18,ARM_SWING
9550,0.287,-0.305,-0.289,0.509,-50.1,22.5,-17.5,57.64,ARM_SWING
9600,0.323,-0.366,-0.372,0.614,2.4,30.9,-61.8,69.14,ARM_SWING
9650,0.392,-0.490,-0.467,0.782,80.5,25.4,-98.9,130.03,ARM_SWING
9700,0.446,-0.687,-0.467,0.943,112.9,6.2,-126.6,169.74,ARM_SWING
9750,0.537,-0.823,-0.446,1.079,104.3,-1.1,-141.8,176.03,ARM_SWING
9800,0.632,-0.920,-0.275,1.150,60.5,-1.6,-152.3,163.88,ARM_SWING
9850,0.686,-0.918,-0.188,1.161,16.1,8.9,-144.4,145.57,ARM_SWING
9900,0.730,-0.938,-0.219,1.209,-26.5,17.5,-136.7,140.34,ARM_SWING
9950,0.791,-0.871,-0.282,1.210,-19.8,26.8,-130.4,134.59,ARM_SWING
10000,0.790,-0.832,-0.289,1.183,7.0,28.3,-117.3,120.87,ARM_SWING
10050,0.803,-0.822,-0.355,1.203,5.8,34.3,-104.3,109.95,ARM_SWING
10100,0.795,-0.825,-0.432,1.224,4.6,26.0,-79.5,83.77,ARM_SWING
10150,0.682,-0.856,-0.448,1.183,-62.3,49.6,-34.8,86.91,ARM_SWING
10200,0.785,-0.840,-0.763,1.380,40.1,-1.2,13.0,42.17,ARM_SWING
10250,0.727,-0.824,-0.534,1.222,-25.1,-2.9,38.8,46.30,ARM_SWING
10300,0.772,-0.882,-0.550,1.295,3.2,-22.6,65.5,69.36,ARM_SWING
10350,0.825,-0.932,-0.472,1.331,-2.5,-35.9,98.9,105.24,ARM_SWING
10400,0.896,-0.980,-0.418,1.392,3.3,-34.9,131.4,136.00,ARM_SWING
10450,0.940,-0.973,-0.340,1.395,-13.8,-48.5,152.0,160.15,ARM_SWING
10500,0.930,-0.919,-0.259,1.333,-25.4,-50.7,164.5,174.00,ARM_SWING
10550,0.855,-0.775,-0.187,1.169,-33.8,-46.6,167.1,176.74,ARM_SWING
10600,0.754,-0.627,-0.153,0.992,-37.1,-34.3,144.4,152.98,ARM_SWING
10650,0.648,-0.485,-0.128,0.819,-29.6,-18.9,122.5,127.43,ARM_SWING
10700,0.544,-0.371,-0.131,0.671,-10.1,-7.9,96.6,97.45,ARM_SWING
10750,0.436,-0.299,-0.174,0.557,-47.1,-2.3,50.5,69.09,ARM_SWING
10800,0.386,-0.280,-0.217,0.524,-80.7,12.4,4.2,81.76,ARM_SWING
10850,0.398,-0.321,-0.358,0.624,-78.7,24.0,-38.5,90.84,ARM_SWING
10900,0.452,-0.439,-0.378,0.735,-15.4,32.6,-87.0,94.17,ARM_SWING
10950,0.572,-0.549,-0.506,0.941,44.9,50.6,-111.3,130.25,ARM_SWING
11000,0.610,-0.650,-0.389,0.973,69.5,44.5,-137.6,160.45,ARM_SWING
11050,0.722,-0.740,-0.553,1.172,98.2,48.8,-153.5,188.64,ARM_SWING
11100,0.749,-0.812,-0.410,1.178,118.4,18.5,-163.6,202.79,ARM_SWING
11150,0.840,-0.912,-0.366,1.293,114.2,-6.0,-147.8,186.88,ARM_SWING
11200,0.831,-0.943,-0.288,1.289,53.7,12.3,-136.5,147.20,ARM_SWING
11250,0.817,-0.880,-0.372,1.257,8.4,21.2,-110.7,113.02,ARM_SWING
11300,0.783,-0.819,-0.411,1.205,18.2,2.8,-88.5,90.40,ARM_SWING
11350,0.914,-0.769,-0.617,1.344,24.8,-2.1,-74.9,78.93,ARM_SWING
11400,0.706,-0.919,-0.373,1.217,44.0,-21.7,-16.5,51.76,ARM_SWING
11450,0.741,-0.893,-0.333,1.207,-52.7,-23.3,27.1,63.68,ARM_SWING
11500,0.740,-0.922,-0.354,1.234,-17.4,-22.1,59.8,66.08,ARM_SWING
11550,0.773,-0.984,-0.344,1.298,18.9,-13.8,95.6,98.42,ARM_SWING
11600,0.849,-1.016,-0.313,1.361,-10.1,-19.8,139.0,140.77,ARM_SWING
11650,0.896,-0.955,-0.297,1.343,-44.8,-28.1,167.7,175.84,ARM_SWING
11700,0.907,-0.909,-0.308,1.321,-67.2,-29.1,178.6,193.03,ARM_SWING
11750,0.849,-0.811,-0.298,1.211,-54.8,-21.6,178.3,187.78,ARM_SWING
11800,0.768,-0.702,-0.320,1.089,-24.9,-25.4,163.2,167.03,ARM_SWING
11850,0.604,-0.563,-0.240,0.860,-7.7,-21.8,139.5,141.40,ARM_SWING
11900,0.487,-0.461,-0.244,0.714,9.9,-7.9,101.2,101.99,ARM_SWING
11950,0.426,-0.386,-0.253,0.628,-5.2,1.1,59.5,59.74,ARM_SWING
12000,0.399,-0.347,-0.215,0.571,-50.9,11.7,17.9,55.21,ARM_SWING
12050,0.408,-0.329,-0.284,0.596,-64.3,31.9,-29.9,77.76,ARM_SWING
12100,0.458,-0.387,-0.302,0.671,-35.1,35.9,-75.4,90.59,ARM_SWING
12150,0.577,-0.465,-0.451,0.867,22.1,53.7,-115.0,128.83,ARM_SWING
12200,0.650,-0.575,-0.388,0.951,73.1,32.4,-145.8,166.29,ARM_SWING
12250,0.760,-0.707,-0.397,1.111,107.3,16.6,-169.1,200.96,ARM_SWING
12300,0.823,-0.864,-0.285,1.227,119.4,-7.2,-169.2,207.21,ARM_SWING
12350,0.888,-0.933,-0.266,1.315,105.2,-13.4,-159.4,191.45,ARM_SWING
12400,0.858,-0.998,-0.162,1.326,49.3,-9.5,-147.7,156.00,ARM_SWING
12450,0.839,-0.996,-0.242,1.325,-19.2,6.0,-120.5,122.17,ARM_SWING
12500,0.802,-0.886,-0.252,1.221,-49.7,33.5,-89.8,107.96,ARM_SWING
12550,0.806,-0.758,-0.420,1.183,-29.8,30.2,-58.5,72.27,ARM_SWING
12600,0.837,-0.753,-0.393,1.192,6.5,18.4,-36.7,41.57,ARM_SWING
12650,0.722,-0.776,-0.449,1.151,35.0,-29.2,10.9,46.87,ARM_SWING
12700,0.757,-0.877,-0.437,1.238,-47.6,-11.8,34.7,60.08,ARM_SWING
12750,0.812,-0.896,-0.436,1.285,-66.7,-16.7,71.8,99.41,ARM_SWING
12800,0.854,-0.891,-0.443,1.311,23.3,-34.9,110.0,117.73,ARM_SWING
12850,0.915,-0.957,-0.386,1.379,8.4,-39.4,140.1,145.78,ARM_SWING
12900,0.963,-0.925,-0.400,1.394,-15.2,-42.0,166.1,172.00,ARM_SWING
12950,0.941,-0.871,-0.346,1.328,-30.5,-44.1,175.0,183.03,ARM_SWING
13000,0.849,-0.789,-0.274,1.191,-35.6,-37.9,171.7,179.40,ARM_SWING
13050,0.750,-0.630,-0.202,1.000,-35.2,-28.4,156.8,163.19,ARM_SWING
13100,0.629,-0.462,-0.141,0.793,-25.2,-7.4,131.5,134.10,ARM_SWING
13150,0.492,-0.363,-0.151,0.630,-2.1,-10.7,90.7,91.35,ARM_SWING
13200,0.440,-0.275,-0.161,0.543,-33.3,-5.2,41.0,53.07,ARM_SWING
13250,0.408,-0.266,-0.181,0.520,-68.3,14.5,-13.8,71.17,ARM_SWING
13300,0.462,-0.343,-0.269,0.635,-70.2,37.5,-57.1,97.95,ARM_SWING
13350,0.512,-0.467,-0.386,0.793,-11.2,43.1,-92.4,102.57,ARM_SWING
13400,0.597,-0.585,-0.400,0.927,39.2,66.5,-128.2,149.65,ARM_SWING
13450,0.702,-0.735,-0.566,1.163,66.0,67.7,-136.3,165.88,ARM_SWING
13500,0.780,-0.759,-0.407,1.162,96.2,41.4,-147.0,180.49,ARM_SWING
13550,0.820,-0.819,-0.304,1.198,119.3,21.7,-153.5,195.62,ARM_SWING
13600,0.864,-0.857,-0.240,1.240,78.6,14.6,-151.1,170.95,ARM_SWING
13650,0.885,-0.870,-0.309,1.279,27.4,11.4,-132.6,135.88,ARM_SWING
13700,0.867,-0.956,-0.361,1.340,21.9,7.9,-105.8,108.33,ARM_SWING
13750,0.775,-1.007,-0.412,1.336,17.7,-1.4,-56.5,59.22,ARM_SWING
13800,0.844,-1.034,-0.674,1.495,50.8,15.4,-25.8,59.02,ARM_SWING
13850,0.651,-0.924,-0.466,1.223,51.8,-30.3,36.6,70.29,ARM_SWING
13900,0.673,-0.904,-0.409,1.199,-53.5,-34.8,61.8,88.84,ARM_SWING
13950,0.736,-0.917,-0.403,1.243,-40.1,-30.1,84.5,98.26,ARM_SWING
14000,0.787,-0.943,-0.370,1.283,19.2,-27.6,107.8,112.92,ARM_SWING
14050,0.823,-0.944,-0.346,1.299,-18.4,-29.4,131.0,135.51,ARM_SWING
14100,0.813,-0.896,-0.351,1.260,-39.6,-31.0,146.6,154.99,ARM_SWING
14150,0.804,-0.868,-0.317,1.225,-48.4,-32.0,149.8,160.64,ARM_SWING
14200,0.794,-0.789,-0.284,1.155,-46.6,-25.8,147.9,157.20,ARM_SWING
14250,0.718,-0.701,-0.249,1.034,-22.4,-30.4,136.6,141.72,ARM_SWING
14300,0.606,-0.580,-0.232,0.870,-7.3,-15.4,115.0,116.26,ARM_SWING
14350,0.511,-0.458,-0.201,0.715,-11.3,-8.4,95.6,96.63,ARM_SWING
14400,0.433,-0.357,-0.192,0.593,-44.5,-3.7,54.4,70.38,ARM_SWING
14450,0.376,-0.316,-0.188,0.526,-65.1,11.2,13.4,67.40,ARM_SWING
14500,0.375,-0.302,-0.289,0.562,-47.0,22.2,-32.4,61.25,ARM_SWING
14550,0.431,-0.389,-0.337,0.671,3.2,43.6,-81.2,92.22,ARM_SWING
14600,0.528,-0.527,-0.368,0.832,68.1,40.2,-123.5,146.65,ARM_SWING
14650,0.687,-0.708,-0.379,1.057,86.1,56.4,-156.9,187.65,ARM_SWING
14700,0.769,-0.827,-0.340,1.179,108.4,24.0,-165.1,198.96,ARM_SWING
14750,0.838,-0.900,-0.306,1.267,104.1,10.9,-171.8,201.17,ARM_SWING
14800,0.884,-0.956,-0.284,1.333,70.9,11.4,-166.1,180.96,ARM_SWING
14850,0.881,-1.007,-0.330,1.378,28.9,15.7,-145.7,149.37,ARM_SWING
14900,0.803,-1.094,-0.355,1.403,5.1,10.7,-104.9,105.57,ARM_SWING
14950,0.701,-1.115,-0.440,1.389,-5.6,11.2,-47.4,49.03,ARM_SWING
15000,0.619,-0.976,-0.569,1.288,-96.9,65.1,-22.6,118.90,ARM_SWING
15050,0.602,-1.034,-0.603,1.340,44.8,-35.6,35.0,67.08,ARM_SWING
15100,0.650,-1.015,-0.393,1.268,-63.2,-46.4,68.8,104.31,ARM_SWING
15150,0.761,-0.976,-0.398,1.300,-53.1,-36.6,89.6,110.40,ARM_SWING
15200,0.843,-0.952,-0.342,1.317,12.1,-37.4,117.6,124.00,ARM_SWING
15250,0.900,-0.928,-0.311,1.330,-9.1,-35.4,137.5,142.28,ARM_SWING
15300,0.868,-0.913,-0.304,1.296,-28.2,-27.4,150.1,155.16,ARM_SWING
15350,0.856,-0.833,-0.297,1.231,-44.2,-20.4,155.6,163.04,ARM_SWING
15400,0.794,-0.731,-0.275,1.114,-44.5,-14.5,155.0,161.91,ARM_SWING
15450,0.701,-0.599,-0.244,0.954,-27.7,-14.2,144.4,147.72,ARM_SWING
15500,0.569,-0.506,-0.219,0.792,-11.2,-19.8,124.5,126.56,ARM_SWING
15550,0.452,-0.358,-0.190,0.607,-34.5,-5.0,89.6,96.14,ARM_SWING
15600,0.329,-0.251,-0.137,0.436,-62.3,11.9,43.5,76.91,ARM_SWING
15650,0.300,-0.228,-0.221,0.437,-62.7,26.2,-20.3,70.92,ARM_SWING
15700,0.366,-0.301,-0.296,0.559,-13.9,33.8,-75.8,84.15,ARM_SWING
15750,0.502,-0.496,-0.401,0.812,46.2,44.8,-121.3,137.31,ARM_SWING
15800,0.632,-0.647,-0.388,0.984,84.1,50.4,-157.0,185.10,ARM_SWING
15850,0.746,-0.789,-0.360,1.144,100.5,53.0,-179.6,212.52,ARM_SWING
15900,0.844,-0.924,-0.303,1.288,110.8,39.8,-177.4,212.91,ARM_SWING
15950,0.885,-0.959,-0.325,1.345,77.1,32.2,-180.3,198.72,ARM_SWING
16000,0.929,-0.973,-0.359,1.392,36.2,20.9,-163.0,168.27,ARM_SWING
16050,0.914,-0.921,-0.363,1.347,-9.0,14.5,-128.1,129.23,ARM_SWING
16100,0.865,-0.859,-0.360,1.271,1.4,0.0,-87.6,87.61,ARM_SWING
16150,0.806,-0.903,-0.435,1.286,2.5,-25.0,-33.5,41.87,ARM_SWING
16200,0.671,-0.872,-0.125,1.107,14.0,21.4,-32.9,41.67,ARM_SWING
16250,0.777,-0.864,-0.431,1.239,-7.7,-34.2,30.1,46.21,ARM_SWING
16300,0.784,-0.867,-0.449,1.252,-38.6,-32.4,63.0,80.68,ARM_SWING
16350,0.849,-0.897,-0.480,1.325,1.8,-37.7,98.3,105.30,ARM_SWING
16400,0.921,-0.883,-0.415,1.342,24.3,-43.7,134.6,143.59,ARM_SWING
16450,0.976,-0.860,-0.378,1.355,-6.8,-46.6,158.2,165.06,ARM_SWING
16500,0.968,-0.821,-0.345,1.315,-27.3,-49.4,173.8,182.74,ARM_SWING
16550,0.904,-0.765,-0.269,1.214,-35.8,-47.3,172.6,182.51,ARM_SWING
16600,0.774,-0.687,-0.274,1.071,-26.1,-35.2,164.2,169.95,ARM_SWING
16650,0.637,-0.586,-0.244,0.899,-19.2,-24.9,144.0,147.39,ARM_SWING
16700,0.514,-0.465,-0.196,0.720,-4.3,-17.9,113.3,114.79,ARM_SWING
16750,0.421,-0.345,-0.205,0.582,-24.9,-12.1,73.6,78.63,ARM_SWING
16800,0.337,-0.280,-0.158,0.466,-60.5,-1.8,25.1,65.52,ARM_SWING
16850,0.327,-0.299,-0.215,0.492,-64.4,18.2,-29.9,73.30,ARM_SWING
16900,0.401,-0.371,-0.287,0.617,-17.8,29.8,-77.9,85.28,ARM_SWING
16950,0.509,-0.500,-0.353,0.796,49.6,43.6,-124.8,141.20,ARM_SWING
17000,0.622,-0.654,-0.281,0.945,54.7,53.3,-173.3,189.38,ARM_SWING
17050,0.801,-0.793,-0.489,1.229,91.4,51.9,-189.4,216.61,ARM_SWING
17100,0.913,-0.888,-0.353,1.322,101.0,22.7,-188.3,214.88,ARM_SWING
17150,0.955,-0.919,-0.291,1.357,81.6,7.4,-175.0,193.23,ARM_SWING
17200,0.959,-0.919,-0.302,1.362,28.6,11.9,-147.7,150.91,ARM_SWING
17250,0.930,-0.839,-0.341,1.298,-25.7,21.1,-112.7,117.50,ARM_SWING
17300,0.904,-0.848,-0.415,1.307,11.8,3.5,-76.5,77.48,ARM_SWING
17350,0.736,-0.767,-0.569,1.206,-3.6,-49.2,-16.8,52.11,ARM_SWING
17400,0.560,-0.902,-0.227,1.086,22.3,26.7,-7.1,35.50,ARM_SWING
17450,0.672,-0.876,-0.444,1.190,-3.5,-23.3,39.3,45.82,ARM_SWING
17500,0.694,-0.910,-0.403,1.213,-36.3,-17.9,65.3,76.83,ARM_SWING
17550,0.769,-0.985,-0.404,1.313,1.1,-31.1,95.9,100.82,ARM_SWING
17600,0.877,-1.017,-0.377,1.395,25.6,-31.7,131.1,137.29,ARM_SWING
17650,0.931,-1.007,-0.345,1.414,-6.5,-37.4,166.0,170.29,ARM_SWING
17700,0.952,-0.967,-0.341,1.399,-32.0,-29.4,184.8,189.84,ARM_SWING
17750,0.925,-0.935,-0.320,1.354,-39.6,-29.2,189.3,195.59,ARM_SWING
17800,0.883,-0.775,-0.284,1.209,-33.5,-24.9,184.8,189.46,ARM_SWING
17850,0.753,-0.572,-0.207,0.968,-14.7,-17.2,169.8,171.30,ARM_SWING
17900,0.556,-0.408,-0.181,0.713,1.7,-10.5,136.2,136.61,ARM_SWING
17950,0.373,-0.244,-0.167,0.476,-15.8,-5.3,83.0,84.66,ARM_SWING
18000,0.280,-0.201,-0.144,0.374,-65.5,13.0,20.3,69.79,ARM_SWING
18050,0.258,-0.263,-0.208,0.423,-84.5,32.5,-40.0,98.98,ARM_SWING
18100,0.350,-0.387,-0.269,0.587,-53.6,49.2,-95.3,119.90,ARM_SWING
18150,0.456,-0.547,-0.343,0.790,23.8,62.8,-135.0,150.78,ARM_SWING
18200,0.639,-0.658,-0.361,0.986,65.1,84.7,-165.6,197.07,ARM_SWING
18250,0.810,-0.742,-0.360,1.156,81.3,79.3,-189.1,220.58,ARM_SWING
18300,0.932,-0.892,-0.394,1.349,110.8,60.2,-194.1,231.46,ARM_SWING
18350,0.992,-0.984,-0.447,1.467,115.6,26.1,-184.4,219.20,ARM_SWING
18400,0.935,-1.037,-0.457,1.469,93.0,-0.8,-153.6,179.56,ARM_SWING
18450,0.820,-1.068,-0.415,1.409,19.2,-11.6,-107.7,110.01,ARM_SWING
18500,0.747,-1.020,-0.415,1.331,-24.9,-3.0,-66.1,70.70,ARM_SWING
18550,0.573,-1.105,-0.228,1.265,-170.3,56.0,-30.9,181.91,ARM_SWING
18600,0.739,-1.010,-0.528,1.358,28.7,-11.9,22.2,38.19,ARM_SWING
18650,0.714,-1.028,-0.342,1.298,-37.5,-48.8,77.0,98.57,ARM_SWING
18700,0.793,-1.003,-0.350,1.326,-30.4,-37.4,107.8,118.08,ARM_SWING
18750,0.881,-0.974,-0.370,1.364,23.8,-30.4,135.8,141.18,ARM_SWING
18800,0.911,-0.957,-0.326,1.361,0.2,-34.2,168.4,171.84,ARM_SWING
18850,0.887,-0.897,-0.330,1.304,-35.2,-22.7,174.8,179.75,ARM_SWING
18900,0.793,-0.837,-0.376,1.213,-46.0,-28.4,175.3,183.45,ARM_SWING
18950,0.731,-0.787,-0.338,1.126,-42.9,-28.7,162.8,170.79,ARM_SWING
19000,0.620,-0.627,-0.297,0.930,-15.3,-26.1,147.2,150.28,ARM_SWING
19050,0.485,-0.473,-0.256,0.724,1.8,-14.7,117.5,118.43,ARM_SWING
19100,0.396,-0.334,-0.224,0.564,-26.4,-3.2,74.2,78.82,ARM_SWING
19150,0.317,-0.285,-0.183,0.464,-59.7,1.3,24.2,64.43,ARM_SWING
19200,0.315,-0.283,-0.198,0.467,-68.4,20.0,-29.8,77.24,ARM_SWING
19250,0.365,-0.360,-0.253,0.572,-19.4,38.4,-79.7,90.57,ARM_SWING
19300,0.463,-0.487,-0.324,0.746,55.5,56.7,-120.2,144.02,ARM_SWING
19350,0.610,-0.650,-0.330,0.951,82.9,64.1,-159.1,190.51,ARM_SWING
19400,0.749,-0.755,-0.472,1.164,108.3,40.5,-175.8,210.42,ARM_SWING
19450,0.854,-0.858,-0.330,1.255,111.1,14.9,-185.4,216.65,ARM_SWING
19500,0.909,-0.910,-0.265,1.313,85.4,3.5,-172.3,192.33,ARM_SWING
19550,0.931,-0.966,-0.227,1.361,22.7,9.3,-165.8,167.60,ARM_SWING
19600,0.926,-1.017,-0.270,1.402,-27.3,18.9,-129.9,134.08,ARM_SWING
19650,0.838,-0.953,-0.386,1.326,-11.0,17.9,-91.2,93.59,ARM_SWING
19700,0.699,-0.982,-0.458,1.289,7.5,4.4,-51.3,52.03,ARM_SWING
19750,0.761,-0.979,-0.648,1.399,35.2,5.3,-14.9,38.59,ARM_SWING
19800,0.681,-0.936,-0.429,1.234,41.2,-43.4,43.1,73.75,ARM_SWING
19850,0.754,-0.936,-0.397,1.266,-70.2,-45.5,72.5,110.70,ARM_SWING
19900,0.837,-0.919,-0.405,1.307,-33.1,-38.2,99.6,111.69,ARM_SWING
19950,0.900,-0.925,-0.385,1.347,26.1,-35.9,128.7,136.14,ARM_SWING
20000,0.938,-0.912,-0.339,1.351,-4.8,-36.6,153.3,157.68,ARM_SWING
20050,0.913,-0.900,-0.333,1.325,-18.5,-33.6,168.1,172.42,ARM_SWING
20100,0.860,-0.890,-0.302,1.274,-34.0,-35.9,175.2,182.04,ARM_SWING
20150,0.800,-0.797,-0.309,1.171,-35.2,-26.3,174.3,179.75,ARM_SWING
20200,0.665,-0.601,-0.218,0.922,-16.2,-18.2,158.7,160.56,ARM_SWING
20250,0.508,-0.440,-0.186,0.697,2.6,-15.1,129.8,130.70,ARM_SWING
20300,0.383,-0.295,-0.196,0.522,-53.4,-6.1,85.1,100.65,ARM_SWING
20350,0.306,-0.232,-0.162,0.417,-70.4,1.6,26.8,75.35,ARM_SWING
20400,0.302,-0.239,-0.254,0.461,-75.5,26.1,-31.0,85.69,ARM_SWING
20450,0.357,-0.345,-0.315,0.588,-35.7,36.8,-82.3,96.96,ARM_SWING
20500,0.450,-0.524,-0.360,0.779,41.3,60.1,-122.5,142.56,ARM_SWING
20550,0.572,-0.652,-0.440,0.973,79.3,57.4,-151.2,180.12,ARM_SWING
20600,0.686,-0.702,-0.336,1.037,108.7,45.7,-177.3,212.93,ARM_SWING
20650,0.868,-0.827,-0.412,1.268,115.4,35.4,-194.2,228.66,ARM_SWING
20700,0.915,-0.964,-0.281,1.358,91.2,11.2,-186.3,207.73,ARM_SWING
20750,0.935,-1.014,-0.329,1.418,54.1,2.4,-159.2,168.16,ARM_SWING
20800,0.886,-1.004,-0.302,1.373,10.9,10.9,-126.7,127.63,ARM_SWING
20850,0.822,-1.001,-0.334,1.338,-1.2,14.5,-83.7,84.96,ARM_SWING
20900,0.746,-0.966,-0.307,1.259,-27.0,7.0,-32.6,42.90,ARM_SWING
20950,0.507,-0.891,0.004,1.025,54.8,-22.7,-10.5,60.24,ARM_SWING
21000,0.720,-0.901,-0.431,1.231,35.8,-27.3,42.0,61.57,ARM_SWING
21050,0.772,-0.969,-0.413,1.306,-42.0,-20.9,70.7,84.85,ARM_SWING
21100,0.833,-0.907,-0.387,1.291,-55.3,-24.9,101.7,118.41,ARM_SWING
21150,0.896,-0.967,-0.367,1.368,37.5,-34.1,137.7,146.73,ARM_SWING
21200,0.938,-1.022,-0.348,1.430,-7.9,-29.4,167.3,170.05,ARM_SWING
21250,0.941,-0.977,-0.304,1.390,-38.9,-38.9,186.3,194.25,ARM_SWING
21300,0.906,-0.911,-0.237,1.306,-51.7,-37.6,195.3,205.50,ARM_SWING
21350,0.784,-0.677,-0.131,1.044,-57.8,-24.9,178.7,189.46,ARM_SWING
21400,0.605,-0.421,-0.142,0.751,-35.9,-14.6,138.9,144.21,ARM_SWING
21450,0.442,-0.304,-0.115,0.549,-11.2,-0.2,92.7,93.37,ARM_SWING
21500,0.378,-0.205,-0.151,0.456,-41.4,12.3,41.3,59.76,ARM_SWING
21550,0.353,-0.167,-0.182,0.431,-72.5,26.7,-17.8,79.28,ARM_SWING
21600,0.403,-0.281,-0.280,0.565,-59.1,30.8,-70.9,97.30,ARM_SWING
21650,0.502,-0.442,-0.322,0.742,-6.9,49.9,-122.0,131.99,ARM_SWING
21700,0.654,-0.630,-0.508,1.041,49.2,65.6,-155.3,175.62,ARM_SWING
21750,0.803,-0.738,-0.443,1.177,80.7,63.8,-164.4,193.93,ARM_SWING
21800,0.875,-0.799,-0.417,1.256,99.7,59.1,-169.1,205.01,ARM_SWING
21850,0.889,-0.783,-0.388,1.247,149.8,15.6,-176.5,232.03,ARM_SWING
21900,0.906,-0.877,-0.282,1.292,127.9,-18.7,-171.1,214.44,ARM_SWING
21950,0.900,-0.975,-0.267,1.353,56.7,-19.3,-151.9,163.28,ARM_SWING
22000,0.866,-1.049,-0.297,1.392,0.1,-4.6,-100.4,100.51,ARM_SWING
22050,0.672,-1.105,-0.635,1.441,-20.0,-35.9,1.6,41.13,ARM_SWING
22100,0.645,-0.904,-0.095,1.115,33.6,6.4,1.0,34.22,ARM_SWING
22150,0.701,-0.937,-0.367,1.226,25.7,-24.9,51.4,62.63,ARM_SWING
22200,0.730,-1.010,-0.394,1.307,-52.3,-22.1,88.6,105.23,ARM_SWING
22250,0.817,-0.972,-0.427,1.340,-22.1,-17.7,116.5,119.89,ARM_SWING
22300,0.874,-0.931,-0.362,1.327,5.1,-23.4,144.2,146.18,ARM_SWING
22350,0.892,-0.903,-0.328,1.311,-32.7,-23.7,158.2,163.27,ARM_SWING
22400,0.864,-0.882,-0.301,1.271,-55.1,-23.6,163.3,173.95,ARM_SWING
22450,0.813,-0.836,-0.282,1.200,-64.0,-26.8,162.7,176.88,ARM_SWING
22500,0.725,-0.790,-0.297,1.113,-45.0,-31.4,157.7,166.97,ARM_SWING
22550,0.637,-0.649,-0.235,0.939,-18.9,-23.2,141.6,144.73,ARM_SWING
22600,0.519,-0.521,-0.199,0.762,1.0,-16.2,117.1,118.22,ARM_SWING
22650,0.406,-0.380,-0.201,0.591,-30.1,-5.3,81.0,86.57,ARM_SWING
22700,0.347,-0.283,-0.193,0.488,-65.4,5.3,36.6,75.13,ARM_SWING
22750,0.297,-0.262,-0.298,0.496,-65.8,19.9,-16.3,70.65,ARM_SWING
22800,0.305,-0.335,-0.353,0.574,-15.2,22.0,-68.9,73.91,ARM_SWING
22850,0.372,-0.557,-0.398,0.779,60.8,39.7,-108.6,130.64,ARM_SWING
22900,0.524,-0.718,-0.449,0.996,93.3,38.3,-135.5,168.91,ARM_SWING
22950,0.577,-0.821,-0.386,1.075,105.2,23.8,-153.1,187.28,ARM_SWING
23000,0.710,-0.882,-0.353,1.186,85.9,-1.5,-154.0,176.34,ARM_SWING
23050,0.771,-0.919,-0.279,1.232,54.1,-11.2,-153.0,162.67,ARM_SWING
23100,0.768,-0.892,-0.263,1.206,37.6,-25.0,-138.7,145.86,ARM_SWING
23150,0.763,-0.860,-0.230,1.172,20.2,-20.5,-132.0,135.10,ARM_SWING
23200,0.813,-0.927,-0.362,1.285,31.1,-17.0,-120.6,125.70,ARM_SWING
23250,0.797,-0.984,-0.375,1.321,24.6,-9.9,-99.3,102.78,ARM_SWING
23300,0.770,-1.171,-0.301,1.433,1.4,22.8,-63.4,67.39,ARM_SWING
23350,0.541,-1.026,-0.536,1.278,51.1,33.3,-11.2,62.01,ARM_SWING
23400,0.569,-0.972,-0.535,1.247,-34.4,4.9,33.8,48.47,ARM_SWING
23450,0.677,-0.995,-0.504,1.305,-46.4,-5.8,61.7,77.42,ARM_SWING
23500,0.822,-1.033,-0.420,1.385,7.5,-18.1,98.1,100.04,ARM_SWING
23550,0.895,-1.042,-0.388,1.427,-9.3,-23.4,142.2,144.41,ARM_SWING
23600,0.905,-1.038,-0.371,1.426,-33.2,-26.1,172.3,177.40,ARM_SWING
23650,0.902,-0.968,-0.316,1.360,-40.3,-22.1,185.8,191.40,ARM_SWING
23700,0.859,-0.819,-0.284,1.220,-35.6,-25.8,186.9,192.00,ARM_SWING
23750,0.747,-0.671,-0.202,1.024,-28.3,-20.1,166.2,169.79,ARM_SWING
23800,0.653,-0.511,-0.151,0.843,-13.5,-8.8,141.4,142.32,ARM_SWING
23850,0.554,-0.376,-0.143,0.685,9.6,-2.0,109.8,110.24,ARM_SWING
23900,0.451,-0.277,-0.157,0.552,-34.0,4.0,69.1,77.12,ARM_SWING
23950,0.345,-0.215,-0.172,0.441,-81.8,15.6,15.6,84.72,ARM_SWING
24000,0.318,-0.227,-0.265,0.472,-91.3,38.9,-44.3,108.68,ARM_SWING
24050,0.418,-0.366,-0.427,0.701,-33.0,44.1,-89.8,105.35,ARM_SWING
24100,0.530,-0.549,-0.417,0.870,35.6,58.1,-131.8,148.37,ARM_SWING
24150,0.678,-0.715,-0.545,1.126,75.2,63.9,-157.4,185.78,ARM_SWING
24200,0.769,-0.786,-0.403,1.171,101.2,46.2,-174.2,206.69,ARM_SWING
24250,0.830,-0.860,-0.360,1.248,142.3,23.9,-187.6,236.67,ARM_SWING
24300,0.845,-0.915,-0.254,1.271,116.1,21.4,-194.0,227.10,ARM_SWING
24350,0.933,-1.097,-0.346,1.481,68.0,12.1,-179.0,191.86,ARM_SWING
24400,0.915,-1.118,-0.276,1.471,35.0,-10.7,-121.5,126.89,ARM_SWING
24450,0.755,-1.195,-0.313,1.448,26.6,-13.8,-61.4,68.32,ARM_SWING
24500,0.610,-1.030,-0.582,1.331,-51.9,-36.4,6.3,63.70,ARM_SWING
24550,0.580,-1.088,-0.160,1.243,22.9,28.4,26.3,44.97,ARM_SWING
24600,0.747,-0.989,-0.353,1.289,-53.1,-20.9,80.9,99.00,ARM_SWING
24650,0.802,-0.965,-0.287,1.287,-72.1,-15.4,102.1,125.94,ARM_SWING
24700,0.904,-0.920,-0.286,1.321,-12.4,-20.3,127.1,129.31,ARM_SWING
24750,0.943,-0.915,-0.295,1.347,-14.4,-22.9,151.6,153.99,ARM_SWING
24800,0.907,-0.924,-0.258,1.320,-47.1,-23.6,168.4,176.45,ARM_SWING
24850,0.868,-0.892,-0.289,1.278,-65.8,-11.6,180.3,192.28,ARM_SWING
24900,0.800,-0.791,-0.263,1.155,-75.6,-11.5,179.0,194.65,ARM_SWING
24950,0.690,-0.629,-0.240,0.964,-52.0,-12.6,164.1,172.60,ARM_SWING
25000,0.537,-0.415,-0.203,0.708,-26.8,-19.9,129.1,133.35,ARM_SWING
25050,0.414,-0.288,-0.215,0.548,-40.0,-13.6,82.5,92.69,ARM_SWING
25100,0.338,-0.234,-0.182,0.450,-55.0,-4.9,26.1,61.08,ARM_SWING
25150,0.330,-0.263,-0.230,0.481,-46.2,18.1,-33.8,60.04,ARM_SWING
25200,0.393,-0.399,-0.240,0.609,-17.7,57.3,-80.0,99.98,ARM_SWING
25250,0.527,-0.498,-0.476,0.867,45.6,81.9,-113.8,147.44,ARM_SWING
25300,0.648,-0.541,-0.409,0.938,76.6,68.1,-152.1,183.41,ARM_SWING
25350,0.789,-0.697,-0.471,1.153,133.0,39.8,-181.1,228.19,ARM_SWING
25400,0.884,-0.841,-0.320,1.261,176.1,-15.6,-196.2,264.10,ARM_SWING
25450,0.924,-1.006,-0.305,1.400,146.5,-34.7,-189.2,241.79,ARM_SWING
25500,0.924,-1.033,-0.236,1.406,72.5,-38.0,-166.5,185.53,ARM_SWING
25550,0.876,-1.068,-0.291,1.412,4.4,-21.2,-134.2,135.94,ARM_SWING
25600,0.776,-1.036,-0.300,1.329,-17.0,-14.0,-86.3,89.07,ARM_SWING
25650,0.703,-1.022,-0.373,1.295,-25.8,-17.2,-40.1,50.69,ARM_SWING
25700,0.668,-0.988,-0.423,1.265,20.2,-30.5,-0.4,36.58,ARM_SWING
25750,0.658,-0.949,-0.332,1.202,16.9,-34.6,60.9,72.05,ARM_SWING
25800,0.740,-0.935,-0.392,1.255,-70.7,-27.6,92.1,119.34,ARM_SWING
25850,0.814,-0.931,-0.386,1.296,-36.2,-23.1,122.3,129.62,ARM_SWING
25900,0.871,-0.933,-0.396,1.336,15.0,-20.0,152.7,154.73,ARM_SWING
25950,0.870,-0.895,-0.351,1.297,-6.5,-15.8,171.3,172.15,ARM_SWING
26000,0.856,-0.884,-0.360,1.282,-23.0,-12.3,178.3,180.20,ARM_SWING
26050,0.820,-0.829,-0.320,1.209,-28.2,-18.8,178.9,182.08,ARM_SWING
26100,0.719,-0.710,-0.309,1.057,-11.9,-17.0,166.1,167.39,ARM_SWING
26150,0.589,-0.569,-0.280,0.865,4.4,-10.9,140.0,140.49,ARM_SWING
26200,0.472,-0.427,-0.248,0.683,-18.1,-7.0,102.0,103.83,ARM_SWING
26250,0.373,-0.320,-0.220,0.538,-49.4,-3.4,52.0,71.80,ARM_SWING
26300,0.319,-0.285,-0.207,0.475,-75.5,13.5,-2.0,76.72,ARM_SWING
26350,0.351,-0.308,-0.243,0.526,-48.4,24.5,-58.1,79.49,ARM_SWING
26400,0.428,-0.438,-0.300,0.682,26.2,41.7,-106.3,117.15,ARM_SWING
26450,0.537,-0.592,-0.351,0.873,75.1,44.7,-144.9,169.22,ARM_SWING
26500,0.665,-0.657,-0.311,0.985,105.6,34.5,-175.6,207.79,ARM_SWING
26550,0.840,-0.855,-0.359,1.251,133.0,1.6,-198.5,238.94,ARM_SWING
26600,0.942,-1.188,-0.235,1.534,116.9,-27.4,-183.4,219.21,ARM_SWING
26650,0.897,-1.082,-0.181,1.417,34.4,-25.7,-149.5,155.54,ARM_SWING
26700,0.865,-0.880,-0.193,1.249,-4.6,-16.6,-125.4,126.58,ARM_SWING
26750,0.820,-0.813,-0.250,1.181,-17.7,-3.5,-110.1,111.57,ARM_SWING
26800,0.779,-0.853,-0.305,1.195,3.8,-7.4,-91.9,92.28,ARM_SWING
26850,0.828,-0.857,-0.343,1.240,10.1,0.0,-67.9,68.65,ARM_SWING
26900,0.571,-1.132,-0.478,1.355,60.4,24.9,-14.2,66.86,ARM_SWING
26950,0.626,-1.058,-0.539,1.342,-18.4,-6.0,46.2,50.09,ARM_SWING
27000,0.709,-1.014,-0.470,1.324,-51.9,-30.3,89.7,107.97,ARM_SWING
27050,0.823,-0.951,-0.408,1.322,-6.7,-30.7,118.5,122.60,ARM_SWING
27100,0.910,-0.929,-0.307,1.336,49.5,-27.5,146.9,157.44,ARM_SWING
27150,0.957,-0.879,-0.248,1.323,7.4,-18.7,163.1,164.34,ARM_SWING
27200,0.929,-0.830,-0.209,1.263,-18.9,-17.2,167.5,169.44,ARM_SWING
27250,0.850,-0.781,-0.212,1.174,-49.4,-12.7,166.2,173.85,ARM_SWING
27300,0.739,-0.696,-0.182,1.031,-56.9,-3.0,153.5,163.73,ARM_SWING
27350,0.620,-0.516,-0.202,0.832,-31.5,0.0,129.9,133.66,ARM_SWING
27400,0.495,-0.382,-0.200,0.656,-4.3,-3.7,95.2,95.37,ARM_SWING
27450,0.424,-0.317,-0.202,0.567,-47.8,2.8,48.0,67.80,ARM_SWING
27500,0.404,-0.306,-0.231,0.557,-75.6,18.0,-0.7,77.72,ARM_SWING
27550,0.411,-0.314,-0.293,0.594,-55.7,26.1,-51.6,80.29,ARM_SWING
27600,0.479,-0.364,-0.369,0.706,-3.5,42.1,-102.3,110.68,ARM_SWING
27650,0.642,-0.496,-0.398,0.904,46.0,44.5,-145.1,158.59,ARM_SWING
27700,0.732,-0.666,-0.333,1.044,71.3,47.5,-177.8,197.36,ARM_SWING
27750,0.880,-0.843,-0.397,1.282,90.2,55.5,-192.5,219.71,ARM_SWING
27800,0.988,-0.953,-0.344,1.415,96.0,32.4,-179.8,206.38,ARM_SWING
27850,0.980,-0.937,-0.293,1.387,76.6,19.1,-155.6,174.48,ARM_SWING
27900,0.884,-0.963,-0.339,1.350,28.9,11.3,-128.9,132.58,ARM_SWING
27950,0.762,-0.981,-0.363,1.294,2.3,9.5,-96.0,96.50,ARM_SWING
28000,0.692,-1.071,-0.673,1.442,-5.1,-15.2,-40.6,43.65,ARM_SWING
28050,0.540,-1.079,-0.370,1.262,22.5,-14.5,-10.4,28.72,ARM_SWING
28100,0.653,-1.090,-0.400,1.332,11.4,-27.1,60.2,67.00,ARM_SWING
28150,0.746,-1.043,-0.409,1.346,-55.0,-43.5,105.9,127.01,ARM_SWING
28200,0.874,-0.983,-0.387,1.371,-24.7,-33.9,133.9,140.32,ARM_SWING
28250,0.980,-0.964,-0.348,1.418,30.9,-37.3,164.3,171.29,ARM_SWING
28300,1.003,-0.944,-0.302,1.410,-5.9,-34.3,184.0,187.26,ARM_SWING
28350,0.938,-0.880,-0.281,1.317,-35.6,-29.6,194.6,200.03,ARM_SWING
28400,0.815,-0.831,-0.282,1.198,-54.8,-28.9,190.8,200.61,ARM_SWING
28450,0.717,-0.689,-0.250,1.025,-45.9,-23.5,174.7,182.15,ARM_SWING
28500,0.570,-0.481,-0.217,0.777,-12.8,-15.4,140.3,141.72,ARM_SWING
28550,0.415,-0.318,-0.171,0.550,-0.1,-11.9,91.2,91.97,ARM_SWING
28600,0.329,-0.217,-0.149,0.421,-54.1,4.7,31.9,62.98,ARM_SWING
28650,0.323,-0.198,-0.203,0.430,-83.9,23.8,-29.9,92.19,ARM_SWING
28700,0.385,-0.273,-0.282,0.550,-51.8,30.8,-91.2,109.31,ARM_SWING
28750,0.511,-0.472,-0.311,0.762,19.3,55.9,-140.1,152.07,ARM_SWING
28800,0.681,-0.605,-0.336,0.971,74.4,66.5,-171.7,198.59,ARM_SWING
28850,0.833,-0.733,-0.305,1.151,99.4,65.8,-192.7,226.59,ARM_SWING
28900,0.972,-0.974,-0.419,1.438,130.4,43.6,-190.1,234.61,ARM_SWING
28950,0.955,-0.952,-0.213,1.365,151.2,-10.7,-176.9,232.96,ARM_SWING
29000,0.953,-1.100,-0.213,1.471,103.1,-26.6,-153.1,186.49,ARM_SWING
29050,0.841,-1.129,-0.238,1.428,15.7,-8.6,-114.4,115.79,ARM_SWING
29100,0.726,-1.071,-0.346,1.339,-22.5,3.0,-81.2,84.31,ARM_SWING
29150,0.751,-0.923,0.181,1.204,-56.4,38.5,-56.2,88.44,ARM_SWING
29200,0.525,-1.133,-0.484,1.339,29.1,31.2,0.5,42.67,ARM_SWING
29250,0.631,-1.073,-0.399,1.307,-10.2,-28.7,59.0,66.40,ARM_SWING
29300,0.706,-1.011,-0.309,1.271,-63.9,-31.7,92.6,116.89,ARM_SWING
29350,0.791,-1.017,-0.372,1.341,-44.7,-20.2,113.9,124.01,ARM_SWING
29400,0.874,-1.020,-0.312,1.379,15.8,-25.4,143.8,146.88,ARM_SWING
29450,0.923,-1.029,-0.284,1.411,-19.6,-20.7,170.1,172.47,ARM_SWING
29500,0.918,-0.967,-0.257,1.358,-43.4,-25.8,186.9,193.60,ARM_SWING
29550,0.875,-0.878,-0.230,1.261,-49.4,-19.6,187.6,194.98,ARM_SWING
29600,0.745,-0.721,-0.153,1.048,-37.5,-10.4,178.9,183.08,ARM_SWING
29650,0.583,-0.530,-0.107,0.795,-24.9,16.5,151.0,153.93,ARM_SWING
29700,0.466,-0.371,-0.126,0.609,-10.2,27.8,111.8,115.66,ARM_SWING
29750,0.380,-0.233,-0.144,0.468,-53.5,30.5,56.2,83.37,ARM_SWING
29800,0.345,-0.180,-0.244,0.459,-74.5,27.9,-8.8,80.04,ARM_SWING
29850,0.362,-0.247,-0.250,0.505,-43.4,20.7,-71.8,86.41,ARM_SWING
29900,0.483,-0.414,-0.249,0.683,16.2,43.8,-135.1,142.94,ARM_SWING
29950,0.642,-0.612,-0.421,0.982,67.1,63.5,-176.2,198.95,ARM_SWING
Recording stopped

Samples dumped: 600
